TR024 -Ba mag compass orientation (IGRF corrected)
 1147.9 103.3  75.0  23.9  30.7   1.0
NRM    123.4 -05.7 125.6 -35.9 3.23E-05 001.8 089.6 -20.9 0.090971 0.063325 0.044299 hargrave 2017-10-13 15:29:11 
TT 100 128.5 -15.1 133.9 -44.5 3.55E-05 002.3 080.6 -27.7 0.137632 0.049493 0.050901 hargrave 2017-10-15 14:28:43 
TT 200 130.6 -16.7 137.1 -45.6 3.75E-05 003.7 079.2 -30.0 0.239605 0.111626 0.042410 hargrave 2017-10-16 10:20:50 
TT 300 132.1 -17.2 139.3 -45.8 3.86E-05 001.7 078.8 -31.4 0.099974 0.078543 0.047291 hargrave 2017-10-16 19:01:27 
TT 350 132.4 -18.7 140.2 -47.3 3.91E-05 002.0 077.0 -31.9 0.125123 0.080793 0.042627 hargrave 2017-10-17 16:05:13 
TT 400 133.0 -17.6 140.7 -46.1 3.95E-05 001.9 078.4 -32.4 0.105934 0.081404 0.044971 hargrave 2017-10-20 12:50:57 
TT 450 133.5 -17.3 141.1 -45.7 3.95E-05 002.3 078.8 -32.7 0.131217 0.101643 0.039730 hargrave 2017-10-22 16:24:22 
TT 475 133.3 -18.5 141.3 -46.9 3.92E-05 001.2 077.3 -32.7 0.067539 0.063483 0.029035 hargrave 2017-10-23 16:25:36 
TT 500 133.9 -17.4 141.7 -45.6 3.90E-05 001.9 078.8 -33.1 0.114840 0.084003 0.033027 hargrave 2017-10-24 14:36:31 
TT 525 134.6 -17.1 142.5 -45.2 3.88E-05 001.6 079.2 -33.7 0.066582 0.073786 0.059511 hargrave 2017-10-26 14:50:21 
TT 550 135.3 -16.6 143.2 -44.5 3.82E-05 001.5 079.9 -34.3 0.059396 0.073901 0.056732 hargrave 2017-10-27 11:38:45 
TT 555 135.2 -16.2 142.9 -44.2 3.79E-05 001.5 080.4 -34.2 0.049407 0.085663 0.052304 hargrave 2017-10-28 14:12:04 
TT 560 134.7 -17.7 142.8 -45.7 3.66E-05 001.8 078.6 -33.9 0.088499 0.049772 0.073375 hargrave 2017-10-31 18:57:32 
TT 565 134.3 -17.5 142.3 -45.6 3.67E-05 002.4 078.7 -33.5 0.117676 0.080149 0.061824 hargrave 2017-11-03 20:00:03 
TT 570 134.6 -17.1 142.6 -45.2 3.63E-05 003.5 079.2 -33.8 0.190290 0.102290 0.063612 hargrave 2017-11-05 19:25:39 
TT 575 135.1 -18.4 143.7 -46.3 3.60E-05 002.4 077.7 -34.4 0.134510 0.031385 0.070684 hargrave 2017-11-09 16:23:23 
TT 580 134.2 -16.7 141.9 -44.9 3.61E-05 002.4 079.6 -33.4 0.087978 0.088645 0.092995 hargrave 2017-11-14 11:56:51 
TT 600 134.2 -18.5 142.5 -46.7 3.64E-05 002.5 077.5 -33.5 0.112623 0.099915 0.078501 hargrave 2017-11-14 20:59:14 
TT 620 135.7 -20.6 145.4 -48.3 3.73E-05 002.1 075.1 -35.1 0.118407 0.069143 0.043592 hargrave 2017-11-17 20:12:33 
TT 630 136.1 -19.4 145.5 -47.0 3.73E-05 002.5 076.6 -35.5 0.140587 0.080282 0.042530 hargrave 2017-11-19 19:45:31 
TT 640 136.3 -19.4 145.7 -47.0 3.68E-05 001.3 076.6 -35.6 0.065671 0.039357 0.046917 hargrave 2017-11-21 18:49:55 
TT 645 136.3 -18.9 145.5 -46.5 3.65E-05 001.4 077.2 -35.6 0.066785 0.048723 0.046151 hargrave 2017-11-27 18:30:19 
TT 650 136.6 -19.5 146.1 -47.0 3.64E-05 001.2 076.6 -35.9 0.048788 0.049670 0.043395 hargrave 2017-11-28 16:52:23 
TT 655 136.6 -19.2 146.1 -46.7 3.68E-05 002.4 076.9 -35.9 0.135162 0.054319 0.061357 hargrave 2017-12-11 13:53:00 
TT 660 136.8 -19.4 146.4 -46.8 3.67E-05 001.6 076.7 -36.1 0.065240 0.082425 0.051858 hargrave 2017-12-12 13:33:04 
TT 665 137.1 -19.9 147.0 -47.2 3.51E-05 002.0 076.1 -36.4 0.082205 0.076421 0.061716 hargrave 2018-01-08 13:06:54 
TT 670 137.7 -20.2 147.8 -47.3 2.42E-05 001.9 075.8 -37.0 0.066535 0.053522 0.019644 hargrave 2018-01-10 16:10:54 
TT 672 135.2 -16.4 143.1 -44.3 1.51E-05 002.4 080.1 -34.3 0.053656 0.041219 0.016041 hargrave 2018-01-11 15:15:45 
TT 674 133.5 -11.2 139.2 -39.8 1.16E-05 002.2 085.9 -31.8 0.035866 0.031954 0.010011 hargrave 2018-01-12 16:25:02 
TT 676 146.3 -07.9 153.2 -33.1 8.25E-06 002.6 093.3 -43.5 0.029586 0.027470 0.008047 hargrave 2018-01-17 10:41:18 
TT 678 151.0  19.1 148.8 -05.9 2.35E-06 002.5 128.0 -36.1 0.007822 0.009638 0.004561 hargrave 2018-01-22 13:31:44 
TT 680 139.8 -17.0 149.2 -43.7 2.97E-06 002.9 080.0 -38.7 0.011478 0.010436 0.004637 hargrave 2018-01-25 10:14:08 
TT 682 162.1 -12.4 172.1 -31.1 2.49E-06 003.5 091.0 -59.6 0.013050 0.007312 0.003814 hargrave 2018-01-31 09:14:56 
TT 684 081.4 -00.3 077.2 -25.8 1.81E-06 003.3 083.7  21.1 0.003963 0.003767 0.011003 hargrave 2018-02-05 10:21:19 
TT 686 157.8  24.1 153.2  00.9 2.83E-06 003.7 137.9 -37.7 0.014161 0.010639 0.010515 hargrave 2018-02-07 12:22:22 
TT 688 088.4  03.7 085.8 -23.8 1.32E-06 003.7 089.7  15.4 0.005243 0.003463 0.007729 hargrave 2018-02-14 12:59:24 
TT 690 198.2  16.3 190.6  11.1 1.47E-06 003.5 188.9 -58.3 0.005328 0.006083 0.011759 hargrave 2018-02-26 17:00:24 
TT 692 059.9  32.5 069.6  12.0 2.60E-06 004.1 121.0  44.3 0.012349 0.012603 0.011548 hargrave 2018-03-02 10:36:20 
