TR024 -Ga mag compass orientation (IGRF corrected)
 1148.7 102.3  76.0  23.9  30.7   1.0
NRM    043.8 -12.3 034.8 -20.7 3.96E-05 001.8 051.4  49.1 0.103127 0.065355 0.052413 hargrave 2017-10-13 15:38:32 
TT 100 049.9 -21.4 035.0 -31.5 3.75E-05 001.9 046.8  38.9 0.068892 0.103984 0.046996 hargrave 2017-10-15 14:37:18 
TT 200 051.8 -26.7 033.3 -36.9 3.80E-05 001.9 043.3  34.0 0.107459 0.076373 0.061059 hargrave 2017-10-16 10:27:52 
TT 300 053.8 -28.1 034.1 -39.1 3.75E-05 001.6 043.5  31.8 0.050739 0.097779 0.057209 hargrave 2017-10-16 19:10:09 
TT 350 054.6 -29.4 033.9 -40.5 3.76E-05 001.9 042.9  30.4 0.068211 0.110610 0.061022 hargrave 2017-10-17 16:13:18 
TT 400 057.5 -28.6 037.3 -41.3 3.75E-05 002.4 045.4  29.0 0.111388 0.107308 0.051976 hargrave 2017-10-20 12:59:50 
TT 450 057.3 -31.5 034.8 -43.5 3.69E-05 003.7 042.8  27.3 0.163348 0.178373 0.048243 hargrave 2017-10-22 16:32:48 
TT 475 057.0 -33.0 033.3 -44.6 3.68E-05 001.5 041.3  26.6 0.051830 0.093573 0.044130 hargrave 2017-10-23 16:34:02 
TT 500 058.6 -32.5 035.1 -45.0 3.63E-05 001.5 042.6  25.8 0.057439 0.092627 0.047383 hargrave 2017-10-24 14:45:07 
TT 525 058.6 -33.3 034.5 -45.7 3.59E-05 002.1 041.9  25.3 0.078675 0.108902 0.050104 hargrave 2017-10-26 15:00:01 
TT 550 058.5 -34.0 033.9 -46.2 3.52E-05 001.5 041.3  24.9 0.047683 0.093854 0.039223 hargrave 2017-10-27 11:46:47 
TT 555 060.3 -32.0 037.2 -45.5 3.48E-05 001.5 044.0  25.0 0.041577 0.086062 0.045639 hargrave 2017-10-28 14:20:37 
TT 560 059.0 -33.6 034.6 -46.1 3.36E-05 002.2 041.9  24.8 0.058009 0.105110 0.070070 hargrave 2017-10-31 19:06:03 
TT 565 058.3 -34.4 033.3 -46.4 3.33E-05 002.3 040.9  24.8 0.059881 0.108378 0.077081 hargrave 2017-11-03 20:08:32 
TT 570 059.3 -33.5 035.0 -46.1 3.29E-05 002.1 042.1  24.8 0.056331 0.098089 0.077458 hargrave 2017-11-05 19:34:12 
TT 575 058.4 -35.0 032.9 -46.9 3.28E-05 002.1 040.4  24.4 0.064981 0.099305 0.069490 hargrave 2017-11-09 16:31:57 
TT 580 057.8 -34.7 032.5 -46.4 3.26E-05 002.4 040.3  24.9 0.059122 0.089034 0.090707 hargrave 2017-11-14 12:05:17 
TT 600 058.2 -35.1 032.5 -46.9 3.23E-05 002.4 040.2  24.4 0.069738 0.093269 0.082466 hargrave 2017-11-14 21:07:16 
TT 620 058.5 -36.2 031.9 -47.9 3.33E-05 002.4 039.5  23.5 0.075757 0.129937 0.042132 hargrave 2017-11-17 20:21:00 
TT 630 061.7 -33.6 037.2 -47.4 3.31E-05 001.5 043.4  23.1 0.045425 0.091531 0.042557 hargrave 2017-11-19 19:54:02 
TT 640 059.0 -37.1 031.5 -48.8 3.32E-05 002.0 039.0  22.7 0.062457 0.111293 0.040726 hargrave 2017-11-21 18:58:23 
TT 645 060.4 -37.0 032.9 -49.5 3.31E-05 002.1 039.8  21.8 0.065462 0.114486 0.042979 hargrave 2017-11-27 18:38:55 
TT 650 059.6 -38.0 031.1 -49.8 3.30E-05 002.3 038.6  21.7 0.071688 0.124133 0.042094 hargrave 2017-11-28 17:00:54 
TT 655 059.4 -38.8 030.0 -50.3 3.35E-05 001.5 037.7  21.3 0.049131 0.072466 0.037694 hargrave 2017-12-11 14:01:14 
TT 660 059.9 -39.2 030.2 -50.9 3.32E-05 001.9 037.7  20.7 0.055462 0.104487 0.025507 hargrave 2017-12-12 13:41:21 
TT 665 060.7 -38.7 031.4 -50.9 3.23E-05 002.4 038.5  20.6 0.071356 0.102928 0.059821 hargrave 2018-01-08 13:15:18 
TT 670 060.9 -40.9 029.3 -52.7 3.11E-05 001.7 036.8  19.1 0.047191 0.087462 0.048107 hargrave 2018-01-10 16:20:09 
TT 672 062.3 -40.9 030.6 -53.4 3.04E-05 001.5 037.6  18.2 0.075676 0.048953 0.048034 hargrave 2018-01-11 15:25:00 
TT 674 061.9 -42.9 027.8 -54.7 2.93E-05 001.8 035.7  17.2 0.082587 0.070406 0.050095 hargrave 2018-01-12 16:33:29 
TT 676 066.4 -38.2 037.6 -53.4 2.32E-05 003.7 041.9  17.3 0.103603 0.105013 0.040692 hargrave 2018-01-17 10:51:18 
TT 678 067.0 -36.3 040.1 -52.2 1.11E-05 001.4 043.8  18.0 0.017755 0.023196 0.020019 hargrave 2018-01-22 13:39:19 
TT 680 078.6 -18.1 066.6 -41.5 4.94E-06 001.4 065.6  17.2 0.005265 0.009366 0.012136 hargrave 2018-01-25 10:21:51 
TT 682 070.2 -17.4 057.6 -37.6 2.95E-06 002.2 062.9  24.8 0.009284 0.006464 0.005090 hargrave 2018-01-31 09:21:24 
TT 684 116.8  35.6 116.2  04.9 1.93E-06 003.4 127.9 -03.2 0.010010 0.005809 0.006178 hargrave 2018-02-05 10:30:30 
TT 686 096.6  20.7 097.6 -08.7 1.63E-06 003.9 109.0  10.1 0.009319 0.006093 0.004805 hargrave 2018-02-07 12:30:59 
TT 688 156.3 -74.4 264.4 -68.4 1.11E-06 003.4 010.2 -26.4 0.003651 0.005244 0.003417 hargrave 2018-02-14 13:07:01 
TT 690 103.9  70.7 109.6  40.2 1.62E-06 004.0 160.2  12.7 0.003891 0.004401 0.010533 hargrave 2018-02-26 17:05:09 
TT 692 052.6 -27.0 033.8 -37.6 6.66E-07 003.8 043.6  33.3 0.003452 0.004966 0.002438 hargrave 2018-03-02 10:42:17 
