TR024 -Aa mag compass orientation (IGRF corrected)
 1147.6  98.3  72.0  23.9  30.7   1.0
NRM    111.6 -20.4 110.5 -51.1 3.90E-05 003.1 073.8 -18.2 0.177676 0.051972 0.113038 hargrave 2017-10-13 15:27:44 
TT 100 115.8 -24.0 116.9 -54.7 4.13E-05 002.3 070.9 -22.8 0.137920 0.043491 0.094347 hargrave 2017-10-15 14:27:15 
TT 200 117.7 -25.6 120.1 -56.2 4.25E-05 001.4 069.5 -24.7 0.067006 0.049382 0.082462 hargrave 2017-10-16 10:19:41 
TT 300 118.8 -28.1 122.3 -58.6 4.32E-05 001.6 066.9 -26.1 0.091280 0.048839 0.091003 hargrave 2017-10-16 19:00:05 
TT 350 118.5 -30.5 122.2 -61.0 4.37E-05 002.2 064.2 -26.1 0.114991 0.110448 0.089401 hargrave 2017-10-17 16:03:51 
TT 400 119.6 -28.2 123.7 -58.6 4.44E-05 002.1 066.9 -26.8 0.140425 0.055145 0.089111 hargrave 2017-10-20 12:49:35 
TT 450 120.4 -26.9 124.6 -57.3 4.39E-05 003.4 068.4 -27.3 0.232186 0.096714 0.082892 hargrave 2017-10-22 16:22:55 
TT 475 120.5 -28.1 125.1 -58.5 4.32E-05 002.5 067.1 -27.6 0.172555 0.052478 0.079976 hargrave 2017-10-23 16:24:09 
TT 500 120.9 -30.4 126.3 -60.7 4.27E-05 002.8 064.6 -28.1 0.195619 0.059599 0.079295 hargrave 2017-10-24 14:35:03 
TT 525 121.2 -29.8 126.8 -60.1 4.21E-05 001.5 065.2 -28.4 0.082111 0.036055 0.080232 hargrave 2017-10-26 14:48:12 
TT 550 122.4 -25.5 127.5 -55.7 4.08E-05 002.8 070.3 -28.9 0.184969 0.052604 0.079887 hargrave 2017-10-27 11:36:35 
TT 555 122.1 -27.4 127.6 -57.6 4.04E-05 002.0 068.1 -28.9 0.123213 0.045059 0.076590 hargrave 2017-10-28 14:09:46 
TT 560 121.3 -27.7 126.3 -58.0 3.88E-05 001.9 067.6 -28.2 0.051112 0.044159 0.139149 hargrave 2017-10-31 18:56:05 
TT 565 122.3 -26.0 127.6 -56.1 3.82E-05 002.2 069.7 -28.9 0.111521 0.046916 0.108410 hargrave 2017-11-03 19:58:36 
TT 570 122.5 -26.4 127.9 -56.5 3.75E-05 003.0 069.3 -29.1 0.171998 0.054099 0.108006 hargrave 2017-11-05 19:24:12 
TT 575 122.6 -26.8 128.2 -56.9 3.72E-05 002.0 068.8 -29.2 0.085149 0.049246 0.111114 hargrave 2017-11-09 16:21:56 
TT 580 121.3 -27.2 126.2 -57.5 3.73E-05 002.6 068.2 -28.1 0.082097 0.066057 0.150553 hargrave 2017-11-14 11:54:35 
TT 600 122.0 -27.0 127.2 -57.2 3.66E-05 002.6 068.6 -28.7 0.106270 0.071069 0.135656 hargrave 2017-11-14 20:57:49 
TT 620 123.6 -28.4 130.3 -58.4 3.74E-05 003.3 067.1 -30.3 0.207110 0.058459 0.062911 hargrave 2017-11-17 20:11:06 
TT 630 123.9 -27.1 130.4 -57.0 3.74E-05 002.0 068.6 -30.4 0.118019 0.041528 0.065461 hargrave 2017-11-19 19:44:04 
TT 640 124.4 -27.9 131.5 -57.8 3.70E-05 002.0 067.8 -31.0 0.114903 0.048700 0.063924 hargrave 2017-11-21 18:48:28 
TT 645 124.5 -27.5 131.4 -57.4 3.68E-05 002.2 068.2 -31.0 0.126097 0.041701 0.068392 hargrave 2017-11-27 18:28:51 
TT 650 124.3 -28.3 131.5 -58.2 3.66E-05 002.3 067.3 -30.9 0.137162 0.036445 0.063106 hargrave 2017-11-28 16:50:55 
TT 655 124.1 -28.0 131.1 -57.9 3.72E-05 001.8 067.6 -30.7 0.113042 0.033939 0.054127 hargrave 2017-12-11 13:51:34 
TT 660 125.8 -27.6 133.6 -57.2 3.59E-05 001.9 068.2 -32.1 0.110658 0.050253 0.042988 hargrave 2017-12-12 13:31:37 
TT 665 124.7 -29.0 132.4 -58.8 3.05E-05 002.7 066.5 -31.3 0.122219 0.073222 0.059712 hargrave 2018-01-08 13:05:27 
TT 670 145.3 -17.2 156.0 -42.1 7.72E-06 002.5 084.3 -49.1 0.029139 0.023260 0.010257 hargrave 2018-01-10 16:09:23 
TT 672 109.5 -17.2 107.6 -47.8 3.72E-06 002.4 076.5 -15.5 0.010669 0.008773 0.009530 hargrave 2018-01-11 15:14:17 
TT 674 109.9  17.5 110.0 -13.1 3.49E-06 002.1 110.3 -05.2 0.008139 0.007657 0.009691 hargrave 2018-01-12 16:23:35 
TT 676 304.8 -37.9 302.6 -07.6 1.16E-06 006.3 314.5  08.3 0.008433 0.008676 0.004590 hargrave 2018-01-17 10:39:46 
TT 678 296.5  81.8 112.9  67.5 1.32E-06 004.5 188.3  20.4 0.004806 0.008959 0.005313 hargrave 2018-01-22 13:30:13 
TT 680 101.8  25.2 103.0 -04.9 2.42E-06 003.4 115.1  04.5 0.010179 0.012589 0.005309 hargrave 2018-01-25 10:12:40 
TT 682 234.7  70.0 155.7  63.8 1.34E-06 004.5 194.4  03.8 0.004732 0.008718 0.005632 hargrave 2018-01-31 09:13:28 
TT 684 035.5 -73.1 326.9 -58.5 1.01E-06 008.1 007.6 -02.9 0.002801 0.007328 0.012370 hargrave 2018-02-05 10:19:48 
TT 684 043.9 -73.0 328.1 -60.8 1.01E-06 009.3 009.8 -04.0 0.003635 0.010235 0.012798 hargrave 2018-02-05 13:57:06 
TT 684 036.8 -73.8 325.8 -59.0 1.01E-06 008.4 007.7 -03.6 0.002836 0.009391 0.011558 hargrave 2018-02-05 16:26:06 
TT 686 097.3  04.3 095.5 -25.0 1.67E-06 006.5 093.8  02.3 0.014610 0.005073 0.011947 hargrave 2018-02-07 12:21:01 
TT 688 219.4 -16.1 225.2 -06.2 5.16E-07 014.1 271.0 -60.3 0.003244 0.009061 0.010642 hargrave 2018-02-14 12:57:57 
TT 688 218.6 -20.4 226.7 -10.3 5.17E-07 013.8 279.7 -61.4 0.004216 0.009069 0.010105 hargrave 2018-02-14 17:05:08 
TT 690 285.7  26.0 280.6  56.2 1.76E-06 004.9 246.9  14.2 0.008344 0.006164 0.012390 hargrave 2018-02-26 16:59:05 
TT 692 113.0  24.4 113.1 -06.3 1.59E-06 004.1 117.8 -05.3 0.007565 0.008215 0.005517 hargrave 2018-03-02 10:34:47 
