TR024 -Ja mag compass orientation (IGRF corrected)
 1149.1 104.3  74.0  23.9  30.7   1.0
NRM    076.7 -60.1 005.4 -71.5 3.06E-05 002.2 026.2 -01.0 0.077366 0.100149 0.052387 hargrave 2017-10-13 15:42:44 
TT 100 091.1 -60.4 008.7 -78.6 3.33E-05 001.3 029.0 -07.5 0.087674 0.055798 0.055528 hargrave 2017-10-15 14:41:31 
TT 200 094.8 -59.6 013.9 -80.3 3.53E-05 004.0 030.3 -09.1 0.168147 0.213984 0.053311 hargrave 2017-10-16 10:31:13 
TT 300 095.5 -61.8 000.6 -80.7 3.50E-05 002.5 028.3 -10.0 0.104065 0.120385 0.061306 hargrave 2017-10-16 19:14:01 
TT 350 096.1 -62.1 358.5 -80.9 3.52E-05 004.8 028.1 -10.3 0.158915 0.255498 0.065178 hargrave 2017-10-17 16:17:14 
TT 400 098.7 -59.3 017.7 -82.3 3.55E-05 002.8 031.2 -10.9 0.097389 0.152140 0.051443 hargrave 2017-10-20 13:03:50 
TT 450 099.4 -61.4 001.7 -82.5 3.52E-05 002.7 029.2 -11.7 0.083116 0.146791 0.037588 hargrave 2017-10-22 16:36:59 
TT 475 100.4 -60.2 010.4 -83.1 3.48E-05 001.1 030.4 -11.9 0.056098 0.037333 0.061223 hargrave 2017-10-23 16:38:12 
TT 500 100.2 -61.1 002.9 -83.0 3.44E-05 001.2 029.5 -12.0 0.058484 0.038550 0.064047 hargrave 2017-10-24 14:49:28 
TT 525 101.3 -58.2 028.2 -83.4 3.38E-05 001.1 032.6 -12.0 0.060552 0.058129 0.037506 hargrave 2017-10-26 15:03:59 
TT 550 101.2 -57.9 030.4 -83.2 3.27E-05 002.0 032.8 -11.9 0.079147 0.097621 0.029890 hargrave 2017-10-27 11:50:46 
TT 555 101.3 -57.0 037.3 -83.0 3.21E-05 002.3 033.7 -11.8 0.080329 0.110432 0.033450 hargrave 2017-10-28 14:24:53 
TT 560 100.0 -60.5 008.2 -82.9 3.11E-05 001.6 030.1 -11.8 0.082029 0.037908 0.076768 hargrave 2017-10-31 19:10:16 
TT 565 098.8 -61.6 000.2 -82.2 3.07E-05 002.6 028.9 -11.5 0.078885 0.099502 0.093574 hargrave 2017-11-03 20:12:44 
TT 570 100.5 -58.7 022.9 -83.1 3.03E-05 002.5 031.9 -11.7 0.114090 0.059567 0.098785 hargrave 2017-11-05 19:38:23 
TT 575 099.2 -60.8 005.8 -82.5 3.02E-05 003.7 029.7 -11.5 0.142180 0.137341 0.093723 hargrave 2017-11-09 16:36:08 
TT 580 099.3 -61.2 003.1 -82.5 3.00E-05 003.0 029.4 -11.6 0.106436 0.114485 0.076580 hargrave 2017-11-14 12:09:29 
TT 600 100.2 -58.2 027.0 -82.8 3.00E-05 004.6 032.5 -11.4 0.153926 0.181707 0.085309 hargrave 2017-11-14 21:11:07 
TT 620 102.2 -59.2 020.0 -84.0 3.06E-05 003.5 031.6 -12.6 0.150062 0.144782 0.044614 hargrave 2017-11-17 20:25:12 
TT 630 103.6 -58.6 026.7 -84.6 3.07E-05 001.4 032.3 -13.2 0.071920 0.035209 0.063407 hargrave 2017-11-19 19:58:11 
TT 640 102.6 -59.8 014.2 -84.3 3.07E-05 002.6 031.1 -12.9 0.124301 0.104623 0.031786 hargrave 2017-11-21 19:02:34 
TT 645 103.4 -59.2 020.3 -84.6 3.08E-05 003.0 031.7 -13.2 0.131250 0.116924 0.058564 hargrave 2017-11-27 18:43:05 
TT 650 101.5 -64.2 338.9 -82.4 3.05E-05 002.7 026.6 -13.2 0.096138 0.127646 0.048275 hargrave 2017-11-28 17:05:08 
TT 655 103.4 -59.3 019.1 -84.6 3.09E-05 004.2 031.6 -13.2 0.140333 0.193341 0.022164 hargrave 2017-12-11 14:05:24 
TT 660 105.8 -55.6 061.1 -84.3 3.04E-05 002.6 035.6 -14.0 0.082498 0.118259 0.044515 hargrave 2017-12-12 13:45:31 
TT 665 104.4 -58.8 025.8 -85.1 3.00E-05 002.0 032.2 -13.7 0.100343 0.077986 0.046192 hargrave 2018-01-08 13:19:33 
TT 670 105.0 -59.8 013.5 -85.5 2.92E-05 002.6 031.2 -14.1 0.112593 0.099564 0.060304 hargrave 2018-01-10 16:24:21 
TT 672 104.9 -57.3 043.3 -84.9 2.85E-05 002.4 033.8 -13.7 0.105482 0.080909 0.055916 hargrave 2018-01-11 15:29:13 
TT 674 100.6 -60.0 011.8 -83.3 2.68E-05 008.4 030.6 -12.0 0.223996 0.333432 0.039073 hargrave 2018-01-12 16:37:42 
TT 674 101.2 -60.7 006.2 -83.5 2.72E-05 002.5 030.0 -12.4 0.074308 0.083569 0.062128 hargrave 2018-01-16 12:05:23 
TT 676 105.7 -59.8 013.4 -85.8 2.30E-05 005.5 031.3 -14.5 0.118367 0.187058 0.031866 hargrave 2018-01-17 10:56:20 
TT 678 109.5 -64.4 314.2 -84.5 1.63E-05 002.9 026.7 -16.6 0.059718 0.055626 0.047524 hargrave 2018-01-22 13:43:35 
TT 680 116.8 -56.1 141.4 -86.4 8.26E-06 004.1 035.4 -20.2 0.042510 0.042650 0.015000 hargrave 2018-01-25 10:26:05 
TT 682 128.2 -76.1 282.5 -72.5 4.95E-06 004.3 013.7 -21.2 0.014030 0.033294 0.013269 hargrave 2018-01-31 09:25:38 
TT 684 180.8 -37.2 207.1 -42.8 1.84E-06 006.1 026.8 -65.7 0.014515 0.008456 0.013411 hargrave 2018-02-05 10:34:42 
TT 686 179.3  48.8 158.0  30.4 1.57E-06 003.9 169.3 -23.9 0.013424 0.006765 0.005913 hargrave 2018-02-07 12:34:56 
TT 688 200.6  36.0 181.1  28.8 1.24E-06 004.2 186.5 -37.6 0.004656 0.007855 0.004151 hargrave 2018-02-14 13:11:13 
TT 690 281.4  57.2 216.5  83.1 6.65E-07 011.2 213.6  11.9 0.001759 0.003163 0.013086 hargrave 2018-02-26 17:10:06 
TT 690 282.1  57.5 215.3  83.6 6.67E-07 011.4 213.4  12.3 0.002581 0.002451 0.013388 hargrave 2018-02-27 09:05:25 
TT 692 088.7 -17.3 079.4 -44.2 1.36E-06 003.3 068.8  09.4 0.002492 0.004401 0.007913 hargrave 2018-03-02 10:46:44 
