TR024 -Ea mag compass orientation (IGRF corrected)
 1148.2 103.3  73.0  23.9  30.7   1.0
NRM    101.1  04.8 099.8 -25.1 2.48E-05 004.7 094.0  03.5 0.194960 0.035376 0.048887 hargrave 2017-10-13 15:37:03 
TT 100 111.4 -04.3 110.9 -34.9 2.65E-05 002.6 088.3 -09.0 0.111573 0.034191 0.045734 hargrave 2017-10-15 14:35:45 
TT 200 116.5 -12.0 117.4 -42.7 2.76E-05 001.4 082.0 -16.0 0.047773 0.040631 0.043815 hargrave 2017-10-16 10:26:40 
TT 300 120.6 -13.2 122.9 -43.7 2.91E-05 001.6 081.8 -20.1 0.061888 0.038412 0.050684 hargrave 2017-10-16 19:08:46 
TT 350 121.4 -17.0 124.6 -47.4 2.95E-05 001.6 078.0 -21.7 0.056347 0.043228 0.056777 hargrave 2017-10-17 16:11:54 
TT 400 124.0 -13.5 127.5 -43.6 3.03E-05 003.7 082.3 -23.3 0.173406 0.055838 0.070690 hargrave 2017-10-20 12:58:27 
TT 450 125.4 -17.8 130.2 -47.7 3.08E-05 003.1 078.0 -25.6 0.145981 0.055217 0.067352 hargrave 2017-10-22 16:31:19 
TT 475 126.0 -18.8 131.4 -48.6 3.09E-05 002.0 077.0 -26.3 0.097127 0.054445 0.048302 hargrave 2017-10-23 16:32:33 
TT 500 127.6 -18.1 133.4 -47.6 3.07E-05 001.9 078.1 -27.7 0.085110 0.055449 0.050459 hargrave 2017-10-24 14:43:33 
TT 525 128.8 -20.5 135.8 -49.8 3.08E-05 001.8 075.6 -29.2 0.075399 0.058239 0.046640 hargrave 2017-10-26 14:57:50 
TT 550 131.1 -18.8 138.4 -47.6 3.04E-05 001.9 078.0 -31.1 0.080670 0.055388 0.044505 hargrave 2017-10-27 11:45:22 
TT 555 131.9 -18.1 139.3 -46.8 3.01E-05 001.7 078.8 -31.7 0.068575 0.050019 0.047208 hargrave 2017-10-28 14:19:08 
TT 560 131.2 -20.3 139.0 -49.1 2.93E-05 002.6 076.2 -31.4 0.108051 0.063075 0.064446 hargrave 2017-10-31 19:04:34 
TT 565 130.4 -23.9 139.3 -52.8 2.90E-05 002.8 071.9 -31.1 0.111574 0.068599 0.062840 hargrave 2017-11-03 20:07:03 
TT 570 131.9 -18.9 139.6 -47.5 2.87E-05 002.1 078.0 -31.9 0.069505 0.050827 0.068202 hargrave 2017-11-05 19:32:43 
TT 575 131.6 -20.6 139.7 -49.3 2.88E-05 002.3 075.9 -31.8 0.087242 0.062185 0.064360 hargrave 2017-11-09 16:30:28 
TT 580 130.9 -18.9 138.2 -47.8 2.87E-05 002.2 077.7 -30.9 0.065541 0.052519 0.071693 hargrave 2017-11-14 12:03:49 
TT 600 130.7 -20.6 138.6 -49.5 2.89E-05 003.0 075.8 -31.0 0.120573 0.076333 0.067976 hargrave 2017-11-14 21:05:49 
TT 620 133.3 -20.7 142.2 -49.0 2.97E-05 001.5 076.0 -33.4 0.053485 0.054902 0.043640 hargrave 2017-11-17 20:19:32 
TT 630 133.5 -22.8 143.2 -50.9 3.00E-05 001.8 073.6 -33.8 0.077645 0.058531 0.042735 hargrave 2017-11-19 19:52:33 
TT 640 134.1 -23.0 144.3 -51.0 2.99E-05 001.7 073.4 -34.4 0.063378 0.060351 0.040776 hargrave 2017-11-21 18:56:55 
TT 645 133.9 -22.8 143.9 -50.9 3.01E-05 002.3 073.6 -34.2 0.104634 0.062450 0.041244 hargrave 2017-11-27 18:37:25 
TT 650 134.2 -24.6 145.1 -52.5 2.99E-05 002.6 071.4 -34.6 0.119281 0.065555 0.037520 hargrave 2017-11-28 16:59:24 
TT 655 134.0 -23.4 144.3 -51.4 3.09E-05 001.5 072.9 -34.3 0.050338 0.058873 0.041186 hargrave 2017-12-11 13:59:46 
TT 660 134.9 -24.5 146.0 -52.2 3.04E-05 001.6 071.7 -35.2 0.062698 0.065067 0.029669 hargrave 2017-12-12 13:39:51 
TT 665 135.1 -23.2 145.8 -50.9 2.99E-05 002.1 073.3 -35.4 0.079609 0.067235 0.050187 hargrave 2018-01-08 13:13:45 
TT 670 137.9 -27.1 151.7 -53.8 2.86E-05 001.7 068.6 -38.1 0.060404 0.064350 0.036169 hargrave 2018-01-10 16:18:39 
TT 672 137.5 -26.5 150.8 -53.3 2.69E-05 002.0 069.3 -37.7 0.067964 0.064920 0.034067 hargrave 2018-01-11 15:23:30 
TT 674 135.9 -23.7 147.1 -51.2 2.54E-05 002.6 072.7 -36.1 0.104869 0.044694 0.034158 hargrave 2018-01-12 16:31:58 
TT 676 136.9 -20.8 147.1 -48.2 2.17E-05 003.7 076.4 -36.8 0.124561 0.057612 0.029968 hargrave 2018-01-17 10:48:58 
TT 678 144.1 -14.1 153.2 -39.6 1.12E-05 003.0 086.3 -42.6 0.053068 0.028578 0.012549 hargrave 2018-01-22 13:37:50 
TT 680 129.7 -13.3 134.9 -42.5 7.46E-06 002.1 083.9 -28.7 0.020447 0.018296 0.012070 hargrave 2018-01-25 10:20:22 
TT 682 147.9 -08.6 155.3 -33.2 4.59E-06 002.7 094.8 -45.1 0.017622 0.012208 0.005775 hargrave 2018-01-31 09:19:54 
TT 684 173.3  23.1 166.6  05.6 2.12E-06 003.4 153.4 -45.4 0.010201 0.008197 0.005500 hargrave 2018-02-05 10:29:01 
TT 686 150.5  39.8 142.0  13.7 2.08E-06 003.7 146.1 -20.6 0.007142 0.011787 0.006308 hargrave 2018-02-07 12:29:36 
TT 688 116.2 -17.4 117.1 -48.1 2.02E-06 004.5 076.5 -16.9 0.012539 0.007253 0.007842 hargrave 2018-02-14 13:05:32 
TT 690 204.4  39.3 181.6  33.2 1.31E-06 002.9 190.2 -32.7 0.005204 0.005524 0.003147 hargrave 2018-02-26 17:03:56 
TT 692 190.8  63.0 153.0  45.5 1.46E-06 005.3 178.9 -10.0 0.005528 0.007924 0.010382 hargrave 2018-03-02 10:40:45 
