TR024 -Ia mag compass orientation (IGRF corrected)
 1148.9 102.3  75.0  23.9  30.7   1.0
NRM    091.2 -34.7 072.6 -61.2 2.82E-05 002.3 053.8  00.4 0.089928 0.051731 0.053342 hargrave 2017-10-13 15:41:21 
TT 100 103.9 -43.1 088.7 -72.7 3.17E-05 003.4 048.1 -11.3 0.145397 0.116260 0.061395 hargrave 2017-10-15 14:40:07 
TT 200 107.7 -46.2 095.4 -76.4 3.37E-05 002.4 045.4 -14.5 0.097254 0.109663 0.066219 hargrave 2017-10-16 10:30:07 
TT 300 110.7 -41.0 106.2 -71.6 3.41E-05 001.3 050.9 -16.0 0.062142 0.040342 0.053396 hargrave 2017-10-16 19:12:45 
TT 350 111.5 -42.5 107.8 -73.1 3.44E-05 003.6 049.5 -16.8 0.169727 0.134507 0.050890 hargrave 2017-10-17 16:15:56 
TT 400 112.9 -42.2 111.4 -72.9 3.50E-05 003.8 049.9 -17.8 0.172461 0.149417 0.060534 hargrave 2017-10-20 13:02:28 
TT 450 114.0 -45.6 114.1 -76.3 3.47E-05 005.3 046.4 -18.8 0.222749 0.220647 0.082419 hargrave 2017-10-22 16:35:36 
TT 475 114.2 -46.5 114.8 -77.2 3.44E-05 002.3 045.5 -19.0 0.100456 0.099247 0.043925 hargrave 2017-10-23 16:36:49 
TT 500 115.0 -43.3 116.7 -74.0 3.41E-05 001.3 048.8 -19.4 0.065606 0.054349 0.044461 hargrave 2017-10-24 14:48:00 
TT 525 115.5 -46.4 118.9 -77.0 3.35E-05 001.1 045.6 -19.9 0.049891 0.042817 0.045951 hargrave 2017-10-26 15:02:39 
TT 550 116.8 -43.7 121.6 -74.3 3.25E-05 003.1 048.4 -20.7 0.139900 0.117258 0.036459 hargrave 2017-10-27 11:49:25 
TT 555 116.9 -44.3 122.2 -74.9 3.20E-05 004.0 047.8 -20.8 0.161382 0.152098 0.048281 hargrave 2017-10-28 14:23:30 
TT 560 117.0 -45.3 123.0 -75.9 3.10E-05 001.8 046.7 -20.9 0.055162 0.065869 0.064529 hargrave 2017-10-31 19:08:53 
TT 565 117.0 -43.7 122.2 -74.3 3.08E-05 002.0 048.5 -20.9 0.075258 0.072011 0.053795 hargrave 2017-11-03 20:11:21 
TT 570 116.8 -45.6 122.5 -76.2 3.04E-05 004.5 046.4 -20.8 0.169350 0.163831 0.065292 hargrave 2017-11-05 19:37:00 
TT 575 117.0 -47.4 123.9 -77.9 3.06E-05 003.0 044.5 -20.9 0.130744 0.089554 0.059218 hargrave 2017-11-09 16:34:45 
TT 580 116.3 -45.0 120.6 -75.6 3.04E-05 002.1 047.1 -20.3 0.049595 0.071542 0.074676 hargrave 2017-11-14 12:08:06 
TT 600 116.2 -44.9 120.4 -75.6 3.02E-05 002.4 047.1 -20.3 0.075518 0.082737 0.069692 hargrave 2017-11-14 21:09:52 
TT 620 117.9 -46.3 126.1 -76.7 3.09E-05 000.9 045.7 -21.5 0.056367 0.024040 0.025539 hargrave 2017-11-17 20:23:48 
TT 630 117.5 -46.4 125.0 -76.9 3.08E-05 001.9 045.5 -21.2 0.095001 0.056943 0.035795 hargrave 2017-11-19 19:56:49 
TT 640 117.8 -48.8 127.7 -79.3 3.07E-05 001.4 042.9 -21.4 0.078116 0.038267 0.021293 hargrave 2017-11-21 19:01:13 
TT 645 117.4 -47.5 125.4 -78.0 3.06E-05 001.3 044.4 -21.2 0.052278 0.053090 0.039928 hargrave 2017-11-27 18:41:42 
TT 650 117.4 -46.7 124.7 -77.2 3.04E-05 001.4 045.3 -21.1 0.073212 0.028867 0.035181 hargrave 2017-11-28 17:03:44 
TT 655 117.3 -47.8 125.2 -78.3 3.11E-05 000.9 044.1 -21.1 0.047143 0.027172 0.027842 hargrave 2017-12-11 14:04:02 
TT 660 119.0 -35.4 124.1 -65.9 3.03E-05 012.1 057.4 -22.1 0.543526 0.357032 0.023736 hargrave 2017-12-12 13:44:08 
TT 660 117.8 -45.0 125.1 -75.5 3.07E-05 002.4 047.1 -21.5 0.085734 0.095806 0.032581 hargrave 2017-12-12 15:04:11 
TT 665 118.4 -46.7 127.9 -77.1 3.00E-05 002.7 045.2 -21.9 0.091965 0.105349 0.038535 hargrave 2018-01-08 13:18:10 
TT 670 119.3 -47.5 131.5 -77.8 2.95E-05 001.3 044.3 -22.5 0.058172 0.049486 0.034725 hargrave 2018-01-10 16:22:58 
TT 672 117.8 -46.3 125.8 -76.8 2.86E-05 002.3 045.7 -21.4 0.082465 0.081759 0.033487 hargrave 2018-01-11 15:27:50 
TT 674 118.0 -44.0 125.0 -74.5 2.74E-05 003.9 048.2 -21.6 0.138021 0.125940 0.039188 hargrave 2018-01-12 16:36:18 
TT 676 120.7 -45.5 133.3 -75.6 2.33E-05 002.8 046.5 -23.4 0.071602 0.088306 0.029828 hargrave 2018-01-17 10:54:57 
TT 678 126.8 -45.3 148.7 -74.0 1.39E-05 002.2 046.4 -27.8 0.039838 0.040907 0.017404 hargrave 2018-01-22 13:42:12 
TT 680 119.7 -33.2 125.0 -63.7 8.07E-06 002.1 059.8 -22.6 0.023312 0.022641 0.010546 hargrave 2018-01-25 10:24:41 
TT 682 121.3 -44.3 133.9 -74.3 3.97E-06 002.2 047.8 -24.0 0.008638 0.009919 0.009550 hargrave 2018-01-31 09:24:14 
TT 684 101.7  11.4 101.2 -18.6 2.09E-06 002.7 100.9  03.5 0.007898 0.006369 0.006238 hargrave 2018-02-05 10:33:19 
TT 686 112.7  16.9 112.8 -13.8 2.22E-06 003.4 109.1 -05.3 0.012083 0.004273 0.006804 hargrave 2018-02-07 12:33:34 
TT 688 126.5 -46.9 150.6 -75.5 9.29E-07 003.8 044.5 -27.4 0.002901 0.003671 0.004702 hargrave 2018-02-14 13:09:50 
TT 690 228.0  17.9 215.5  27.5 2.91E-07 008.3 228.3 -41.8 0.002735 0.002196 0.004402 hargrave 2018-02-26 17:08:56 
TT 690 229.8  14.2 219.3  25.3 2.78E-07 009.8 233.6 -42.7 0.002711 0.002243 0.004920 hargrave 2018-02-27 09:04:13 
TT 692 082.8 -41.2 053.1 -63.5 7.51E-07 003.0 045.3  04.2 0.003941 0.003978 0.002286 hargrave 2018-03-02 10:45:16 
