TR024 -Ca mag compass orientation (IGRF corrected)
   1148  97.3  75.0  23.9  30.7   1.0
NRM    116.2 -08.2 116.8 -38.8 2.49E-05 001.1 086.7 -20.2 0.034405 0.051924 0.031064 hargrave 2017-10-13 15:30:41 
TT 100 124.6 -15.8 128.7 -45.8 2.83E-05 002.0 080.1 -29.8 0.075617 0.057055 0.059089 hargrave 2017-10-15 14:30:15 
TT 200 129.7 -17.6 136.2 -46.8 3.03E-05 003.1 078.7 -34.9 0.149910 0.082226 0.051193 hargrave 2017-10-16 10:22:03 
TT 300 133.0 -18.1 140.7 -46.5 3.19E-05 002.9 078.6 -38.0 0.143802 0.075998 0.050123 hargrave 2017-10-16 19:02:51 
TT 350 134.1 -19.9 142.9 -48.0 3.27E-05 001.5 076.3 -39.2 0.051351 0.079227 0.050478 hargrave 2017-10-17 16:06:38 
TT 400 135.3 -18.1 143.8 -46.0 3.37E-05 002.0 078.7 -40.2 0.095950 0.073479 0.037067 hargrave 2017-10-20 12:52:23 
TT 450 136.8 -19.2 146.3 -46.6 3.41E-05 002.9 077.5 -41.7 0.160232 0.070337 0.039402 hargrave 2017-10-22 16:25:53 
TT 475 137.7 -19.5 147.6 -46.7 3.44E-05 003.1 077.1 -42.6 0.176843 0.069253 0.043568 hargrave 2017-10-23 16:27:06 
TT 500 138.8 -20.9 149.6 -47.7 3.43E-05 002.0 075.2 -43.6 0.106370 0.065898 0.048530 hargrave 2017-10-24 14:38:02 
TT 525 140.0 -21.8 151.6 -48.2 3.42E-05 001.6 074.0 -44.8 0.074286 0.074405 0.031269 hargrave 2017-10-26 14:51:46 
TT 550 142.0 -18.9 152.8 -44.8 3.36E-05 002.6 078.2 -46.6 0.138326 0.073417 0.028343 hargrave 2017-10-27 11:40:10 
TT 555 142.3 -20.2 153.8 -45.9 3.35E-05 001.7 076.3 -46.9 0.082586 0.065449 0.026465 hargrave 2017-10-28 14:13:39 
TT 560 142.1 -20.5 153.8 -46.3 3.24E-05 002.0 075.8 -46.8 0.079712 0.083947 0.044971 hargrave 2017-10-31 18:59:03 
TT 565 142.4 -21.5 154.6 -47.2 3.22E-05 002.5 074.3 -47.0 0.118340 0.091465 0.041335 hargrave 2017-11-03 20:01:33 
TT 570 142.3 -17.2 152.4 -43.1 3.17E-05 006.4 080.6 -46.8 0.340381 0.100835 0.041865 hargrave 2017-11-05 19:27:10 
TT 575 142.5 -19.8 153.9 -45.5 3.18E-05 002.1 076.9 -47.1 0.096041 0.071400 0.043988 hargrave 2017-11-09 16:24:58 
TT 580 141.5 -19.8 152.6 -45.8 3.17E-05 002.0 076.9 -46.2 0.069632 0.080204 0.052396 hargrave 2017-11-14 11:58:21 
TT 600 141.5 -21.9 153.7 -47.8 3.17E-05 002.3 073.8 -46.2 0.085833 0.102335 0.047948 hargrave 2017-11-14 21:00:38 
TT 620 143.5 -23.4 157.1 -48.5 3.29E-05 002.9 071.6 -48.0 0.162990 0.065077 0.029386 hargrave 2017-11-17 20:14:03 
TT 630 142.9 -23.2 156.1 -48.5 3.32E-05 002.4 071.9 -47.4 0.129627 0.070380 0.029985 hargrave 2017-11-19 19:47:01 
TT 640 144.1 -20.8 156.3 -45.8 3.32E-05 005.7 075.5 -48.6 0.320414 0.089518 0.032012 hargrave 2017-11-21 18:51:25 
TT 645 143.4 -20.8 155.6 -46.1 3.33E-05 002.3 075.4 -48.0 0.121238 0.068955 0.030176 hargrave 2017-11-27 18:31:53 
TT 650 143.9 -21.7 156.6 -46.8 3.35E-05 001.6 074.0 -48.4 0.085220 0.064766 0.030334 hargrave 2017-11-28 16:53:54 
TT 655 143.8 -23.2 157.4 -48.2 3.41E-05 001.5 071.8 -48.3 0.061899 0.068163 0.031380 hargrave 2017-12-11 13:54:30 
TT 660 146.3 -14.2 155.8 -39.0 3.37E-05 009.2 085.7 -50.4 0.542236 0.071753 0.023593 hargrave 2017-12-12 13:34:34 
TT 660 145.4 -23.9 159.8 -48.3 3.44E-05 001.8 070.6 -49.7 0.091938 0.084260 0.018685 hargrave 2017-12-12 15:02:40 
TT 665 145.2 -21.2 158.0 -45.9 3.36E-05 001.9 074.8 -49.6 0.088986 0.072875 0.028862 hargrave 2018-01-08 13:08:24 
TT 670 147.2 -20.3 159.9 -44.4 3.11E-05 003.2 076.0 -51.5 0.164497 0.071062 0.025625 hargrave 2018-01-10 16:12:26 
TT 672 146.4 -21.4 159.5 -45.6 2.41E-05 002.2 074.5 -50.7 0.068918 0.068070 0.025707 hargrave 2018-01-11 15:17:16 
TT 674 145.9 -21.3 158.9 -45.7 1.96E-05 002.7 074.6 -50.3 0.082309 0.055072 0.014459 hargrave 2018-01-12 16:26:33 
TT 676 145.0 -16.2 155.2 -41.2 1.39E-05 002.4 082.5 -49.3 0.046750 0.039749 0.015725 hargrave 2018-01-17 10:42:49 
TT 678 156.7 -01.3 161.6 -23.2 4.29E-06 002.9 111.5 -56.9 0.019353 0.011934 0.004783 hargrave 2018-01-22 13:33:16 
TT 680 132.0 -07.5 136.4 -36.4 3.10E-06 004.4 091.4 -35.4 0.022428 0.009905 0.005011 hargrave 2018-01-25 10:15:43 
TT 682 148.3  26.7 144.3  00.6 2.04E-06 002.4 137.6 -33.7 0.004666 0.005799 0.005577 hargrave 2018-01-31 09:16:35 
TT 684 151.2  46.8 140.2  20.4 1.95E-06 002.8 154.5 -20.3 0.005807 0.006588 0.005524 hargrave 2018-02-05 10:22:50 
TT 686 214.4  24.8 199.3  26.4 9.30E-07 003.3 214.0 -42.3 0.003154 0.002699 0.004226 hargrave 2018-02-07 12:23:49 
TT 688 128.0  67.0 120.7  36.8 1.20E-06 006.7 160.4  02.6 0.002547 0.003830 0.013726 hargrave 2018-02-14 13:00:54 
TT 690 293.1  07.1 292.9  37.8 1.47E-06 006.3 267.1  17.0 0.008344 0.005699 0.012943 hargrave 2018-02-26 17:01:37 
TT 692 100.0  44.1 103.6  14.0 1.23E-06 004.7 133.5  08.5 0.004931 0.003585 0.010003 hargrave 2018-03-02 10:37:50 
