TR024 -Ha mag compass orientation (IGRF corrected)
 1148.8 100.3  78.0  23.9  30.7   1.0
NRM    065.5  07.4 064.3 -13.0 3.02E-05 003.1 090.6  35.5 0.131239 0.094362 0.058125 hargrave 2017-10-13 15:39:58 
TT 100 073.7 -02.2 068.5 -25.0 2.82E-05 002.6 081.7  25.4 0.095116 0.086134 0.059513 hargrave 2017-10-15 14:38:44 
TT 200 075.7 -07.9 068.2 -31.0 2.75E-05 003.4 076.3  22.1 0.145294 0.074718 0.063191 hargrave 2017-10-16 10:29:00 
TT 300 078.8 -08.3 071.5 -32.5 2.75E-05 003.3 076.7  18.9 0.133604 0.087451 0.060331 hargrave 2017-10-16 19:11:28 
TT 350 079.4 -09.5 071.6 -33.9 2.74E-05 002.1 075.7  18.1 0.064772 0.072656 0.066186 hargrave 2017-10-17 16:14:39 
TT 400 080.8 -06.4 074.4 -31.4 2.73E-05 001.6 079.2  17.6 0.056835 0.072980 0.039380 hargrave 2017-10-20 13:01:11 
TT 450 081.9 -09.8 074.3 -35.0 2.68E-05 005.7 076.1  15.6 0.252550 0.103645 0.047819 hargrave 2017-10-22 16:34:14 
TT 475 081.6 -11.3 073.3 -36.3 2.65E-05 001.8 074.5  15.5 0.059213 0.078660 0.051376 hargrave 2017-10-23 16:35:27 
TT 500 081.3 -13.3 072.2 -38.1 2.63E-05 002.6 072.4  15.2 0.097517 0.072315 0.056365 hargrave 2017-10-24 14:46:37 
TT 525 081.3 -13.1 072.3 -37.9 2.59E-05 001.9 072.6  15.2 0.077847 0.066864 0.030026 hargrave 2017-10-26 15:01:22 
TT 550 082.0 -13.5 072.9 -38.5 2.50E-05 002.5 072.5  14.5 0.099255 0.084647 0.037553 hargrave 2017-10-27 11:48:07 
TT 555 082.5 -14.0 073.3 -39.1 2.48E-05 003.7 072.1  13.8 0.182813 0.070458 0.036350 hargrave 2017-10-28 14:22:03 
TT 560 081.9 -15.3 071.9 -40.1 2.38E-05 002.3 070.7  14.1 0.070181 0.079118 0.062757 hargrave 2017-10-31 19:07:30 
TT 565 082.3 -15.3 072.4 -40.3 2.36E-05 002.1 070.7  13.7 0.060738 0.081345 0.063780 hargrave 2017-11-03 20:09:58 
TT 570 083.1 -12.5 074.6 -37.8 2.33E-05 003.3 073.8  13.8 0.109609 0.087409 0.064007 hargrave 2017-11-05 19:35:38 
TT 575 082.3 -15.5 072.3 -40.5 2.32E-05 002.3 070.5  13.6 0.070404 0.082478 0.060935 hargrave 2017-11-09 16:33:22 
TT 580 080.6 -16.2 070.1 -40.5 2.32E-05 002.4 069.4  15.0 0.064351 0.075928 0.072889 hargrave 2017-11-14 12:06:43 
TT 600 081.1 -16.2 070.6 -40.7 2.28E-05 002.6 069.5  14.5 0.073877 0.080783 0.071454 hargrave 2017-11-14 21:08:35 
TT 620 082.5 -14.9 072.9 -40.0 2.32E-05 002.4 071.2  13.6 0.084908 0.085191 0.040908 hargrave 2017-11-17 20:22:26 
TT 630 081.9 -16.9 071.2 -41.7 2.34E-05 001.9 069.0  13.6 0.064209 0.081234 0.040019 hargrave 2017-11-19 19:55:27 
TT 640 081.9 -17.0 071.1 -41.7 2.34E-05 001.5 069.0  13.6 0.055763 0.069413 0.037581 hargrave 2017-11-21 18:59:51 
TT 645 082.2 -16.7 071.6 -41.6 2.33E-05 002.2 069.3  13.4 0.075218 0.086175 0.039342 hargrave 2017-11-27 18:40:20 
TT 650 081.7 -18.7 070.0 -43.2 2.29E-05 002.7 067.3  13.2 0.092266 0.088421 0.038442 hargrave 2017-11-28 17:02:21 
TT 655 081.6 -19.3 069.6 -43.8 2.35E-05 002.0 066.6  13.1 0.066863 0.084215 0.020561 hargrave 2017-12-11 14:02:39 
TT 660 082.0 -17.8 070.9 -42.5 2.28E-05 001.9 068.2  13.2 0.065720 0.068729 0.024397 hargrave 2017-12-12 13:42:46 
TT 665 083.1 -17.9 072.2 -43.0 2.22E-05 002.2 068.5  12.2 0.066207 0.082194 0.035981 hargrave 2018-01-08 13:16:44 
TT 670 083.1 -19.5 071.3 -44.5 2.13E-05 001.8 066.9  11.7 0.047728 0.078617 0.038502 hargrave 2018-01-10 16:21:35 
TT 672 084.2 -18.7 073.1 -44.0 2.06E-05 002.0 068.0  11.0 0.056251 0.065904 0.036855 hargrave 2018-01-11 15:26:27 
TT 674 083.1 -22.3 069.9 -47.0 1.93E-05 001.6 064.2  10.9 0.056551 0.056356 0.030929 hargrave 2018-01-12 16:34:55 
TT 676 084.3 -20.1 072.5 -45.4 1.71E-05 002.9 066.7  10.5 0.062957 0.072594 0.028085 hargrave 2018-01-17 10:53:34 
TT 678 091.7 -22.2 081.1 -49.7 9.46E-06 002.1 066.5  03.3 0.024636 0.025859 0.020806 hargrave 2018-01-22 13:40:48 
TT 680 092.0 -18.0 083.4 -45.7 6.92E-06 002.4 070.7  04.0 0.019066 0.015656 0.020578 hargrave 2018-01-25 10:23:18 
TT 682 083.0 -18.2 071.9 -43.2 3.21E-06 003.2 068.2  12.3 0.008240 0.013939 0.011349 hargrave 2018-01-31 09:22:51 
TT 684 116.1  31.7 115.8  01.0 2.11E-06 004.1 124.5 -06.7 0.008597 0.005134 0.013116 hargrave 2018-02-05 10:31:56 
TT 686 117.3  18.2 117.2 -12.5 2.28E-06 003.6 111.8 -12.0 0.011363 0.006279 0.009321 hargrave 2018-02-07 12:32:18 
TT 688 080.0  00.3 076.0 -24.8 1.56E-06 003.5 085.9  19.9 0.001859 0.002346 0.009702 hargrave 2018-02-14 13:08:27 
TT 690 210.7  55.7 170.9  48.1 9.35E-07 004.6 192.1 -20.2 0.003375 0.003469 0.008385 hargrave 2018-02-26 17:06:22 
TT 692 091.4  18.9 092.4 -09.6 1.72E-06 003.8 107.1  12.1 0.007154 0.004171 0.008605 hargrave 2018-03-02 10:43:48 
