TR024 -Da mag compass orientation (IGRF corrected)
 1148.1  98.3  74.0  23.9  30.7   1.0
NRM    103.9 -03.7 101.9 -33.9 2.45E-05 006.6 088.0 -06.4 0.279157 0.057048 0.035249 hargrave 2017-10-13 15:32:26 
TT 100 114.1 -10.3 114.1 -41.0 2.65E-05 004.1 084.1 -17.8 0.184776 0.060685 0.040216 hargrave 2017-10-15 14:31:59 
TT 200 120.4 -13.8 122.7 -44.2 2.79E-05 001.7 081.9 -24.6 0.076579 0.036205 0.043537 hargrave 2017-10-16 10:23:30 
TT 300 123.7 -15.7 127.5 -45.8 2.96E-05 001.3 080.4 -28.2 0.050217 0.060386 0.045014 hargrave 2017-10-16 19:04:29 
TT 350 124.4 -18.3 129.0 -48.3 3.04E-05 003.5 077.7 -29.2 0.177468 0.076597 0.037056 hargrave 2017-10-17 16:08:17 
TT 400 125.5 -19.2 130.7 -49.0 3.11E-05 002.8 076.8 -30.3 0.137544 0.085111 0.037008 hargrave 2017-10-20 12:54:06 
TT 450 127.6 -22.4 134.6 -51.8 3.14E-05 003.2 073.4 -32.7 0.162273 0.086399 0.032094 hargrave 2017-10-22 16:27:37 
TT 475 128.5 -21.9 135.8 -51.2 3.15E-05 003.6 074.0 -33.4 0.197089 0.052255 0.026008 hargrave 2017-10-23 16:28:50 
TT 500 129.7 -22.9 137.9 -51.9 3.16E-05 003.3 072.9 -34.7 0.169885 0.086509 0.033439 hargrave 2017-10-24 14:39:47 
TT 525 130.6 -22.4 139.0 -51.3 3.16E-05 001.4 073.6 -35.4 0.066222 0.062407 0.040419 hargrave 2017-10-26 14:53:29 
TT 550 132.4 -23.7 142.1 -52.1 3.10E-05 001.3 072.1 -37.2 0.042367 0.062761 0.041188 hargrave 2017-10-27 11:41:49 
TT 555 133.3 -22.5 142.9 -50.7 3.08E-05 001.7 073.7 -38.0 0.071336 0.066443 0.042087 hargrave 2017-10-28 14:15:23 
TT 560 132.7 -24.0 142.7 -52.3 2.98E-05 002.5 071.8 -37.5 0.096348 0.081023 0.057855 hargrave 2017-10-31 19:00:47 
TT 565 132.7 -25.2 143.3 -53.4 2.95E-05 001.6 070.3 -37.5 0.044935 0.062562 0.051729 hargrave 2017-11-03 20:03:18 
TT 570 133.4 -26.7 145.0 -54.7 2.93E-05 005.0 068.3 -38.1 0.233527 0.091371 0.062493 hargrave 2017-11-05 19:28:58 
TT 575 133.8 -23.5 144.1 -51.6 2.93E-05 002.0 072.4 -38.5 0.077193 0.068591 0.055794 hargrave 2017-11-09 16:26:42 
TT 580 132.7 -24.3 142.9 -52.5 2.93E-05 002.2 071.4 -37.5 0.052230 0.084946 0.067049 hargrave 2017-11-14 12:00:05 
TT 600 133.4 -23.5 143.4 -51.6 2.93E-05 002.9 072.4 -38.1 0.112206 0.088966 0.059388 hargrave 2017-11-14 21:02:17 
TT 620 135.3 -28.9 149.0 -56.3 3.03E-05 001.7 065.5 -39.8 0.075838 0.052890 0.041399 hargrave 2017-11-17 20:15:47 
TT 630 135.8 -25.9 148.1 -53.3 3.04E-05 001.6 069.3 -40.3 0.060840 0.069025 0.035548 hargrave 2017-11-19 19:48:49 
TT 640 137.0 -27.5 150.6 -54.4 3.04E-05 004.8 067.3 -41.3 0.219501 0.131256 0.034436 hargrave 2017-11-21 18:53:08 
TT 645 136.7 -25.5 149.1 -52.7 3.04E-05 005.1 069.8 -41.1 0.239530 0.130149 0.040270 hargrave 2017-11-27 18:33:41 
TT 650 137.2 -25.8 150.0 -52.7 3.06E-05 001.9 069.5 -41.6 0.088731 0.064681 0.030834 hargrave 2017-11-28 16:55:39 
TT 655 137.4 -25.5 150.1 -52.4 3.15E-05 001.6 069.9 -41.7 0.045788 0.074145 0.046096 hargrave 2017-12-11 13:56:13 
TT 660 139.0 -29.8 155.0 -56.0 3.12E-05 002.7 063.9 -42.9 0.132384 0.077250 0.037162 hargrave 2017-12-12 13:36:17 
TT 665 139.3 -32.4 157.4 -58.2 3.05E-05 005.4 060.4 -42.9 0.263792 0.106865 0.057626 hargrave 2018-01-08 13:10:09 
TT 670 141.6 -28.6 157.8 -53.9 2.90E-05 001.7 065.3 -45.3 0.056799 0.074290 0.030554 hargrave 2018-01-10 16:14:10 
TT 672 141.1 -27.3 156.2 -52.9 2.63E-05 002.6 067.2 -44.9 0.081861 0.084157 0.043079 hargrave 2018-01-11 15:19:04 
TT 674 140.6 -32.6 159.5 -57.9 2.36E-05 002.3 059.8 -43.9 0.068982 0.067282 0.027792 hargrave 2018-01-12 16:28:18 
TT 676 139.3 -23.7 151.7 -50.1 1.89E-05 002.9 072.3 -43.5 0.075338 0.060963 0.022958 hargrave 2018-01-17 10:44:33 
TT 678 136.3 -14.0 143.7 -41.8 7.49E-06 003.8 084.9 -39.9 0.044905 0.023632 0.010234 hargrave 2018-01-22 13:35:01 
TT 680 122.5 -23.5 127.2 -53.7 4.80E-06 005.1 071.5 -28.1 0.039338 0.018337 0.006188 hargrave 2018-01-25 10:17:32 
TT 682 152.2 -20.7 166.1 -42.7 3.37E-06 005.4 076.6 -55.5 0.029994 0.010207 0.004668 hargrave 2018-01-31 09:18:20 
TT 684 137.0  29.9 133.8  01.3 1.24E-06 004.5 132.9 -22.5 0.004342 0.004465 0.008357 hargrave 2018-02-05 10:24:36 
TT 686 127.8  35.1 125.2  05.1 1.49E-06 006.1 133.0 -13.2 0.010736 0.011681 0.004990 hargrave 2018-02-07 12:25:27 
TT 688 250.2  50.0 205.0  63.6 9.99E-07 006.4 214.7 -04.6 0.004547 0.008735 0.006773 hargrave 2018-02-14 13:02:42 
TT 690 170.6  75.9 132.3  50.0 1.61E-06 004.3 175.7  02.6 0.003134 0.006415 0.010090 hargrave 2018-02-26 17:02:46 
TT 692 132.9  62.4 124.2  32.6 1.74E-06 004.3 157.6 -00.5 0.004132 0.010455 0.007732 hargrave 2018-03-02 10:39:18 
