TR008 -Ka mag compass orientation (IGRF corrected)
 365.53 193.3  86.0 302.6  44.3   1.0
NRM    356.8 -28.1 322.2 -56.8 2.97E-05 001.7 298.1 -16.4 0.088471 0.040100 0.039075 hargrave 2017-07-20 17:04:09 
TT 100 356.0 -29.7 319.1 -57.3 2.92E-05 003.6 299.8 -17.0 0.171375 0.071562 0.044283 hargrave 2017-07-21 16:42:13 
TT 200 356.1 -29.3 319.8 -57.1 2.93E-05 002.6 299.4 -16.9 0.127690 0.043729 0.045040 hargrave 2017-07-24 12:23:57 
TT 300 356.2 -29.1 320.2 -57.0 2.92E-05 002.4 299.2 -16.9 0.113489 0.046718 0.046610 hargrave 2017-07-25 09:29:45 
TT 350 356.1 -28.8 320.5 -56.8 2.92E-05 001.6 298.9 -17.0 0.063054 0.060238 0.046723 hargrave 2017-07-31 16:06:51 
TT 400 355.4 -30.8 316.8 -57.6 2.91E-05 001.4 301.1 -17.4 0.034388 0.065845 0.049538 hargrave 2017-08-01 14:15:50 
TT 450 355.6 -32.7 314.3 -58.9 2.89E-05 002.0 303.0 -17.0 0.094647 0.045797 0.044777 hargrave 2017-08-03 13:19:01 
TT 475 355.7 -32.0 315.4 -58.5 2.87E-05 002.6 302.3 -17.0 0.125323 0.043164 0.044785 hargrave 2017-08-04 09:54:49 
TT 500 355.5 -33.1 313.4 -59.1 2.87E-05 001.8 303.5 -17.1 0.069300 0.061318 0.047108 hargrave 2017-08-04 16:52:41 
TT 525 355.3 -32.4 314.4 -58.5 2.84E-05 001.3 302.7 -17.3 0.038664 0.056035 0.047192 hargrave 2017-08-07 15:31:02 
TT 550 355.2 -33.4 312.8 -59.0 2.82E-05 001.6 303.8 -17.3 0.066265 0.052510 0.045452 hargrave 2017-08-08 14:50:43 
TT 555 355.1 -33.2 313.0 -58.8 2.85E-05 000.8 303.6 -17.4 0.039948 0.049603 0.022417 hargrave 2017-08-09 14:12:13 
TT 555 355.7 -32.4 314.8 -58.8 2.80E-05 002.0 302.7 -17.0 0.081452 0.068368 0.040306 hargrave 2017-08-10 09:04:32 
TT 560 355.2 -33.7 312.1 -59.2 2.80E-05 001.4 304.1 -17.2 0.054567 0.060282 0.041859 hargrave 2017-08-16 14:38:47 
TT 565 355.1 -34.8 310.4 -59.7 2.78E-05 001.5 305.2 -17.2 0.037289 0.072583 0.042545 hargrave 2017-08-17 11:28:29 
TT 570 355.3 -33.7 312.3 -59.2 2.76E-05 001.3 304.1 -17.2 0.041443 0.055698 0.040412 hargrave 2017-08-17 20:44:00 
TT 575 354.8 -33.1 312.8 -58.6 2.74E-05 001.7 303.5 -17.6 0.041816 0.075857 0.041668 hargrave 2017-08-18 16:23:31 
TT 580 354.8 -34.2 311.0 -59.1 2.72E-05 001.8 304.6 -17.5 0.052360 0.073691 0.039220 hargrave 2017-08-21 13:25:44 
TT 600 355.1 -35.2 309.6 -59.9 2.67E-05 002.1 305.7 -17.1 0.059127 0.081590 0.041276 hargrave 2017-08-22 12:28:37 
TT 620 354.6 -36.0 307.9 -60.0 2.63E-05 002.4 306.5 -17.4 0.069193 0.089758 0.042105 hargrave 2017-08-23 11:29:07 
TT 630 354.2 -37.7 304.5 -60.6 2.57E-05 001.8 308.4 -17.5 0.040581 0.070715 0.042156 hargrave 2017-08-24 08:00:44 
TT 640 354.1 -36.4 306.7 -59.9 2.56E-05 001.8 307.1 -17.8 0.046310 0.067863 0.042883 hargrave 2017-08-24 16:10:12 
TT 645 354.2 -36.1 307.4 -59.7 2.51E-05 001.5 306.7 -17.8 0.048315 0.051017 0.037409 hargrave 2017-08-25 14:13:47 
TT 650 354.0 -35.8 307.7 -59.4 2.51E-05 001.4 306.4 -18.0 0.040350 0.051688 0.038874 hargrave 2017-08-29 15:28:33 
TT 655 353.9 -36.2 307.0 -59.5 2.49E-05 002.6 306.8 -18.0 0.071575 0.089114 0.037136 hargrave 2017-09-01 15:30:54 
TT 660 354.6 -35.5 308.8 -59.7 2.49E-05 003.5 306.0 -17.5 0.115985 0.099894 0.038439 hargrave 2017-09-08 17:56:09 
TT 665 354.2 -34.7 309.6 -59.0 2.46E-05 002.6 305.3 -18.0 0.083976 0.074198 0.038791 hargrave 2017-09-12 14:31:39 
TT 670 354.5 -35.2 309.2 -59.5 2.45E-05 001.8 305.7 -17.6 0.050703 0.048521 0.051057 hargrave 2017-09-14 18:00:13 
TT 672 354.0 -38.2 303.5 -60.6 2.39E-05 001.7 308.9 -17.6 0.055060 0.050021 0.048467 hargrave 2017-09-15 18:24:57 
TT 674 355.3 -34.6 310.8 -59.7 2.33E-05 001.7 305.0 -17.1 0.048743 0.044801 0.047243 hargrave 2017-09-19 13:59:52 
TT 674 355.4 -35.3 309.7 -60.2 2.32E-05 002.9 305.8 -16.9 0.082916 0.094360 0.051071 hargrave 2017-09-19 18:01:08 
TT 676 354.7 -35.6 308.6 -59.9 2.19E-05 003.7 306.2 -17.4 0.107114 0.088017 0.046797 hargrave 2017-09-22 16:14:39 
TT 678 354.7 -36.0 308.0 -60.1 2.09E-05 003.7 306.5 -17.3 0.102936 0.083969 0.043903 hargrave 2017-09-24 14:08:49 
TT 680 354.2 -35.3 308.7 -59.4 1.85E-05 001.8 305.9 -17.8 0.042627 0.031971 0.038769 hargrave 2017-09-25 12:55:33 
TT 682 356.7 -33.7 313.6 -60.2 1.09E-05 003.3 303.9 -16.0 0.050317 0.034639 0.023229 hargrave 2017-09-26 18:37:17 
TT 684 356.0 -36.0 308.9 -61.0 7.63E-06 003.1 306.5 -16.3 0.032027 0.024791 0.011014 hargrave 2017-10-01 22:45:24 
TT 686 005.7 -18.2 344.7 -54.6 2.66E-06 003.4 287.8 -08.4 0.014806 0.006993 0.003906 hargrave 2017-10-03 09:27:38 
TT 688 322.8  51.3 352.7  24.1 1.28E-06 003.7 206.1 -25.2 0.007768 0.003840 0.004284 hargrave 2017-10-05 14:13:08 
TT 690 050.8  52.4 043.8  09.3 7.70E-07 006.1 212.3  25.2 0.003778 0.002966 0.008616 hargrave 2017-10-06 16:43:51 
TT 692 058.5  73.8 040.8  30.8 1.00E-06 004.8 191.8  15.3 0.003409 0.004850 0.007254 hargrave 2017-10-08 17:13:06 
