TR008 -La mag compass orientation (IGRF corrected)
 368.21 204.3  79.0 302.6  44.3   1.0
NRM    357.1  52.5 011.3  12.8 2.59E-05 003.0 213.1 -07.0 0.075853 0.131021 0.037266 hargrave 2017-07-20 17:05:29 
TT 100 358.4  49.3 010.8  09.6 2.37E-05 002.4 216.3 -07.8 0.121479 0.084718 0.037161 hargrave 2017-07-21 16:43:32 
TT 200 357.8  50.8 011.0  11.1 2.33E-05 003.3 214.8 -07.4 0.122772 0.117810 0.035593 hargrave 2017-07-24 12:25:16 
TT 300 359.9  48.2 011.3  08.1 2.24E-05 004.0 217.7 -07.4 0.143178 0.126001 0.034806 hargrave 2017-07-25 09:31:04 
TT 350 358.5  49.5 010.9  09.7 2.17E-05 002.1 216.1 -07.6 0.052228 0.074804 0.033760 hargrave 2017-07-31 16:08:34 
TT 400 357.8  49.6 010.5  09.9 2.07E-05 001.9 215.9 -08.0 0.033112 0.070321 0.032012 hargrave 2017-08-01 14:17:32 
TT 450 358.3  48.2 010.3  08.6 1.96E-05 002.7 217.3 -08.3 0.067528 0.084434 0.031875 hargrave 2017-08-03 13:20:20 
TT 475 357.1  49.0 009.9  09.6 1.88E-05 003.2 216.1 -08.6 0.069885 0.095390 0.029790 hargrave 2017-08-04 09:56:09 
TT 500 358.2  47.5 009.9  08.0 1.80E-05 003.0 217.8 -08.7 0.067812 0.089505 0.029187 hargrave 2017-08-04 16:54:00 
TT 525 354.8  51.3 009.5  12.3 1.75E-05 002.7 213.4 -08.8 0.032127 0.084720 0.027838 hargrave 2017-08-07 15:32:40 
TT 550 355.8  49.2 009.2  10.1 1.68E-05 001.9 215.6 -09.3 0.021789 0.050850 0.028053 hargrave 2017-08-08 14:52:21 
TT 555 354.9  50.5 009.2  11.6 1.66E-05 001.5 214.1 -09.1 0.021253 0.047225 0.017742 hargrave 2017-08-09 14:13:50 
TT 555 355.5  49.9 009.3  10.9 1.64E-05 001.5 214.9 -09.2 0.021146 0.038260 0.030303 hargrave 2017-08-10 09:06:09 
TT 560 355.8  49.1 009.1  10.1 1.60E-05 001.6 215.6 -09.3 0.027308 0.028264 0.031842 hargrave 2017-08-16 14:40:24 
TT 565 355.0  49.0 008.6  10.2 1.58E-05 001.9 215.5 -09.9 0.033605 0.038956 0.030163 hargrave 2017-08-17 11:30:07 
TT 570 355.3  48.3 008.5  09.5 1.55E-05 002.1 216.2 -10.0 0.038221 0.040622 0.029256 hargrave 2017-08-17 20:45:37 
TT 575 354.2  48.3 007.8  09.8 1.52E-05 001.7 215.8 -10.7 0.032741 0.035158 0.027019 hargrave 2017-08-18 16:25:09 
TT 580 353.7  48.8 007.7  10.4 1.50E-05 002.4 215.2 -10.7 0.040647 0.048130 0.025718 hargrave 2017-08-21 13:27:21 
TT 600 354.3  48.6 008.0  10.1 1.39E-05 001.8 215.6 -10.4 0.027603 0.035852 0.023909 hargrave 2017-08-22 12:30:15 
TT 620 352.7  50.7 008.0  12.4 1.23E-05 003.5 213.2 -10.3 0.050153 0.059280 0.020787 hargrave 2017-08-23 11:30:45 
TT 630 352.8  49.7 007.6  11.5 1.18E-05 002.9 214.1 -10.7 0.046509 0.044504 0.019973 hargrave 2017-08-24 08:02:22 
TT 640 352.9  49.1 007.4  10.9 1.16E-05 003.7 214.7 -11.0 0.056100 0.056118 0.019549 hargrave 2017-08-24 16:11:50 
TT 645 350.8  49.7 006.5  12.1 1.10E-05 003.1 213.4 -11.8 0.039650 0.048668 0.018592 hargrave 2017-08-25 14:15:25 
TT 650 354.2  48.9 008.0  10.3 1.13E-05 003.7 215.3 -10.4 0.050371 0.057568 0.018533 hargrave 2017-08-29 15:30:15 
TT 655 349.7  50.2 006.0  12.9 1.02E-05 002.9 212.6 -12.1 0.040158 0.040018 0.018315 hargrave 2017-09-01 15:32:32 
TT 660 349.8  48.9 005.4  11.7 1.06E-05 004.8 213.7 -12.8 0.054771 0.072182 0.027763 hargrave 2017-09-08 17:57:46 
TT 665 345.7  50.2 003.8  14.2 8.91E-06 004.9 211.0 -14.2 0.049691 0.061874 0.027373 hargrave 2017-09-12 14:33:12 
TT 670 347.3  52.0 005.7  15.1 9.03E-06 003.5 210.2 -12.3 0.037709 0.048021 0.019971 hargrave 2017-09-14 18:01:50 
TT 672 344.7  49.1 002.6  13.5 8.40E-06 003.1 211.6 -15.4 0.033820 0.040510 0.018975 hargrave 2017-09-15 18:26:35 
TT 674 346.5  54.1 006.3  17.2 8.05E-06 001.9 208.2 -11.5 0.022151 0.016204 0.019146 hargrave 2017-09-19 14:01:29 
TT 676 342.3  53.3 003.7  17.9 6.96E-06 003.8 207.3 -13.9 0.034875 0.041739 0.017585 hargrave 2017-09-22 16:16:17 
TT 678 351.6  50.7 007.4  12.7 6.78E-06 005.4 212.8 -10.8 0.045466 0.054428 0.016535 hargrave 2017-09-24 14:10:26 
TT 680 343.5  53.3 004.3  17.5 5.96E-06 002.4 207.7 -13.3 0.017774 0.014382 0.016493 hargrave 2017-09-25 12:57:10 
TT 682 350.0  51.4 006.8  13.8 4.29E-06 002.5 211.7 -11.3 0.010645 0.012474 0.014787 hargrave 2017-09-26 18:38:53 
TT 684 334.1  73.7 015.5  35.8 2.67E-06 005.9 190.4 -01.6 0.012416 0.025494 0.009584 hargrave 2017-10-01 22:47:02 
TT 686 175.3  56.8 083.3  64.6 9.83E-07 004.6 148.1  24.8 0.010204 0.007196 0.010883 hargrave 2017-10-03 09:29:14 
TT 688 220.7  48.7 334.6  83.7 1.33E-06 007.9 140.7 -02.2 0.006618 0.003039 0.017888 hargrave 2017-10-05 14:14:44 
TT 688 221.5  49.8 340.1  82.8 1.33E-06 008.2 141.8 -02.4 0.006814 0.003775 0.018265 hargrave 2017-10-05 16:28:56 
TT 688 221.5  48.7 332.6  83.3 1.32E-06 008.0 140.9 -02.7 0.006848 0.005188 0.017371 hargrave 2017-10-05 17:38:04 
TT 690 042.3  29.8 041.3 -13.9 1.61E-06 008.3 242.1  21.0 0.009420 0.017108 0.014422 hargrave 2017-10-06 16:45:28 
TT 690 043.0  29.2 041.9 -14.5 1.60E-06 008.0 242.7  21.6 0.004402 0.014167 0.017522 hargrave 2017-10-06 19:49:26 
TT 690 043.1  29.4 042.0 -14.3 1.59E-06 008.1 242.5  21.7 0.007646 0.015553 0.015662 hargrave 2017-10-06 21:39:58 
TT 692 196.3  57.9 065.9  74.2 1.96E-06 003.2 147.2  13.6 0.006204 0.007674 0.009835 hargrave 2017-10-08 17:14:25 
