TR008 -Ba mag compass orientation (IGRF corrected)
  350.2 179.3  78.0 302.6  44.3   1.0
NRM    015.8  35.9 019.0 -07.0 3.10E-05 003.2 235.9  20.3 0.173909 0.104211 0.046145 hargrave 2017-07-20 16:48:10 
TT 100 015.3  35.4 018.4 -07.4 2.86E-05 002.4 236.4  19.9 0.103593 0.100068 0.045123 hargrave 2017-07-21 16:26:43 
TT 200 270.3  78.7 017.4  50.8 1.54E-05 059.0 180.2  00.7 0.065763 2.387922 0.994456 hargrave 2017-07-24 12:08:30 
TT 200 015.6  33.4 018.2 -09.4 2.81E-05 002.0 238.6  20.1 0.094356 0.084249 0.038221 hargrave 2017-07-24 13:38:34 
TT 300 015.5  34.5 018.5 -08.3 2.73E-05 002.3 237.4  20.1 0.088691 0.114238 0.044720 hargrave 2017-07-25 09:14:17 
TT 350 015.6  34.4 018.5 -08.4 2.60E-05 001.5 237.5  20.1 0.031475 0.056911 0.048321 hargrave 2017-07-31 15:48:12 
TT 400 016.4  33.4 019.0 -09.6 2.47E-05 002.5 238.6  20.8 0.080162 0.070051 0.045679 hargrave 2017-08-01 13:57:57 
TT 450 017.5  32.9 019.8 -10.3 2.40E-05 002.8 239.2  21.7 0.066298 0.129000 0.043280 hargrave 2017-08-03 13:03:35 
TT 475 018.3  32.4 020.3 -10.8 2.32E-05 002.9 239.6  22.3 0.102939 0.123407 0.041637 hargrave 2017-08-04 09:40:18 
TT 500 018.7  31.8 020.6 -11.5 2.28E-05 003.5 240.3  22.7 0.073486 0.172667 0.041686 hargrave 2017-08-04 16:38:05 
TT 525 020.2  33.3 022.1 -10.2 2.10E-05 002.6 238.7  24.0 0.073051 0.073612 0.038455 hargrave 2017-08-07 15:13:44 
TT 550 020.7  30.3 022.1 -13.3 2.03E-05 003.5 242.0  24.4 0.103260 0.081994 0.038635 hargrave 2017-08-08 14:33:27 
TT 555 021.6  30.3 022.9 -13.3 2.02E-05 003.6 241.9  25.2 0.108074 0.086182 0.030856 hargrave 2017-08-09 13:55:08 
TT 555 021.3  30.6 022.6 -13.1 1.99E-05 002.8 241.7  24.9 0.074924 0.077376 0.045272 hargrave 2017-08-10 08:47:18 
TT 560 021.7  32.2 023.2 -11.4 1.94E-05 003.2 239.8  25.3 0.082578 0.083634 0.042301 hargrave 2017-08-16 14:21:34 
TT 565 022.4  32.0 023.8 -11.7 1.91E-05 002.2 240.0  25.9 0.050422 0.067391 0.042871 hargrave 2017-08-17 11:11:16 
TT 570 022.4  31.9 023.8 -11.8 1.89E-05 002.8 240.1  25.8 0.068339 0.073909 0.041719 hargrave 2017-08-17 20:25:57 
TT 575 022.0  31.0 023.3 -12.7 1.86E-05 002.2 241.2  25.5 0.046432 0.064252 0.029672 hargrave 2017-08-18 16:05:22 
TT 580 022.0  28.8 023.0 -14.9 1.85E-05 002.3 243.6  25.6 0.048315 0.062988 0.028285 hargrave 2017-08-21 13:08:25 
TT 600 021.1  29.2 022.3 -14.4 1.75E-05 003.6 243.2  24.8 0.088261 0.073445 0.026611 hargrave 2017-08-22 12:11:19 
TT 620 020.5  29.3 021.8 -14.2 1.76E-05 003.0 243.1  24.3 0.075254 0.061798 0.028283 hargrave 2017-08-23 11:11:47 
TT 630 042.1  27.3 041.4 -16.5 1.08E-05 005.9 243.6  43.3 0.092137 0.063764 0.020517 hargrave 2017-08-24 07:43:25 
TT 640 019.4  25.9 020.1 -17.3 2.03E-05 003.1 246.7  23.1 0.093604 0.065240 0.038609 hargrave 2017-08-24 15:52:49 
TT 645 054.4  42.6 048.5  00.4 1.22E-05 004.6 218.1  47.0 0.068489 0.071829 0.018942 hargrave 2017-08-25 13:56:34 
TT 650 008.7  22.8 009.4 -18.1 2.39E-05 003.4 249.1  13.1 0.132346 0.065379 0.046203 hargrave 2017-08-29 15:11:10 
TT 655 074.6  62.6 052.2  23.3 1.30E-05 004.9 188.6  38.3 0.037177 0.106275 0.027165 hargrave 2017-09-01 15:13:40 
TT 660 003.4  32.2 008.0 -07.8 1.88E-05 007.6 239.0  09.8 0.096970 0.106022 0.209644 hargrave 2017-09-08 17:39:48 
TT 660 238.5  77.6 022.8  56.5 9.25E-06 062.2 173.7  01.3 0.139726 1.703895 0.527607 hargrave 2017-09-10 09:41:36 
TT 660 002.9  26.4 005.5 -13.1 1.91E-05 006.4 244.7  08.5 0.061396 0.033159 0.205250 hargrave 2017-09-10 09:55:22 
TT 665 166.3  12.7 147.6  38.9 1.04E-05 010.7 100.1  15.1 0.039253 0.068680 0.210516 hargrave 2017-09-12 14:15:22 
TT 665 166.1  11.1 148.7  37.6 9.59E-06 011.9 098.4  15.0 0.070416 0.038203 0.194349 hargrave 2017-09-12 15:59:34 
TT 665 166.3  10.1 149.7  36.9 9.58E-06 011.1 097.4  14.7 0.044856 0.040240 0.187054 hargrave 2017-09-12 16:20:29 
TT 665 267.1  75.9 013.5  52.5 1.03E-06 082.1 179.5 -02.1 0.035589 0.989169 0.450132 hargrave 2017-09-12 16:33:45 
TT 665 165.7  10.9 148.5  37.1 9.67E-06 011.6 098.1  15.4 0.070782 0.043803 0.192741 hargrave 2017-09-12 17:06:57 
TT 670 193.8  18.5 176.6  58.6 1.08E-05 011.2 111.3 -09.5 0.071391 0.049933 0.198438 hargrave 2017-09-14 17:43:42 
TT 670 195.4  06.9 186.3  48.4 1.01E-05 010.8 100.3 -14.1 0.058189 0.041518 0.183863 hargrave 2017-09-15 08:08:14 
TT 670 194.8  07.7 185.1  49.0 1.01E-05 011.1 101.1 -13.4 0.071806 0.049568 0.183590 hargrave 2017-09-15 08:23:19 
TT 672 348.0  51.1 005.5  14.2 1.58E-05 008.0 218.0  02.4 0.059766 0.079344 0.208337 hargrave 2017-09-15 18:08:22 
TT 674 245.6  71.0 011.8  60.1 1.12E-05 009.7 172.5 -05.4 0.054164 0.077709 0.173144 hargrave 2017-09-19 13:43:15 
TT 674 262.5  71.6 007.6  55.2 1.09E-05 009.3 177.9 -06.3 0.053570 0.054875 0.170224 hargrave 2017-09-19 15:30:48 
TT 676 358.9  33.7 005.0 -05.0 1.89E-05 008.2 236.8  06.3 0.146615 0.136947 0.189086 hargrave 2017-09-22 15:55:37 
TT 676 358.3  32.9 004.2 -05.5 1.91E-05 006.2 237.5  05.7 0.096426 0.069339 0.176734 hargrave 2017-09-22 18:09:13 
TT 678 185.4  00.2 176.8  38.5 1.58E-05 007.0 091.4 -05.9 0.112471 0.056933 0.152684 hargrave 2017-09-24 13:51:12 
TT 680 164.5  48.5 099.9  57.7 7.80E-06 011.7 137.4  18.7 0.045006 0.037982 0.161692 hargrave 2017-09-25 12:37:23 
TT 680 169.0  43.2 111.3  59.2 7.73E-06 011.4 131.9  15.6 0.043981 0.041465 0.150056 hargrave 2017-09-25 14:57:16 
TT 682 335.7  61.7 006.2  26.7 1.62E-05 006.3 205.7 -00.1 0.100085 0.066971 0.152753 hargrave 2017-09-26 18:20:55 
TT 684 162.5  60.6 077.1  57.5 8.82E-06 010.6 150.3  18.7 0.042549 0.089173 0.159775 hargrave 2017-10-01 22:27:17 
TT 684 164.2  60.6 077.0  58.4 7.73E-06 011.3 150.1  17.8 0.046432 0.051192 0.145773 hargrave 2017-10-02 08:39:03 
TT 684 166.2  58.6 080.6  59.5 7.89E-06 011.0 148.0  17.1 0.039320 0.039991 0.151679 hargrave 2017-10-02 09:31:21 
TT 686 198.6  62.4 053.3  71.5 9.15E-06 008.9 154.0  02.0 0.106338 0.038087 0.123542 hargrave 2017-10-03 09:10:49 
TT 686 194.9  58.6 065.8  73.2 8.66E-06 009.3 149.9  02.3 0.042393 0.039107 0.135793 hargrave 2017-10-03 11:33:49 
TT 686 194.6  58.7 066.0  73.0 8.71E-06 009.3 149.9  02.5 0.042734 0.040728 0.135671 hargrave 2017-10-03 12:26:31 
TT 688 178.3  17.6 155.9  50.0 9.14E-06 008.6 107.0  04.6 0.034605 0.037672 0.135777 hargrave 2017-10-05 13:56:06 
TT 688 178.8  14.9 158.8  48.1 8.85E-06 009.3 104.5  03.6 0.034262 0.029873 0.139692 hargrave 2017-10-05 16:20:52 
TT 688 178.7  14.7 159.0  47.9 8.85E-06 009.4 104.2  03.6 0.037906 0.032586 0.140373 hargrave 2017-10-05 17:29:52 
TT 690 353.3  29.8 359.0 -06.5 1.77E-05 007.0 239.7  00.8 0.111364 0.070456 0.174303 hargrave 2017-10-06 16:26:50 
TT 692 172.6  45.0 109.5  62.2 9.72E-06 007.4 133.8  13.1 0.034565 0.043084 0.129690 hargrave 2017-10-08 16:59:09 
TT 692 172.5  42.5 114.4  61.3 9.56E-06 008.3 131.3  13.0 0.053993 0.041972 0.125814 hargrave 2017-10-08 19:22:57 
