TR008 -Ha mag compass orientation (IGRF corrected)
 353.26 184.3  93.0 302.6  44.3   1.0
NRM    014.0  32.9 016.9 -09.6 2.86E-05 001.3 236.4  06.5 0.053460 0.070524 0.036066 hargrave 2017-07-20 16:57:01 
TT 100 012.1  33.6 015.5 -08.6 2.64E-05 002.4 235.9  04.8 0.084825 0.098006 0.035788 hargrave 2017-07-21 16:35:31 
TT 200 011.6  30.3 014.1 -11.6 2.57E-05 004.3 239.3  04.7 0.184832 0.105180 0.036806 hargrave 2017-07-24 12:17:16 
TT 300 011.2  29.8 013.7 -12.0 2.48E-05 001.8 239.7  04.5 0.089680 0.084557 0.036640 hargrave 2017-07-25 09:23:04 
TT 350 011.2  30.9 014.0 -11.0 2.35E-05 001.4 238.7  04.4 0.043671 0.035652 0.035170 hargrave 2017-07-31 15:59:15 
TT 400 011.8  31.2 014.6 -10.9 2.20E-05 001.4 238.4  04.9 0.027404 0.051973 0.033304 hargrave 2017-08-01 14:09:05 
TT 450 012.5  30.9 015.1 -11.3 2.15E-05 002.6 238.6  05.5 0.098816 0.086884 0.031436 hargrave 2017-08-03 13:13:36 
TT 475 012.8  29.7 015.1 -12.5 2.07E-05 003.0 239.8  05.9 0.107281 0.156777 0.028090 hargrave 2017-08-04 09:49:11 
TT 500 013.3  29.6 015.4 -12.7 1.94E-05 003.8 239.8  06.3 0.099222 0.084025 0.027602 hargrave 2017-08-04 16:47:12 
TT 525 013.8  29.9 016.0 -12.5 1.87E-05 002.2 239.4  06.7 0.066602 0.052939 0.027340 hargrave 2017-08-07 15:24:29 
TT 550 014.1  29.7 016.2 -12.8 1.75E-05 002.0 239.6  07.0 0.045303 0.052128 0.025126 hargrave 2017-08-08 14:44:10 
TT 555 014.9  28.9 016.7 -13.7 1.72E-05 001.7 240.3  07.8 0.038741 0.052992 0.010156 hargrave 2017-08-09 14:05:47 
TT 555 014.9  29.8 016.9 -12.8 1.70E-05 002.1 239.4  07.7 0.044726 0.056244 0.028607 hargrave 2017-08-10 08:58:00 
TT 560 014.4  28.6 016.2 -13.9 1.67E-05 001.7 240.7  07.4 0.038836 0.033460 0.027239 hargrave 2017-08-16 14:32:17 
TT 565 014.8  27.2 016.2 -15.4 1.64E-05 002.0 242.0  07.9 0.048262 0.033487 0.025303 hargrave 2017-08-17 11:21:59 
TT 570 014.7  28.5 016.4 -14.0 1.60E-05 001.3 240.7  07.6 0.019987 0.034162 0.025149 hargrave 2017-08-17 20:36:42 
TT 575 014.6  28.4 016.3 -14.1 1.54E-05 001.8 240.8  07.6 0.037799 0.033026 0.023161 hargrave 2017-08-18 16:16:10 
TT 580 014.5  27.5 016.0 -15.0 1.51E-05 001.9 241.7  07.6 0.041007 0.033158 0.023186 hargrave 2017-08-21 13:19:09 
TT 600 013.1  26.3 014.5 -15.8 1.36E-05 002.6 243.1  06.5 0.053127 0.032770 0.021854 hargrave 2017-08-22 12:22:02 
TT 620 010.7  26.7 012.4 -14.9 1.20E-05 001.8 242.9  04.3 0.029827 0.028681 0.019991 hargrave 2017-08-23 11:22:34 
TT 630 009.8  27.0 011.7 -14.5 1.02E-05 003.6 242.7  03.5 0.060508 0.032005 0.017419 hargrave 2017-08-24 07:54:14 
TT 640 016.0  30.3 018.0 -12.5 1.08E-05 001.9 238.8  08.5 0.034375 0.026727 0.017026 hargrave 2017-08-24 16:03:35 
TT 645 021.9  43.2 024.8 -00.6 6.90E-06 003.6 225.0  10.6 0.039817 0.022955 0.017366 hargrave 2017-08-25 14:07:16 
TT 650 012.8  27.0 014.3 -15.1 1.08E-05 003.2 242.5  06.2 0.058337 0.026310 0.017298 hargrave 2017-08-29 15:21:58 
TT 655 024.1  14.9 023.2 -28.9 3.77E-06 005.1 253.2  18.3 0.025400 0.029169 0.006379 hargrave 2017-09-01 15:24:20 
TT 660 016.2  20.9 016.1 -21.7 9.93E-06 005.6 248.1  10.0 0.045974 0.050936 0.085854 hargrave 2017-09-08 17:49:07 
TT 665 026.5  32.6 027.3 -11.5 4.35E-06 014.2 234.6  16.8 0.036464 0.037293 0.102071 hargrave 2017-09-12 14:24:55 
TT 665 024.4  29.4 025.2 -14.5 4.37E-06 013.0 238.2  15.9 0.031121 0.034545 0.095244 hargrave 2017-09-12 16:05:30 
TT 665 024.9  30.2 025.8 -13.8 4.38E-06 012.7 237.4  16.1 0.033384 0.033908 0.092804 hargrave 2017-09-12 16:23:33 
TT 665 081.6  87.1 035.6  43.8 2.51E-06 059.0 180.6 -00.2 0.031707 0.358489 0.223556 hargrave 2017-09-12 16:36:48 
TT 665 025.5  30.3 026.3 -13.7 4.35E-06 012.9 237.2  16.6 0.027826 0.032131 0.095711 hargrave 2017-09-12 17:10:11 
TT 670 018.6  23.5 019.0 -19.6 8.73E-06 005.5 245.2  11.9 0.030435 0.047885 0.078444 hargrave 2017-09-14 17:53:09 
TT 672 020.3  28.8 021.5 -14.6 5.30E-06 008.4 239.6  12.5 0.035418 0.044409 0.069699 hargrave 2017-09-15 18:17:52 
TT 674 017.4  24.1 018.0 -18.8 6.27E-06 007.6 244.7  10.7 0.052010 0.047351 0.065061 hargrave 2017-09-19 13:52:46 
TT 674 015.0  23.1 015.4 -19.3 6.40E-06 007.5 246.1  08.6 0.034455 0.028849 0.076446 hargrave 2017-09-19 15:34:03 
TT 676 044.1  29.9 042.9 -13.7 2.36E-06 017.7 231.6  31.9 0.026292 0.028658 0.073784 hargrave 2017-09-22 16:06:47 
TT 676 040.6  23.2 040.5 -20.7 2.37E-06 016.7 240.3  31.5 0.019362 0.025375 0.071111 hargrave 2017-09-22 18:15:39 
TT 676 041.5  25.4 041.1 -18.5 2.33E-06 016.4 237.6  31.5 0.022533 0.025503 0.068078 hargrave 2017-09-22 18:49:37 
TT 678 025.2  30.2 026.0 -13.8 5.66E-06 007.9 237.3  16.3 0.045248 0.046276 0.068445 hargrave 2017-09-24 14:00:53 
TT 678 024.3  29.4 025.2 -14.6 5.80E-06 007.2 238.3  15.8 0.035701 0.028177 0.064961 hargrave 2017-09-24 16:03:17 
TT 678 024.1  28.6 024.9 -15.3 5.71E-06 007.2 239.2  15.8 0.033020 0.029272 0.062639 hargrave 2017-09-24 16:33:29 
TT 680 041.4  13.4 042.5 -30.4 1.02E-06 035.9 251.4  35.0 0.014852 0.017382 0.075368 hargrave 2017-09-25 12:48:28 
TT 680 033.4  19.5 033.4 -24.8 9.04E-07 036.3 246.5  26.1 0.014896 0.017268 0.064374 hargrave 2017-09-25 15:05:10 
TT 682 051.7  52.2 044.3  09.3 2.71E-06 011.3 207.0  24.1 0.023130 0.023294 0.053275 hargrave 2017-09-26 18:31:05 
TT 682 055.5  51.3 046.8  09.0 2.25E-06 013.7 205.9  26.4 0.015633 0.024861 0.051308 hargrave 2017-09-27 08:11:22 
TT 682 056.3  51.0 047.4  08.8 2.28E-06 013.7 205.8  27.0 0.015125 0.023512 0.053560 hargrave 2017-09-27 08:33:36 
TT 684 168.9  09.4 152.7  38.0 2.98E-06 012.4 100.6  14.7 0.016398 0.021502 0.067435 hargrave 2017-10-01 22:37:35 
TT 684 171.4  07.0 157.1  37.5 2.87E-06 011.6 097.9  12.4 0.015069 0.016945 0.059573 hargrave 2017-10-02 08:46:49 
TT 684 171.0  06.9 156.7  37.2 2.86E-06 011.7 097.8  12.9 0.013333 0.016439 0.060223 hargrave 2017-10-02 09:36:08 
TT 686 033.3  32.4 033.2 -11.9 4.91E-06 006.3 233.0  22.3 0.028731 0.016398 0.054810 hargrave 2017-10-03 09:20:01 
TT 688 176.2  24.1 146.5  53.6 2.93E-06 010.1 114.6  06.2 0.017548 0.015678 0.049346 hargrave 2017-10-05 14:05:24 
TT 688 176.5  22.6 148.6  52.8 2.85E-06 010.4 113.1  06.1 0.019483 0.012663 0.048628 hargrave 2017-10-05 16:25:34 
TT 688 176.5  22.2 149.1  52.4 2.85E-06 010.5 112.7  06.1 0.021844 0.013639 0.048012 hargrave 2017-10-05 17:34:41 
TT 690 015.5  18.4 014.8 -24.1 4.71E-06 009.0 250.8  09.6 0.038460 0.032910 0.056425 hargrave 2017-10-06 16:36:12 
TT 690 015.3  16.4 014.1 -26.0 4.70E-06 007.8 252.8  09.7 0.023857 0.028124 0.055008 hargrave 2017-10-06 19:46:07 
TT 690 015.5  17.9 014.7 -24.5 4.69E-06 008.3 251.2  09.7 0.032723 0.030409 0.054671 hargrave 2017-10-06 21:36:38 
TT 692 183.9  49.0 102.6  70.4 3.54E-06 008.8 138.9 -02.0 0.017830 0.022635 0.048387 hargrave 2017-10-08 17:06:35 
TT 692 184.1  48.0 105.6  70.5 3.48E-06 009.1 137.9 -02.1 0.017236 0.015346 0.051528 hargrave 2017-10-08 19:31:53 
