TR008 -Da mag compass orientation (IGRF corrected)
 351.44 214.3  71.0 302.6  44.3   1.0
NRM    343.3  40.6 357.2  06.9 2.42E-05 002.7 210.6 -20.2 0.090053 0.092442 0.032927 hargrave 2017-07-20 16:50:56 
TT 100 342.2  39.1 355.6  06.1 2.27E-05 003.2 210.9 -22.0 0.101265 0.119224 0.033166 hargrave 2017-07-21 16:29:28 
TT 200 341.2  39.0 354.9  06.4 2.22E-05 003.9 210.3 -22.5 0.107871 0.140841 0.031535 hargrave 2017-07-24 12:11:16 
TT 300 342.6  37.1 354.8  04.2 2.11E-05 003.2 212.5 -23.3 0.079532 0.102634 0.027810 hargrave 2017-07-25 09:17:02 
TT 350 340.1  37.1 353.1  05.4 2.03E-05 002.3 210.8 -24.5 0.073411 0.069027 0.027968 hargrave 2017-07-31 15:51:41 
TT 400 338.4  36.6 351.7  05.7 1.93E-05 002.1 209.9 -25.8 0.050152 0.065595 0.026718 hargrave 2017-08-01 14:01:29 
TT 450 336.7  36.3 350.5  06.2 1.83E-05 003.3 209.0 -26.8 0.065264 0.083185 0.024274 hargrave 2017-08-03 13:06:25 
TT 475 336.5  34.7 349.4  05.0 1.76E-05 002.4 209.8 -28.2 0.053211 0.052675 0.023913 hargrave 2017-08-04 09:43:06 
TT 500 336.3  34.5 349.1  04.9 1.69E-05 003.0 209.8 -28.5 0.064990 0.066082 0.022479 hargrave 2017-08-04 16:40:59 
TT 525 335.7  34.2 348.6  05.0 1.63E-05 002.2 209.5 -29.0 0.035193 0.053338 0.023233 hargrave 2017-08-07 15:17:09 
TT 550 336.2  32.5 347.9  03.4 1.54E-05 002.8 211.0 -30.1 0.042106 0.062124 0.022771 hargrave 2017-08-08 14:36:52 
TT 555 334.9  32.1 346.7  03.7 1.51E-05 001.4 210.3 -31.1 0.030792 0.031232 0.009490 hargrave 2017-08-09 13:58:36 
TT 555 335.8  31.6 347.1  02.8 1.48E-05 002.1 211.3 -31.0 0.036928 0.041722 0.019140 hargrave 2017-08-10 08:50:41 
TT 560 334.8  31.4 346.3  03.2 1.43E-05 001.9 210.6 -31.7 0.032248 0.037285 0.020164 hargrave 2017-08-16 14:24:56 
TT 565 332.1  31.7 344.6  04.7 1.38E-05 001.6 208.2 -32.7 0.027942 0.029161 0.018915 hargrave 2017-08-17 11:14:41 
TT 570 333.5  30.2 344.7  02.9 1.33E-05 002.0 210.3 -33.3 0.031529 0.034333 0.019394 hargrave 2017-08-17 20:29:19 
TT 575 331.3  29.8 342.8  03.7 1.29E-05 002.4 208.6 -34.7 0.031157 0.043434 0.018685 hargrave 2017-08-18 16:08:50 
TT 580 332.2  28.2 342.5  02.0 1.23E-05 002.0 210.4 -35.6 0.027464 0.031000 0.018303 hargrave 2017-08-21 13:11:47 
TT 600 327.3  29.4 339.9  05.6 1.10E-05 002.0 205.1 -36.8 0.025624 0.027068 0.016258 hargrave 2017-08-22 12:14:43 
TT 620 330.0  25.0 339.0  00.6 9.94E-06 002.4 210.6 -39.4 0.034268 0.025142 0.015692 hargrave 2017-08-23 11:15:12 
TT 630 321.8  13.9 325.9 -02.9 7.42E-06 002.7 208.9 -52.9 0.026048 0.023374 0.014400 hargrave 2017-08-24 07:46:48 
TT 640 337.5  26.9 345.6 -01.9 9.28E-06 003.5 216.1 -33.9 0.049067 0.033821 0.017259 hargrave 2017-08-24 15:56:13 
TT 645 301.0  21.4 316.9  16.2 7.65E-06 002.9 175.3 -49.4 0.029139 0.028736 0.013443 hargrave 2017-08-25 13:59:57 
TT 650 339.4  19.3 342.7 -09.1 9.44E-06 003.4 223.9 -38.5 0.045734 0.034042 0.016275 hargrave 2017-08-29 15:14:34 
TT 655 296.4  20.8 313.3  18.9 8.10E-06 004.4 168.6 -49.5 0.026708 0.055994 0.019641 hargrave 2017-09-01 15:17:02 
TT 660 333.4  28.5 343.6  01.6 1.02E-05 005.6 211.4 -34.8 0.038449 0.060207 0.090158 hargrave 2017-09-08 17:42:53 
TT 665 282.6  31.8 313.9  35.5 6.59E-06 007.7 157.4 -35.1 0.031903 0.048486 0.080605 hargrave 2017-09-12 14:18:18 
TT 665 284.8  31.6 315.0  33.9 6.38E-06 006.5 159.3 -36.1 0.037398 0.032199 0.080183 hargrave 2017-09-12 16:02:30 
TT 670 006.9  41.3 013.6 -00.1 6.05E-06 007.1 222.2 -06.5 0.027118 0.021290 0.075000 hargrave 2017-09-14 17:46:50 
TT 670 010.2  36.1 014.5 -05.8 5.88E-06 007.2 228.0 -06.9 0.024774 0.020285 0.073810 hargrave 2017-09-15 08:11:21 
TT 670 009.8  37.1 014.6 -04.7 5.91E-06 007.1 226.9 -06.6 0.026543 0.021044 0.072952 hargrave 2017-09-15 08:26:25 
TT 672 356.9  45.7 008.4  06.7 5.28E-06 008.6 214.2 -09.7 0.030587 0.032317 0.071823 hargrave 2017-09-15 18:11:30 
TT 674 356.7  34.2 003.5 -03.8 6.81E-06 005.3 223.3 -17.1 0.024640 0.033276 0.063058 hargrave 2017-09-19 13:46:23 
TT 676 326.6  72.6 012.7  36.7 4.03E-06 010.0 186.5  02.8 0.019694 0.037179 0.060762 hargrave 2017-09-22 15:59:39 
TT 676 339.9  71.4 015.0  32.9 3.94E-06 009.6 190.7  03.6 0.022398 0.029174 0.060011 hargrave 2017-09-22 18:10:50 
TT 676 335.9  71.8 014.2  34.0 3.86E-06 009.5 189.5  03.3 0.020952 0.025854 0.058878 hargrave 2017-09-22 18:44:52 
TT 678 340.5  64.4 010.1  27.4 6.20E-06 006.9 194.8 -02.0 0.024018 0.045776 0.060217 hargrave 2017-09-24 13:54:25 
TT 680 233.5  64.7 008.8  67.8 4.40E-06 008.1 155.9  09.3 0.032798 0.017242 0.054450 hargrave 2017-09-25 12:40:34 
TT 680 237.0  64.4 005.6  66.9 4.39E-06 006.9 156.3  07.8 0.028960 0.015876 0.047553 hargrave 2017-09-25 15:00:24 
TT 682 342.3  58.4 006.8  22.1 6.26E-06 004.6 198.9 -06.5 0.030226 0.027952 0.039277 hargrave 2017-09-26 18:24:52 
TT 684 215.6  50.8 011.9  84.6 4.76E-06 007.3 139.4  13.8 0.030054 0.033807 0.046332 hargrave 2017-10-01 22:30:27 
TT 684 214.8  48.8 007.9  86.5 4.51E-06 006.3 137.3  13.9 0.024324 0.014310 0.043105 hargrave 2017-10-02 08:42:08 
TT 686 338.7  45.1 356.8  12.5 5.01E-06 006.0 204.9 -18.7 0.038720 0.010658 0.041273 hargrave 2017-10-03 09:13:52 
TT 688 220.9 -04.9 223.2  38.9 4.08E-06 006.0 087.5 -07.8 0.026250 0.011747 0.033403 hargrave 2017-10-05 13:59:11 
TT 690 020.7  52.4 025.3  08.7 4.22E-06 007.6 216.7  07.0 0.023278 0.027602 0.046427 hargrave 2017-10-06 16:29:54 
TT 690 020.4  52.8 025.2  09.1 4.20E-06 007.5 216.2  07.0 0.023073 0.028028 0.045278 hargrave 2017-10-06 19:42:59 
TT 690 022.0  50.6 025.8  06.7 4.20E-06 008.1 218.7  07.1 0.026692 0.029997 0.048458 hargrave 2017-10-06 21:35:06 
TT 692 195.5 -15.9 194.2  26.5 4.91E-06 006.7 068.4  11.7 0.045800 0.016680 0.033231 hargrave 2017-10-08 17:01:38 
