TR008 -Ja mag compass orientation (IGRF corrected)
 361.96 201.3  72.0 302.6  44.3   1.0
NRM    021.7 -52.3 255.8 -80.2 3.87E-05 002.9 321.0 -13.9 0.205151 0.071285 0.181857 hargrave 2017-07-20 16:59:47 
TT 100 022.4 -54.4 245.8 -79.2 3.91E-05 002.5 323.1 -13.9 0.140085 0.072119 0.161799 hargrave 2017-07-21 16:38:17 
TT 200 022.9 -56.8 237.5 -77.4 3.92E-05 002.6 325.6 -14.1 0.122731 0.093764 0.156416 hargrave 2017-07-24 12:20:01 
TT 300 022.3 -56.6 239.3 -77.3 3.94E-05 002.5 325.4 -14.4 0.134496 0.075696 0.161491 hargrave 2017-07-25 09:25:49 
TT 350 022.4 -58.4 234.8 -75.8 3.86E-05 002.9 327.2 -14.7 0.072769 0.104432 0.175314 hargrave 2017-07-31 16:02:45 
TT 400 022.4 -58.1 235.5 -76.1 3.86E-05 002.7 326.9 -14.6 0.083418 0.084696 0.166789 hargrave 2017-08-01 14:12:38 
TT 450 024.3 -60.4 228.1 -74.5 3.96E-05 002.7 329.4 -14.1 0.116489 0.122336 0.136972 hargrave 2017-08-03 13:16:22 
TT 475 024.3 -59.0 230.2 -75.7 3.99E-05 002.1 328.1 -13.9 0.124149 0.096686 0.116041 hargrave 2017-08-04 09:52:10 
TT 500 024.5 -59.9 228.4 -75.0 3.98E-05 001.9 329.0 -13.9 0.107391 0.080953 0.115661 hargrave 2017-08-04 16:50:05 
TT 525 025.2 -61.6 225.1 -73.6 3.92E-05 002.1 330.7 -13.9 0.110560 0.075579 0.116437 hargrave 2017-08-07 15:27:54 
TT 550 025.3 -63.1 223.4 -72.1 3.91E-05 002.1 332.2 -14.2 0.081665 0.087824 0.123373 hargrave 2017-08-08 14:47:35 
TT 555 025.4 -63.4 223.0 -71.8 3.94E-05 001.0 332.6 -14.2 0.068065 0.064168 0.045364 hargrave 2017-08-09 14:09:07 
TT 555 025.4 -63.0 223.3 -72.2 3.88E-05 002.4 332.2 -14.2 0.079001 0.115877 0.129825 hargrave 2017-08-10 09:01:24 
TT 560 025.0 -63.1 223.8 -72.1 3.88E-05 002.1 332.2 -14.4 0.071139 0.069847 0.132313 hargrave 2017-08-16 14:35:40 
TT 565 025.5 -63.7 222.6 -71.6 3.87E-05 002.2 332.8 -14.2 0.066903 0.097724 0.127339 hargrave 2017-08-17 11:25:22 
TT 570 024.5 -62.3 225.4 -72.7 3.87E-05 002.2 331.4 -14.4 0.076086 0.074284 0.130116 hargrave 2017-08-17 20:40:05 
TT 575 025.3 -64.8 222.0 -70.5 3.86E-05 002.5 333.9 -14.6 0.088637 0.086812 0.130185 hargrave 2017-08-18 16:19:34 
TT 580 024.9 -64.0 223.1 -71.2 3.85E-05 002.5 333.1 -14.6 0.061228 0.095794 0.141354 hargrave 2017-08-21 13:22:33 
TT 600 024.6 -64.3 223.2 -70.9 3.82E-05 002.4 333.4 -14.8 0.062966 0.069496 0.144047 hargrave 2017-08-22 12:25:25 
TT 620 027.0 -67.8 218.1 -67.7 3.73E-05 002.7 337.2 -14.5 0.057678 0.103404 0.140949 hargrave 2017-08-23 11:26:00 
TT 630 030.6 -70.6 214.2 -65.1 3.68E-05 002.5 340.3 -13.9 0.061070 0.068196 0.140915 hargrave 2017-08-24 07:57:37 
TT 640 029.2 -68.0 216.0 -67.6 3.62E-05 002.5 337.6 -13.8 0.063352 0.051467 0.143344 hargrave 2017-08-24 16:07:04 
TT 645 028.8 -70.9 215.5 -64.7 3.61E-05 002.6 340.4 -14.6 0.053614 0.079369 0.143247 hargrave 2017-08-25 14:10:39 
TT 650 027.6 -68.8 217.2 -66.8 3.61E-05 002.5 338.2 -14.5 0.064739 0.066016 0.137474 hargrave 2017-08-29 15:25:21 
TT 655 028.0 -73.1 215.5 -62.5 3.63E-05 002.5 342.6 -15.3 0.051013 0.107493 0.109996 hargrave 2017-09-01 15:27:47 
TT 660 030.7 -70.1 214.2 -65.5 3.60E-05 003.4 339.8 -13.8 0.052533 0.127242 0.169795 hargrave 2017-09-08 17:52:13 
TT 665 031.7 -74.6 213.1 -61.1 3.64E-05 002.8 344.4 -14.6 0.044867 0.099510 0.148079 hargrave 2017-09-12 14:27:50 
TT 670 029.5 -69.6 215.2 -66.0 3.45E-05 003.9 339.2 -14.0 0.057636 0.060682 0.224531 hargrave 2017-09-14 17:56:16 
TT 672 030.1 -72.8 214.2 -62.8 3.54E-05 004.5 342.5 -14.6 0.049320 0.168143 0.219802 hargrave 2017-09-15 18:21:00 
TT 674 032.1 -73.6 212.9 -62.1 3.44E-05 003.9 343.4 -14.2 0.049249 0.093313 0.218364 hargrave 2017-09-19 13:55:54 
TT 676 033.2 -73.4 212.2 -62.3 3.28E-05 004.6 343.3 -13.9 0.052420 0.185887 0.187907 hargrave 2017-09-22 16:09:54 
TT 678 036.0 -76.3 211.0 -59.3 3.19E-05 004.7 346.4 -14.1 0.045032 0.190759 0.180972 hargrave 2017-09-24 14:04:02 
TT 680 032.9 -73.0 212.4 -62.7 2.70E-05 004.9 342.8 -13.9 0.067288 0.160517 0.163685 hargrave 2017-09-25 12:51:36 
TT 682 042.5 -60.2 194.2 -74.3 9.79E-06 005.7 332.3 -05.6 0.029522 0.049838 0.080850 hargrave 2017-09-26 18:34:10 
TT 684 079.0 -75.4 194.2 -54.5 6.34E-06 007.1 352.2 -05.5 0.011960 0.031257 0.072286 hargrave 2017-10-01 22:40:44 
TT 684 081.5 -76.1 194.8 -53.6 6.43E-06 006.5 353.1 -05.8 0.013166 0.029204 0.066293 hargrave 2017-10-02 08:48:24 
TT 686 031.1 -07.5 030.1 -51.8 2.21E-06 012.6 280.2  06.9 0.015621 0.011540 0.046417 hargrave 2017-10-03 09:23:05 
TT 686 027.7 -12.4 024.0 -56.5 2.18E-06 007.8 283.8  02.1 0.006963 0.011518 0.028467 hargrave 2017-10-03 11:35:39 
TT 686 031.9 -11.8 031.5 -56.1 2.19E-06 012.2 284.6  06.3 0.007527 0.011867 0.045768 hargrave 2017-10-03 12:28:20 
TT 688 036.0  27.9 035.7 -16.4 1.15E-06 022.4 246.3  20.9 0.012284 0.016464 0.043766 hargrave 2017-10-05 14:08:28 
TT 688 037.9  25.1 037.7 -19.0 1.15E-06 022.3 249.5  22.2 0.007870 0.013404 0.045737 hargrave 2017-10-05 16:27:09 
TT 688 036.7  24.5 036.6 -19.7 1.15E-06 021.9 249.9  21.0 0.007314 0.012146 0.044683 hargrave 2017-10-05 17:36:16 
TT 690 001.2  59.4 016.4  18.2 2.45E-06 010.0 208.7  05.7 0.015267 0.011984 0.041216 hargrave 2017-10-06 16:39:17 
TT 690 002.7  58.3 016.7  16.9 2.42E-06 010.2 210.0  06.0 0.012866 0.011523 0.041525 hargrave 2017-10-06 19:47:39 
TT 690 006.0  55.6 017.5  13.7 2.40E-06 010.6 213.3  06.5 0.015175 0.014468 0.042041 hargrave 2017-10-06 21:38:11 
TT 692 183.4  17.8 161.9  53.1 2.22E-06 008.7 102.5  21.9 0.007293 0.008834 0.037714 hargrave 2017-10-08 17:09:03 
TT 692 182.8  16.9 162.1  52.0 2.23E-06 008.6 101.3  22.2 0.010310 0.007751 0.035132 hargrave 2017-10-08 19:33:58 
