TR008 -Ca mag compass orientation (IGRF corrected)
 350.21 195.3  85.0 302.6  44.3   1.0
NRM    015.0  37.6 018.7 -05.2 2.68E-05 002.2 232.5  02.8 0.105945 0.097590 0.036021 hargrave 2017-07-20 16:49:31 
TT 100 014.5  37.1 018.2 -05.6 2.52E-05 002.9 232.9  02.4 0.121693 0.119821 0.037967 hargrave 2017-07-21 16:28:03 
TT 200 014.4  38.6 018.4 -04.1 2.50E-05 002.9 231.5  02.4 0.134938 0.104509 0.036095 hargrave 2017-07-24 12:09:51 
TT 300 015.4  36.2 018.7 -06.7 2.40E-05 002.5 234.0  03.0 0.084190 0.131129 0.038794 hargrave 2017-07-25 09:15:37 
TT 350 015.4  39.2 019.3 -03.7 2.28E-05 001.8 230.9  03.2 0.058671 0.090142 0.034176 hargrave 2017-07-31 15:49:57 
TT 400 016.3  38.1 019.8 -04.9 2.13E-05 001.2 232.1  03.9 0.043522 0.048379 0.032060 hargrave 2017-08-01 13:59:41 
TT 450 017.3  37.7 020.5 -05.4 2.02E-05 002.6 232.5  04.6 0.068164 0.082111 0.030271 hargrave 2017-08-03 13:04:56 
TT 475 018.3  38.0 021.3 -05.3 1.95E-05 003.0 232.3  05.4 0.080654 0.082409 0.028986 hargrave 2017-08-04 09:41:40 
TT 500 018.0  37.4 021.0 -05.9 1.91E-05 002.5 232.8  05.2 0.060492 0.070273 0.029837 hargrave 2017-08-04 16:39:34 
TT 525 019.9  37.8 022.6 -05.8 1.79E-05 001.5 232.5  06.7 0.044756 0.057919 0.026751 hargrave 2017-08-07 15:15:25 
TT 550 023.1  36.7 025.0 -07.2 1.70E-05 001.6 233.6  09.3 0.030069 0.054581 0.025667 hargrave 2017-08-08 14:35:07 
TT 555 024.6  34.7 025.9 -09.3 1.70E-05 001.3 235.6  10.4 0.032188 0.030493 0.019826 hargrave 2017-08-09 13:56:47 
TT 555 024.6  35.5 026.0 -08.4 1.67E-05 001.2 234.8  10.4 0.032559 0.034777 0.028752 hargrave 2017-08-10 08:48:57 
TT 560 025.7  36.8 027.1 -07.3 1.61E-05 001.3 233.5  11.3 0.017494 0.044999 0.027760 hargrave 2017-08-16 14:23:13 
TT 565 025.8  35.4 027.0 -08.7 1.56E-05 001.3 234.9  11.4 0.027326 0.039610 0.025853 hargrave 2017-08-17 11:12:57 
TT 570 025.5  36.7 026.9 -07.3 1.55E-05 001.3 233.5  11.2 0.023834 0.042727 0.026254 hargrave 2017-08-17 20:27:36 
TT 575 026.1  36.5 027.4 -07.6 1.47E-05 001.8 233.7  11.7 0.044285 0.031714 0.023135 hargrave 2017-08-18 16:07:02 
TT 580 026.4  34.9 027.5 -09.2 1.44E-05 001.6 235.4  12.0 0.036172 0.031191 0.023080 hargrave 2017-08-21 13:10:04 
TT 600 031.3  35.3 031.6 -09.0 1.31E-05 002.1 234.7  16.0 0.045605 0.030956 0.020478 hargrave 2017-08-22 12:12:59 
TT 620 032.1  33.4 032.2 -10.9 1.27E-05 002.2 236.6  16.8 0.054125 0.030026 0.021450 hargrave 2017-08-23 11:13:28 
TT 630 062.2  10.0 066.2 -28.3 6.72E-06 005.3 260.7  47.0 0.056081 0.027099 0.027146 hargrave 2017-08-24 07:45:05 
TT 640 028.4  25.5 028.6 -18.7 1.45E-05 001.6 245.0  13.9 0.033837 0.044670 0.026703 hargrave 2017-08-24 15:54:29 
TT 645 051.4  47.3 045.3  04.4 1.12E-05 002.7 218.2  27.5 0.059832 0.030476 0.016464 hargrave 2017-08-25 13:58:13 
TT 650 019.4  10.9 017.2 -32.1 1.67E-05 002.2 259.4  04.9 0.058655 0.044446 0.027900 hargrave 2017-08-29 15:12:50 
TT 655 137.0  51.4 086.9  41.9 8.79E-06 002.5 155.9  36.7 0.020929 0.035067 0.030268 hargrave 2017-09-01 15:15:19 
TT 660 017.5  43.5 021.7  00.2 1.87E-05 006.9 226.7  05.0 0.089795 0.095511 0.189639 hargrave 2017-09-08 17:41:23 
TT 665 188.7  27.8 157.8  64.0 1.01E-05 010.3 117.4  08.1 0.046012 0.059940 0.183421 hargrave 2017-09-12 14:16:52 
TT 665 189.2  27.2 159.5  63.8 9.46E-06 010.8 116.8  07.7 0.048884 0.043042 0.172329 hargrave 2017-09-12 16:01:03 
TT 665 189.3  27.3 159.6  63.9 9.49E-06 010.6 116.9  07.6 0.061509 0.048358 0.165416 hargrave 2017-09-12 16:21:59 
TT 665 284.6  84.9 025.5  47.0 3.88E-06 067.5 179.9 -00.1 0.033950 0.924833 0.299171 hargrave 2017-09-12 16:35:14 
TT 665 188.8  26.6 159.6  63.1 9.55E-06 010.4 116.2  08.1 0.052450 0.047158 0.166275 hargrave 2017-09-12 17:08:32 
TT 670 358.5  71.6 020.8  29.7 1.30E-05 008.7 197.6 -00.5 0.052012 0.062914 0.190071 hargrave 2017-09-14 17:45:18 
TT 670 356.0  66.9 017.5  26.0 1.19E-05 008.2 201.8 -02.8 0.053205 0.038604 0.169412 hargrave 2017-09-15 08:09:50 
TT 670 357.0  67.2 018.1  26.1 1.21E-05 008.1 201.6 -02.3 0.055774 0.039592 0.169754 hargrave 2017-09-15 08:24:54 
TT 672 202.8 -22.9 203.0  20.8 1.51E-05 007.8 067.5 -08.9 0.109176 0.050516 0.175041 hargrave 2017-09-15 18:09:57 
TT 674 299.8  77.1 014.3  44.9 1.38E-05 007.9 183.2 -07.5 0.058950 0.065152 0.177874 hargrave 2017-09-19 13:44:51 
TT 674 312.5  75.1 012.9  41.4 1.33E-05 007.7 186.8 -08.2 0.052304 0.071974 0.168257 hargrave 2017-09-19 15:32:23 
TT 676 188.8 -28.1 191.2  13.1 2.08E-05 004.9 061.4  03.3 0.102936 0.038932 0.155402 hargrave 2017-09-22 15:57:17 
TT 678 309.9  79.8 018.6  43.5 1.10E-05 009.8 184.2 -04.3 0.054316 0.126808 0.138828 hargrave 2017-09-24 13:52:48 
TT 678 332.9  75.7 017.0  37.3 1.07E-05 008.8 190.6 -04.7 0.048164 0.096604 0.136331 hargrave 2017-09-24 15:58:27 
TT 678 325.8  77.1 017.2  39.5 1.06E-05 007.6 188.3 -04.8 0.047525 0.050864 0.133162 hargrave 2017-09-24 16:28:41 
TT 680 192.3  27.7 163.8  65.9 8.31E-06 012.5 117.5  05.0 0.060113 0.045467 0.169943 hargrave 2017-09-25 12:39:03 
TT 680 194.7  22.4 174.6  62.5 8.59E-06 010.7 112.3  02.4 0.034787 0.029949 0.158474 hargrave 2017-09-25 14:58:51 
TT 682 357.5  53.1 011.8  13.3 1.55E-05 005.3 215.1 -06.5 0.072066 0.040417 0.126728 hargrave 2017-09-26 18:23:17 
TT 684 193.5 -02.0 187.5  39.4 1.14E-05 008.5 087.9  01.6 0.100872 0.069324 0.134246 hargrave 2017-10-01 22:28:54 
TT 684 194.5 -07.2 190.6  34.7 1.20E-05 006.2 082.8  00.2 0.046876 0.038111 0.121701 hargrave 2017-10-02 08:40:37 
TT 686 357.8  64.0 016.8  23.1 1.41E-05 006.2 204.7 -03.0 0.128399 0.033242 0.135361 hargrave 2017-10-03 09:12:22 
TT 688 192.7 -34.7 196.2  07.6 1.71E-05 005.2 055.2 -00.7 0.044125 0.040350 0.147448 hargrave 2017-10-05 13:57:40 
TT 690 346.7  69.5 015.7  30.0 1.23E-05 009.1 197.9 -04.9 0.042675 0.108378 0.160590 hargrave 2017-10-06 16:28:24 
TT 690 348.9  67.7 015.3  28.1 1.22E-05 008.1 199.9 -05.0 0.046906 0.083258 0.152318 hargrave 2017-10-06 19:41:29 
TT 690 350.3  68.2 016.1  28.2 1.22E-05 008.8 199.7 -04.3 0.049371 0.081694 0.168332 hargrave 2017-10-06 21:33:36 
TT 692 185.8 -17.7 185.0  22.1 1.52E-05 005.1 071.3  07.4 0.041117 0.019145 0.132517 hargrave 2017-10-08 17:00:25 
