TR008 -Fa mag compass orientation (IGRF corrected)
 351.74 208.3  81.0 302.6  44.3   1.0
NRM    337.3  45.8 356.5  13.6 2.81E-05 002.6 209.0 -25.0 0.084490 0.106325 0.034056 hargrave 2017-07-20 16:53:58 
TT 100 334.8  45.0 354.5  14.1 2.63E-05 003.8 208.1 -26.8 0.079312 0.165027 0.045014 hargrave 2017-07-21 16:32:30 
TT 200 332.8  45.3 353.6  15.2 2.56E-05 004.2 206.6 -27.5 0.077407 0.180372 0.038679 hargrave 2017-07-24 12:14:16 
TT 300 333.8  44.1 353.4  13.8 2.45E-05 003.6 208.2 -28.0 0.125330 0.107803 0.041066 hargrave 2017-07-25 09:20:03 
TT 350 330.0  44.2 351.3  15.5 2.32E-05 002.0 205.7 -29.6 0.071569 0.060784 0.032595 hargrave 2017-07-31 15:55:31 
TT 400 328.4  43.9 350.1  16.1 2.16E-05 002.4 204.7 -30.5 0.061844 0.078456 0.029802 hargrave 2017-08-01 14:05:17 
TT 450 328.0  42.6 349.0  15.3 2.08E-05 004.0 205.4 -31.7 0.085376 0.143399 0.030497 hargrave 2017-08-03 13:09:39 
TT 475 328.6  41.7 348.7  14.3 2.00E-05 003.7 206.4 -32.2 0.076385 0.110127 0.029875 hargrave 2017-08-04 09:46:08 
TT 500 327.0  42.2 348.1  15.5 1.88E-05 002.8 204.9 -32.5 0.062867 0.072222 0.031425 hargrave 2017-08-04 16:44:01 
TT 525 325.1  41.8 346.8  16.1 1.77E-05 002.1 203.8 -33.6 0.042933 0.047283 0.030415 hargrave 2017-08-07 15:20:49 
TT 550 325.1  41.6 346.7  16.0 1.68E-05 002.6 203.9 -33.7 0.047329 0.056318 0.029964 hargrave 2017-08-08 14:40:31 
TT 555 324.6  43.0 347.4  17.2 1.63E-05 001.6 202.7 -32.8 0.030515 0.037825 0.017570 hargrave 2017-08-09 14:02:11 
TT 555 324.8  42.8 347.3  17.0 1.60E-05 001.6 202.9 -32.9 0.025998 0.027097 0.027540 hargrave 2017-08-10 08:54:20 
TT 560 325.7  43.0 348.0  16.7 1.57E-05 001.7 203.5 -32.3 0.027043 0.027848 0.029184 hargrave 2017-08-16 14:28:39 
TT 565 325.1  42.7 347.4  16.8 1.53E-05 001.9 203.2 -32.8 0.029875 0.036882 0.025225 hargrave 2017-08-17 11:18:20 
TT 570 324.7  42.1 346.8  16.6 1.51E-05 001.9 203.3 -33.5 0.035281 0.026135 0.029790 hargrave 2017-08-17 20:33:02 
TT 575 322.4  42.1 345.5  17.8 1.49E-05 002.1 201.5 -34.3 0.036074 0.037613 0.025607 hargrave 2017-08-18 16:12:30 
TT 580 323.4  40.5 345.0  16.0 1.47E-05 002.1 203.3 -35.3 0.031383 0.039519 0.023376 hargrave 2017-08-21 13:15:26 
TT 600 318.8  40.8 342.5  18.7 1.35E-05 002.2 199.3 -36.7 0.032642 0.036825 0.023048 hargrave 2017-08-22 12:18:22 
TT 620 322.7  41.3 345.1  17.0 1.24E-05 002.3 202.3 -34.9 0.034612 0.032142 0.022689 hargrave 2017-08-23 11:18:54 
TT 630 312.9  42.4 340.5  23.0 1.07E-05 003.2 193.5 -36.8 0.040622 0.043564 0.022244 hargrave 2017-08-24 07:50:29 
TT 640 328.4  44.4 350.4  16.5 1.19E-05 002.6 204.5 -30.1 0.040394 0.035159 0.023979 hargrave 2017-08-24 15:59:54 
TT 645 302.8  37.0 330.5  25.4 9.11E-06 003.0 185.0 -43.8 0.034687 0.029622 0.021895 hargrave 2017-08-25 14:03:37 
TT 650 336.9  38.9 352.1  08.2 1.16E-05 002.9 214.2 -30.2 0.052322 0.029928 0.023135 hargrave 2017-08-29 15:18:13 
TT 655 299.1  40.5 331.5  29.8 9.31E-06 004.3 180.8 -40.5 0.029237 0.056401 0.033396 hargrave 2017-09-01 15:20:41 
TT 660 328.5  46.7 352.1  18.2 1.16E-05 005.3 203.0 -28.1 0.031715 0.038369 0.110695 hargrave 2017-09-08 17:46:00 
TT 665 284.9  31.1 314.7  33.5 7.93E-06 007.1 162.8 -47.9 0.026962 0.049633 0.103987 hargrave 2017-09-12 14:21:14 
TT 665 286.9  30.6 315.4  31.8 7.84E-06 006.1 165.0 -48.9 0.025648 0.037099 0.100158 hargrave 2017-09-12 16:04:00 
TT 670 322.8  44.2 347.2  19.0 9.04E-06 005.4 200.6 -32.4 0.027971 0.045012 0.090004 hargrave 2017-09-14 17:49:59 
TT 672 314.7  42.3 341.4  21.9 8.93E-06 005.6 195.1 -36.6 0.027551 0.061003 0.081154 hargrave 2017-09-15 18:14:44 
TT 674 352.7  42.3 004.2  04.9 6.32E-06 006.5 219.4 -18.6 0.022269 0.029482 0.075672 hargrave 2017-09-19 13:49:35 
TT 676 340.5  63.2 009.2  26.4 5.61E-06 009.3 198.0 -11.0 0.023335 0.068945 0.063546 hargrave 2017-09-22 16:02:48 
TT 676 346.1  60.9 010.0  23.0 5.54E-06 007.7 201.5 -10.7 0.022367 0.049301 0.062483 hargrave 2017-09-22 18:13:58 
TT 676 342.2  62.5 009.4  25.4 5.53E-06 007.6 199.0 -10.9 0.019913 0.044844 0.062419 hargrave 2017-09-22 18:48:01 
TT 678 335.2  55.5 001.6  22.1 5.44E-06 007.9 201.0 -18.6 0.026074 0.047454 0.060289 hargrave 2017-09-24 13:57:43 
TT 678 339.7  52.9 002.1  18.5 5.37E-06 007.5 204.9 -18.8 0.022609 0.046690 0.058244 hargrave 2017-09-24 16:01:40 
TT 678 338.0  53.9 001.8  19.9 5.36E-06 006.4 203.4 -18.8 0.020677 0.028894 0.058490 hargrave 2017-09-24 16:31:54 
TT 680 345.1  72.5 017.3  32.7 4.68E-06 007.9 192.7 -03.1 0.019636 0.022596 0.060321 hargrave 2017-09-25 12:43:42 
TT 682 324.0  65.6 005.3  33.2 3.23E-06 009.2 190.6 -13.0 0.017827 0.013759 0.049435 hargrave 2017-09-26 18:27:58 
TT 682 317.6  64.6 002.3  34.7 2.66E-06 010.3 188.4 -15.0 0.018741 0.012087 0.051308 hargrave 2017-09-27 08:09:46 
TT 682 317.5  65.2 002.9  35.0 2.64E-06 010.9 188.2 -14.5 0.019444 0.012102 0.053180 hargrave 2017-09-27 08:32:00 
TT 684 264.2  60.5 347.8  56.8 2.25E-06 016.1 163.3 -15.5 0.021247 0.038142 0.051799 hargrave 2017-10-01 22:34:24 
TT 684 269.6  57.8 343.2  54.0 2.02E-06 014.3 164.2 -19.2 0.019901 0.020382 0.050649 hargrave 2017-10-02 08:45:15 
TT 684 270.7  58.8 345.0  53.4 2.06E-06 014.0 165.3 -18.7 0.019647 0.019630 0.050361 hargrave 2017-10-02 09:34:34 
TT 686 024.9  50.3 027.7  06.2 4.64E-06 006.3 219.8  04.8 0.033255 0.021387 0.040378 hargrave 2017-10-03 09:16:56 
TT 688 211.1  23.3 208.9  67.6 4.49E-06 005.7 113.5  01.0 0.017920 0.022407 0.039456 hargrave 2017-10-05 14:02:17 
TT 690 052.0  33.0 049.0 -09.4 3.93E-06 009.7 237.7  24.7 0.032918 0.020708 0.063820 hargrave 2017-10-06 16:33:02 
TT 690 049.1  31.4 046.9 -11.5 3.86E-06 006.9 239.7  22.3 0.018045 0.015485 0.046855 hargrave 2017-10-06 19:44:33 
TT 692 229.6  45.9 309.7  78.2 4.04E-06 007.8 139.1 -07.9 0.021547 0.030396 0.043280 hargrave 2017-10-08 17:04:06 
TT 692 229.5  45.5 307.7  78.2 3.96E-06 007.2 138.7 -08.0 0.018053 0.024822 0.041230 hargrave 2017-10-08 19:26:27 
