TR008 -Ga mag compass orientation (IGRF corrected)
  352.6 218.3  68.0 302.6  44.3   1.0
NRM    057.1 -46.4 133.9 -73.1 1.14E-04 004.5 319.2 -03.8 0.619187 0.634114 0.176196 hargrave 2017-07-20 16:55:31 
TT 100 059.5 -49.3 143.7 -71.6 1.14E-04 003.6 322.5 -03.7 0.544939 0.482737 0.180371 hargrave 2017-07-21 16:34:02 
TT 200 056.6 -46.6 134.2 -73.4 1.15E-04 005.6 319.1 -04.1 0.785190 0.814129 0.176399 hargrave 2017-07-24 12:15:47 
TT 300 058.9 -50.1 146.3 -71.9 1.15E-04 002.1 323.0 -04.5 0.274580 0.303127 0.175213 hargrave 2017-07-25 09:21:35 
TT 350 057.8 -48.7 141.9 -72.7 1.14E-04 003.4 321.4 -04.4 0.432490 0.494526 0.185319 hargrave 2017-07-31 15:57:22 
TT 400 058.9 -49.8 145.3 -71.9 1.15E-04 002.7 322.7 -04.3 0.325237 0.384258 0.182269 hargrave 2017-08-01 14:07:13 
TT 450 059.1 -50.0 145.8 -71.8 1.17E-04 003.0 322.9 -04.3 0.417479 0.439704 0.188857 hargrave 2017-08-03 13:12:03 
TT 475 058.5 -49.2 143.4 -72.2 1.17E-04 002.9 322.1 -04.3 0.415458 0.417295 0.179382 hargrave 2017-08-04 09:47:41 
TT 500 058.9 -49.7 145.0 -72.0 1.16E-04 003.9 322.6 -04.3 0.565203 0.548651 0.186595 hargrave 2017-08-04 16:45:43 
TT 525 059.2 -50.4 147.1 -71.7 1.15E-04 002.3 323.3 -04.4 0.272085 0.312454 0.187251 hargrave 2017-08-07 15:22:40 
TT 550 059.1 -50.2 146.5 -71.8 1.14E-04 003.0 323.1 -04.5 0.368090 0.447879 0.185256 hargrave 2017-08-08 14:42:22 
TT 555 058.1 -49.2 143.2 -72.5 1.16E-04 003.1 321.9 -04.5 0.398023 0.488713 0.088263 hargrave 2017-08-09 14:04:01 
TT 555 059.1 -50.5 147.3 -71.7 1.14E-04 003.6 323.4 -04.5 0.433674 0.549816 0.204883 hargrave 2017-08-10 08:56:12 
TT 560 058.7 -49.9 145.6 -72.1 1.14E-04 001.9 322.7 -04.5 0.212211 0.236815 0.203640 hargrave 2017-08-16 14:30:30 
TT 565 059.7 -51.2 149.6 -71.3 1.14E-04 002.2 324.2 -04.6 0.243250 0.300943 0.203723 hargrave 2017-08-17 11:20:11 
TT 570 059.3 -51.0 149.1 -71.6 1.13E-04 002.4 323.9 -04.7 0.265830 0.337199 0.200543 hargrave 2017-08-17 20:34:54 
TT 575 059.1 -50.9 148.6 -71.7 1.13E-04 001.2 323.7 -04.7 0.105026 0.127092 0.184028 hargrave 2017-08-18 16:14:22 
TT 580 058.8 -50.7 148.2 -71.9 1.13E-04 002.7 323.5 -04.8 0.311372 0.378589 0.184766 hargrave 2017-08-21 13:17:22 
TT 600 059.0 -50.3 147.0 -71.9 1.11E-04 001.9 323.2 -04.6 0.207862 0.256743 0.183476 hargrave 2017-08-22 12:20:14 
TT 620 061.5 -53.0 154.4 -70.0 1.08E-04 001.6 326.3 -04.5 0.150469 0.187517 0.179795 hargrave 2017-08-23 11:20:46 
TT 630 075.6 -63.2 174.1 -60.4 1.05E-04 012.2 338.9 -04.6 0.818391 2.101429 0.182909 hargrave 2017-08-24 07:52:21 
TT 630 061.9 -53.1 154.7 -69.7 1.07E-04 002.1 326.5 -04.4 0.223817 0.281735 0.179708 hargrave 2017-08-24 09:25:07 
TT 640 061.3 -52.6 153.4 -70.2 1.05E-04 002.7 325.9 -04.5 0.272945 0.367004 0.175908 hargrave 2017-08-24 16:01:46 
TT 645 059.9 -52.5 153.5 -71.0 1.03E-04 001.2 325.4 -05.1 0.063275 0.096146 0.173795 hargrave 2017-08-25 14:05:28 
TT 650 060.2 -53.3 155.9 -70.7 1.03E-04 001.2 326.2 -05.4 0.076920 0.101225 0.175029 hargrave 2017-08-29 15:20:10 
TT 655 063.5 -56.1 162.1 -68.2 1.02E-04 001.3 329.5 -05.2 0.079610 0.107149 0.193825 hargrave 2017-09-01 15:22:32 
TT 660 063.4 -55.5 160.6 -68.4 1.03E-04 001.7 329.0 -04.9 0.144554 0.215363 0.154882 hargrave 2017-09-08 17:47:35 
TT 665 063.3 -56.1 162.4 -68.3 1.01E-04 001.0 329.5 -05.3 0.060749 0.062563 0.163087 hargrave 2017-09-12 14:22:44 
TT 670 061.0 -53.9 157.2 -70.1 1.00E-04 001.9 326.9 -05.3 0.147893 0.206354 0.212486 hargrave 2017-09-14 17:51:36 
TT 670 061.4 -54.4 158.5 -69.8 1.00E-04 001.3 327.5 -05.4 0.053310 0.071578 0.210653 hargrave 2017-09-15 09:08:03 
TT 672 063.5 -56.4 163.0 -68.1 9.92E-05 001.4 329.8 -05.4 0.061233 0.055119 0.221283 hargrave 2017-09-15 18:16:20 
TT 672 062.0 -55.2 160.4 -69.2 9.96E-05 001.2 328.3 -05.4 0.054991 0.095437 0.188091 hargrave 2017-09-16 15:40:42 
TT 674 061.8 -53.7 156.5 -69.7 9.28E-05 001.4 327.0 -04.8 0.065666 0.111134 0.195011 hargrave 2017-09-19 13:51:14 
TT 674 061.6 -53.7 156.4 -69.8 9.30E-05 001.5 326.9 -04.9 0.123101 0.100439 0.197039 hargrave 2017-09-19 17:59:22 
TT 676 061.0 -53.0 154.7 -70.3 8.06E-05 001.7 326.2 -04.8 0.088441 0.142327 0.170482 hargrave 2017-09-22 16:04:25 
TT 678 061.2 -53.0 154.5 -70.1 8.16E-05 001.5 326.2 -04.7 0.069407 0.115398 0.171820 hargrave 2017-09-24 13:59:20 
TT 680 064.2 -55.6 160.7 -67.9 7.75E-05 001.4 329.4 -04.6 0.052981 0.063097 0.175832 hargrave 2017-09-25 12:45:18 
TT 682 063.7 -46.1 135.0 -68.5 1.57E-05 002.8 321.2  00.3 0.033689 0.054063 0.052825 hargrave 2017-09-26 18:29:34 
TT 684 058.3 -47.7 138.4 -72.3 1.74E-05 002.3 320.7 -03.6 0.035318 0.058409 0.046009 hargrave 2017-10-01 22:36:01 
TT 686 049.0 -05.4 057.0 -47.2 4.88E-06 005.2 279.0  07.8 0.027040 0.015900 0.034671 hargrave 2017-10-03 09:18:30 
TT 688 191.5 -80.6 208.4 -36.9 1.51E-06 013.0 008.8 -17.5 0.003902 0.002154 0.035964 hargrave 2017-10-05 14:03:52 
TT 688 179.5 -81.7 206.8 -38.6 1.58E-06 012.9 006.7 -16.7 0.005768 0.002997 0.036249 hargrave 2017-10-05 16:24:03 
TT 688 183.0 -81.2 207.1 -37.9 1.59E-06 012.9 007.5 -16.8 0.007839 0.003904 0.035840 hargrave 2017-10-05 17:33:09 
TT 690 037.7  14.6 038.3 -29.5 5.61E-06 005.1 256.2  04.9 0.043079 0.017659 0.023298 hargrave 2017-10-06 16:34:41 
TT 692 255.4 -25.9 250.8  08.5 2.59E-06 008.4 074.3 -41.8 0.024492 0.009482 0.035964 hargrave 2017-10-08 17:05:22 
TT 692 255.1 -26.7 250.1  07.9 2.62E-06 007.8 073.2 -41.7 0.021101 0.008364 0.035622 hargrave 2017-10-08 19:29:30 
