TR008 -Aa mag compass orientation (IGRF corrected)
  349.7 228.3  51.0 302.6  44.3   1.0
NRM    347.6  35.2 357.3  00.5 5.74E-05 001.7 204.1 -11.0 0.113544 0.104746 0.110401 hargrave 2017-07-20 16:46:49 
TT 100 350.6  32.5 358.1 -03.1 5.56E-05 001.8 207.5 -12.5 0.071808 0.156627 0.099452 hargrave 2017-07-21 16:25:22 
TT 200 349.6  32.7 357.5 -02.5 5.53E-05 002.4 206.7 -12.7 0.159220 0.181670 0.094968 hargrave 2017-07-24 12:07:10 
TT 300 348.0  33.2 356.6 -01.4 5.45E-05 003.0 205.2 -12.7 0.173328 0.234637 0.083665 hargrave 2017-07-25 09:12:57 
TT 350 349.1  32.0 356.8 -02.9 5.32E-05 001.5 206.5 -13.5 0.066051 0.086884 0.106374 hargrave 2017-07-31 15:46:32 
TT 400 349.1  31.3 356.5 -03.5 5.17E-05 001.7 206.8 -14.1 0.023606 0.115465 0.103408 hargrave 2017-08-01 13:56:18 
TT 450 350.2  30.8 357.1 -04.4 5.15E-05 001.7 208.0 -14.2 0.082194 0.132301 0.074665 hargrave 2017-08-03 13:02:14 
TT 475 350.2  30.8 357.1 -04.4 5.08E-05 001.2 207.9 -14.1 0.087613 0.083786 0.076074 hargrave 2017-08-04 09:38:56 
TT 500 349.5  30.8 356.6 -04.1 4.99E-05 001.3 207.4 -14.4 0.098087 0.090098 0.076298 hargrave 2017-08-04 16:36:39 
TT 525 350.3  30.6 357.1 -04.6 4.79E-05 001.2 208.1 -14.3 0.074112 0.054486 0.077025 hargrave 2017-08-07 15:12:05 
TT 550 351.0  30.5 357.6 -05.0 4.80E-05 002.7 208.7 -14.1 0.422084 0.081312 0.076271 hargrave 2017-08-08 14:31:48 
TT 555 350.4  30.2 356.9 -05.0 4.68E-05 001.4 208.3 -14.7 0.055522 0.108312 0.029136 hargrave 2017-08-09 13:53:32 
TT 555 349.1  30.5 356.1 -04.2 2.33E-05 065.0 207.2 -14.8 2.144012 1.102490 0.639387 hargrave 2017-08-09 15:17:53 
TT 555 350.0  30.7 356.9 -04.4 4.59E-05 001.5 207.8 -14.3 0.060405 0.089199 0.084497 hargrave 2017-08-10 08:45:39 
TT 560 349.5  30.7 356.5 -04.2 4.53E-05 001.4 207.4 -14.5 0.060648 0.075870 0.084853 hargrave 2017-08-16 14:19:05 
TT 565 351.5  30.1 357.7 -05.6 4.50E-05 001.8 209.3 -14.3 0.053360 0.115959 0.082657 hargrave 2017-08-17 11:09:33 
TT 570 351.7  30.6 358.1 -05.2 4.42E-05 001.3 209.2 -13.8 0.047724 0.069842 0.079416 hargrave 2017-08-17 20:24:17 
TT 575 353.0  30.1 358.9 -06.1 4.36E-05 003.4 210.4 -13.7 0.103210 0.227145 0.080741 hargrave 2017-08-18 16:03:43 
TT 580 351.6  30.6 358.1 -05.1 4.32E-05 001.6 209.1 -13.8 0.043778 0.092787 0.074016 hargrave 2017-08-21 13:06:46 
TT 600 351.7  31.3 358.5 -04.6 4.27E-05 001.5 208.9 -13.2 0.039148 0.080816 0.079260 hargrave 2017-08-22 12:09:40 
TT 620 350.3  31.0 357.2 -04.2 4.09E-05 001.9 207.9 -13.9 0.063951 0.099219 0.082023 hargrave 2017-08-23 11:10:08 
TT 630 349.6  32.9 357.6 -02.3 4.00E-05 002.0 206.5 -12.4 0.074064 0.087090 0.087888 hargrave 2017-08-24 07:41:46 
TT 640 352.0  31.5 358.8 -04.5 4.11E-05 002.5 209.1 -12.9 0.070392 0.142272 0.094264 hargrave 2017-08-24 15:51:09 
TT 645 343.6  33.4 353.5  00.7 3.74E-05 001.7 201.5 -13.9 0.044782 0.079422 0.079763 hargrave 2017-08-25 13:54:54 
TT 650 357.7  30.0 002.6 -07.9 4.05E-05 001.4 214.2 -11.8 0.030990 0.063489 0.076272 hargrave 2017-08-29 15:09:30 
TT 655 347.8  32.4 356.1 -02.0 3.74E-05 002.1 205.3 -13.5 0.048794 0.114608 0.063790 hargrave 2017-09-01 15:12:00 
TT 660 341.2  30.3 350.2 -00.8 3.53E-05 003.5 200.6 -17.5 0.066895 0.202357 0.071811 hargrave 2017-09-08 17:38:09 
TT 665 320.6  19.5 328.8  02.0 1.63E-05 005.2 182.6 -31.5 0.059100 0.123131 0.081704 hargrave 2017-09-12 14:13:48 
TT 665 315.4  51.3 349.1  27.5 1.36E-05 031.7 178.2  00.3 0.067622 0.030509 0.840631 hargrave 2017-09-12 16:32:11 
TT 665 322.2  18.9 329.6  00.5 1.59E-05 004.3 184.4 -32.0 0.061278 0.104122 0.079635 hargrave 2017-09-12 17:05:17 
TT 670 329.8  40.7 348.8  13.0 1.88E-05 005.8 188.8 -09.6 0.036401 0.189639 0.063614 hargrave 2017-09-14 17:42:02 
TT 670 329.6  40.6 348.6  13.0 1.81E-05 002.8 188.7 -09.7 0.047861 0.071786 0.063030 hargrave 2017-09-15 09:06:16 
TT 672 307.1  38.3 334.0  23.6 1.17E-05 005.9 171.0 -12.0 0.055075 0.104605 0.059935 hargrave 2017-09-15 18:06:42 
TT 672 304.9  23.8 321.2  15.2 1.12E-05 016.8 166.4 -26.0 0.092585 0.038818 0.334228 hargrave 2017-09-16 15:38:54 
TT 672 307.7  36.1 332.4  21.8 1.11E-05 005.4 171.1 -14.3 0.057762 0.085417 0.061107 hargrave 2017-09-16 16:16:55 
TT 674 320.8  44.2 346.2  20.0 1.23E-05 005.0 181.8 -06.7 0.046568 0.093237 0.054981 hargrave 2017-09-19 13:41:35 
TT 674 323.5  44.0 347.4  18.5 1.17E-05 004.0 183.7 -06.9 0.050661 0.066390 0.052672 hargrave 2017-09-19 17:57:34 
TT 676 244.4  29.2 280.2  60.2 7.68E-06 007.5 122.4  06.8 0.055523 0.082131 0.062303 hargrave 2017-09-22 15:53:58 
TT 676 244.9  30.8 283.2  60.9 7.24E-06 006.5 123.9  07.6 0.045089 0.041614 0.066106 hargrave 2017-09-22 18:07:33 
TT 678 283.8  33.8 316.6  35.8 7.73E-06 007.5 151.4 -10.5 0.035878 0.073470 0.069925 hargrave 2017-09-24 13:49:32 
TT 678 285.3  33.6 317.3  34.7 7.25E-06 007.7 152.4 -11.2 0.042987 0.057907 0.072773 hargrave 2017-09-24 15:56:48 
TT 678 287.0  34.2 319.0  33.9 7.23E-06 007.2 154.1 -11.3 0.042131 0.050125 0.071394 hargrave 2017-09-24 16:27:01 
TT 680 242.3  44.2 309.1  69.0 8.04E-06 005.5 133.1  17.6 0.025513 0.059456 0.078734 hargrave 2017-09-25 12:35:44 
TT 682 290.2  38.9 325.4  34.5 9.55E-06 004.1 158.3 -07.9 0.037969 0.027584 0.060551 hargrave 2017-09-26 18:19:16 
TT 684 210.0 -16.5 209.8  27.8 7.62E-06 007.2 065.8  03.2 0.056343 0.029431 0.074565 hargrave 2017-10-01 22:25:37 
TT 684 206.8 -20.7 206.7  23.4 7.62E-06 006.4 060.6  02.5 0.046714 0.029507 0.066053 hargrave 2017-10-02 08:37:25 
TT 686 290.3  42.6 329.2  36.4 9.54E-06 003.3 159.7 -04.6 0.050107 0.022157 0.047150 hargrave 2017-10-03 09:09:09 
TT 688 209.6 -32.0 210.0  12.2 9.53E-06 006.0 054.0 -07.0 0.045457 0.043950 0.079875 hargrave 2017-10-05 13:54:28 
TT 690 115.8  27.9 098.0  15.2 5.55E-09 040.5 293.9  67.4 0.000314 0.000411 0.000536 hargrave 2017-10-06 16:25:11 
TT 690 326.3  50.0 353.3  21.6 4.40E-06 053.5 185.1 -00.7 0.468338 0.044936 0.010190 hargrave 2017-10-06 19:39:52 
TT 690 326.0  54.3 356.5  24.8 8.48E-06 007.4 184.5  03.6 0.028441 0.090600 0.062556 hargrave 2017-10-06 21:31:59 
TT 692 228.7 -19.6 229.1  23.1 7.57E-06 006.0 074.8 -12.5 0.019741 0.009384 0.077975 hargrave 2017-10-08 16:57:49 
