TR008 -Ea mag compass orientation (IGRF corrected)
 351.71 202.3  74.0 302.6  44.3   1.0
NRM    355.7  41.1 005.6  02.8 2.89E-05 002.0 222.9 -08.2 0.071027 0.114997 0.045723 hargrave 2017-07-20 16:52:25 
TT 100 354.3  37.8 003.3  00.3 2.63E-05 003.6 225.3 -10.8 0.146261 0.156647 0.047622 hargrave 2017-07-21 16:30:56 
TT 200 351.3  39.5 001.9  02.9 2.53E-05 004.2 222.5 -12.0 0.138810 0.163428 0.043766 hargrave 2017-07-24 12:12:44 
TT 300 354.2  34.9 002.0 -02.3 2.42E-05 003.1 227.8 -12.3 0.114352 0.142106 0.048482 hargrave 2017-07-25 09:18:30 
TT 350 351.1  37.8 001.1  01.5 2.34E-05 001.5 223.9 -12.9 0.043451 0.054416 0.042339 hargrave 2017-07-31 15:53:34 
TT 400 351.8  37.0 001.1  00.4 2.20E-05 002.0 225.0 -12.9 0.040314 0.068148 0.038804 hargrave 2017-08-01 14:03:21 
TT 450 350.9  36.6 000.4  00.5 2.05E-05 002.3 224.8 -13.7 0.076060 0.063336 0.039276 hargrave 2017-08-03 13:07:58 
TT 475 351.2  36.5 000.5  00.3 1.95E-05 004.0 225.1 -13.6 0.106925 0.093243 0.037154 hargrave 2017-08-04 09:44:35 
TT 500 351.4  36.6 000.7  00.3 1.89E-05 002.5 225.1 -13.4 0.063376 0.060122 0.036015 hargrave 2017-08-04 16:42:28 
TT 525 350.4  36.3 359.8  00.4 1.81E-05 001.7 224.9 -14.3 0.028973 0.043116 0.036426 hargrave 2017-08-07 15:18:57 
TT 550 350.0  36.6 359.7  00.8 1.74E-05 002.0 224.5 -14.3 0.035214 0.049704 0.035311 hargrave 2017-08-08 14:38:39 
TT 555 350.3  36.7 360.0  00.7 1.73E-05 001.4 224.6 -14.1 0.032618 0.029498 0.024596 hargrave 2017-08-09 14:00:22 
TT 555 350.6  36.4 360.0  00.4 1.69E-05 002.6 224.9 -14.1 0.056801 0.048493 0.034645 hargrave 2017-08-10 08:52:28 
TT 560 350.9  36.8 000.4  00.6 1.65E-05 002.3 224.7 -13.7 0.054529 0.040080 0.034347 hargrave 2017-08-16 14:26:47 
TT 565 350.3  37.2 000.2  01.2 1.62E-05 001.4 224.1 -13.8 0.027786 0.023408 0.032382 hargrave 2017-08-17 11:16:28 
TT 570 350.1  37.3 000.1  01.3 1.59E-05 001.6 223.9 -13.9 0.034448 0.027074 0.030975 hargrave 2017-08-17 20:31:10 
TT 575 349.4  37.2 359.5  01.5 1.54E-05 002.1 223.7 -14.4 0.030860 0.045662 0.029420 hargrave 2017-08-18 16:10:38 
TT 580 349.5  37.0 359.5  01.3 1.51E-05 001.6 223.9 -14.5 0.032200 0.025296 0.029032 hargrave 2017-08-21 13:13:35 
TT 600 349.5  36.0 359.0  00.4 1.41E-05 001.5 224.8 -15.0 0.024735 0.024883 0.027280 hargrave 2017-08-22 12:16:30 
TT 620 351.9  33.7 359.7 -02.5 1.26E-05 001.4 227.8 -14.6 0.021142 0.020020 0.024056 hargrave 2017-08-23 11:17:01 
TT 630 353.1  30.0 359.0 -06.3 1.03E-05 002.0 231.7 -15.5 0.021013 0.029537 0.020332 hargrave 2017-08-24 07:48:38 
TT 640 356.0  30.4 001.4 -06.9 1.23E-05 001.6 232.5 -13.2 0.023313 0.019300 0.026316 hargrave 2017-08-24 15:58:01 
TT 645 340.6  33.4 351.4  02.0 9.13E-06 001.5 222.4 -22.5 0.019352 0.018578 0.019798 hargrave 2017-08-25 14:01:45 
TT 650 356.1  27.3 000.2 -09.8 1.14E-05 001.8 235.4 -14.5 0.024249 0.020270 0.025532 hargrave 2017-08-29 15:16:21 
TT 655 332.4  35.0 346.8  07.2 7.59E-06 001.7 216.1 -26.4 0.016780 0.021247 0.020733 hargrave 2017-09-01 15:18:49 
TT 660 345.9  31.0 354.0 -02.3 9.68E-06 004.1 227.3 -20.3 0.027091 0.032235 0.079098 hargrave 2017-09-08 17:44:24 
TT 665 315.6  33.2 335.0  15.1 6.56E-06 005.3 204.1 -36.0 0.022534 0.034149 0.070369 hargrave 2017-09-12 14:19:43 
TT 670 343.3  34.3 353.8  01.6 7.80E-06 003.9 223.1 -20.1 0.024379 0.028867 0.059499 hargrave 2017-09-14 17:48:23 
TT 672 321.4  27.5 334.7  07.5 4.46E-06 004.2 213.3 -38.2 0.023806 0.033878 0.051997 hargrave 2017-09-15 18:13:02 
TT 674 000.8  31.5 005.6 -07.6 6.15E-06 005.0 233.4 -09.0 0.020593 0.022495 0.051831 hargrave 2017-09-19 13:47:55 
TT 676 054.1  70.0 040.7  26.7 2.65E-06 011.4 198.8  25.6 0.015050 0.029600 0.047675 hargrave 2017-09-22 16:01:11 
TT 676 053.2  67.1 041.2  23.8 2.61E-06 010.9 202.0  26.5 0.013041 0.021282 0.048719 hargrave 2017-09-22 18:12:22 
TT 676 054.0  68.4 041.2  25.2 2.60E-06 011.2 200.5  26.3 0.013571 0.022369 0.049562 hargrave 2017-09-22 18:46:24 
TT 678 359.3  42.7 008.8  03.3 3.89E-06 008.6 222.7 -05.1 0.032387 0.021264 0.047890 hargrave 2017-09-24 13:55:57 
TT 678 000.9  40.0 008.9  00.3 3.91E-06 008.2 225.7 -05.2 0.031023 0.018562 0.047446 hargrave 2017-09-24 16:00:03 
TT 678 000.8  40.5 009.0  00.8 3.90E-06 007.6 225.2 -05.1 0.025670 0.014019 0.046956 hargrave 2017-09-24 16:30:17 
TT 680 353.1  57.8 011.7  18.6 3.25E-06 008.6 207.7 -00.9 0.013071 0.020517 0.045550 hargrave 2017-09-25 12:42:06 
TT 680 346.5  60.1 009.7  22.2 3.17E-06 007.5 203.9 -02.4 0.014122 0.014711 0.039678 hargrave 2017-09-25 15:01:56 
TT 682 026.4  53.2 028.9  09.1 2.86E-06 009.6 218.2  15.2 0.011194 0.009390 0.049439 hargrave 2017-09-26 18:26:23 
TT 682 029.4  54.9 030.7  10.7 2.50E-06 011.2 216.6  17.1 0.009130 0.008559 0.049567 hargrave 2017-09-27 08:08:09 
TT 682 030.6  54.9 031.4  10.7 2.51E-06 011.3 216.7  17.8 0.011301 0.009570 0.049950 hargrave 2017-09-27 08:30:24 
TT 684 249.1 -04.7 255.8  30.1 1.07E-06 018.5 100.1 -46.1 0.016421 0.012391 0.038999 hargrave 2017-10-01 22:32:48 
TT 684 250.2 -14.6 251.8  20.9 1.05E-06 017.4 086.2 -49.4 0.017258 0.011320 0.036367 hargrave 2017-10-02 08:43:39 
TT 684 250.8 -12.9 253.2  22.0 1.03E-06 015.7 088.8 -49.8 0.015255 0.011242 0.034483 hargrave 2017-10-02 09:32:59 
TT 686 015.0  34.7 018.1 -08.0 3.91E-06 006.3 234.7  03.3 0.015023 0.015134 0.043069 hargrave 2017-10-03 09:15:22 
TT 688 200.0  00.8 195.0  43.7 1.51E-06 011.2 090.1  02.5 0.009584 0.015179 0.027733 hargrave 2017-10-05 14:00:41 
TT 688 198.1 -03.1 193.6  39.6 1.53E-06 011.7 085.9  03.2 0.013180 0.015325 0.027900 hargrave 2017-10-05 16:22:29 
TT 688 198.4 -02.4 193.9  40.2 1.52E-06 011.7 086.6  03.1 0.012790 0.014600 0.027879 hargrave 2017-10-05 17:31:34 
TT 690 037.8  28.1 037.3 -16.1 2.91E-06 004.6 245.5  20.8 0.020888 0.015486 0.012973 hargrave 2017-10-06 16:31:27 
TT 692 212.7  31.5 212.9  75.8 1.06E-06 017.1 123.0 -00.2 0.011241 0.008651 0.030540 hargrave 2017-10-08 17:02:50 
TT 692 212.5  29.8 212.2  74.1 1.04E-06 019.1 121.3 -00.6 0.015569 0.008234 0.032382 hargrave 2017-10-08 19:25:15 
