TR008 -Ma mag compass orientation (IGRF corrected)
 368.32 205.3  81.0 302.6  44.3   1.0
NRM    313.4  04.0 313.2 -04.6 5.43E-05 002.7 235.0 -67.7 0.165141 0.195485 0.064549 hargrave 2017-07-20 17:06:46 
TT 100 311.5  02.6 310.8 -04.3 5.33E-05 002.4 235.1 -70.1 0.153613 0.148453 0.080036 hargrave 2017-07-21 16:44:49 
TT 200 311.7  02.2 310.7 -04.7 5.29E-05 002.3 236.3 -70.2 0.149848 0.140115 0.070645 hargrave 2017-07-24 12:26:32 
TT 300 311.7  01.8 310.4 -05.1 5.24E-05 002.3 237.4 -70.4 0.165041 0.135335 0.059623 hargrave 2017-07-25 09:32:20 
TT 350 311.5  01.9 310.3 -04.8 5.21E-05 002.2 236.7 -70.6 0.131027 0.150641 0.054443 hargrave 2017-07-31 16:10:15 
TT 400 311.0  01.3 309.6 -04.9 5.18E-05 002.3 237.3 -71.2 0.135021 0.162427 0.056016 hargrave 2017-08-01 14:19:12 
TT 450 310.7  00.8 309.0 -05.1 5.15E-05 002.2 238.3 -71.8 0.135091 0.138896 0.062362 hargrave 2017-08-03 13:21:41 
TT 475 310.6  00.2 308.5 -05.4 5.12E-05 002.2 239.7 -72.2 0.144794 0.129268 0.067643 hargrave 2017-08-04 09:57:26 
TT 500 310.1 -00.6 307.5 -05.6 5.05E-05 002.2 241.1 -73.1 0.140174 0.132293 0.068049 hargrave 2017-08-04 16:55:17 
TT 525 309.9  00.0 307.8 -05.1 5.02E-05 002.3 239.0 -72.9 0.132136 0.149457 0.064480 hargrave 2017-08-07 15:34:16 
TT 550 310.2 -01.0 307.3 -06.0 4.95E-05 002.2 242.4 -73.2 0.129511 0.138094 0.061876 hargrave 2017-08-08 14:53:57 
TT 555 309.9 -00.6 307.4 -05.5 5.00E-05 002.0 240.9 -73.2 0.124805 0.120801 0.053434 hargrave 2017-08-09 14:15:23 
TT 555 310.4 -01.0 307.5 -06.1 4.92E-05 002.3 242.7 -72.9 0.149552 0.139703 0.070826 hargrave 2017-08-10 09:07:45 
TT 560 310.4 -00.9 307.6 -06.1 4.89E-05 002.2 242.5 -72.9 0.133896 0.130227 0.067632 hargrave 2017-08-16 14:42:00 
TT 565 310.0 -00.8 307.3 -05.7 4.88E-05 002.4 241.5 -73.2 0.154612 0.140666 0.070657 hargrave 2017-08-17 11:31:43 
TT 570 310.3 -01.2 307.3 -06.3 4.84E-05 002.1 243.4 -73.2 0.135434 0.123051 0.084439 hargrave 2017-08-17 20:47:16 
TT 575 309.7 -00.6 307.2 -05.4 4.82E-05 002.3 240.4 -73.4 0.139728 0.140077 0.087753 hargrave 2017-08-18 16:26:46 
TT 580 309.9 -01.1 307.0 -05.9 4.79E-05 002.7 242.4 -73.5 0.173185 0.151372 0.093538 hargrave 2017-08-21 13:28:56 
TT 600 309.1 -01.3 306.4 -05.4 4.69E-05 002.4 241.4 -74.3 0.135537 0.138993 0.092869 hargrave 2017-08-22 12:31:50 
TT 620 309.2 -02.5 305.6 -06.4 4.51E-05 002.2 245.6 -74.7 0.125148 0.123452 0.090252 hargrave 2017-08-23 11:32:21 
TT 630 308.7 -03.0 304.9 -06.5 4.41E-05 002.5 246.8 -75.4 0.151041 0.125317 0.087300 hargrave 2017-08-24 08:03:57 
TT 640 309.1 -03.2 305.0 -06.8 4.31E-05 002.5 248.0 -75.1 0.146160 0.123692 0.088168 hargrave 2017-08-24 16:13:26 
TT 645 308.4 -03.4 304.4 -06.5 4.28E-05 002.4 247.7 -75.8 0.132044 0.129547 0.084581 hargrave 2017-08-25 14:17:01 
TT 650 309.1 -04.0 304.4 -07.4 4.25E-05 002.5 250.8 -75.4 0.135337 0.128062 0.084134 hargrave 2017-08-29 15:31:50 
TT 655 308.1 -04.7 303.2 -07.2 4.24E-05 002.8 252.2 -76.6 0.165616 0.132607 0.104812 hargrave 2017-09-01 15:34:07 
TT 660 308.5 -05.2 303.2 -07.8 4.18E-05 002.3 254.6 -76.3 0.124857 0.117718 0.082317 hargrave 2017-09-08 17:59:20 
TT 665 307.6 -05.1 302.5 -07.1 4.13E-05 002.4 253.3 -77.2 0.129844 0.120851 0.088258 hargrave 2017-09-12 14:34:44 
TT 670 308.2 -04.9 303.2 -07.4 4.05E-05 002.3 253.1 -76.5 0.103511 0.124554 0.064492 hargrave 2017-09-14 18:03:24 
TT 672 307.9 -05.8 302.3 -07.8 3.96E-05 002.2 256.3 -77.1 0.107253 0.108823 0.063981 hargrave 2017-09-15 18:28:10 
TT 674 307.7 -05.0 302.8 -07.2 3.92E-05 002.5 252.8 -77.0 0.109335 0.129332 0.066766 hargrave 2017-09-19 14:03:04 
TT 676 306.9 -05.2 302.0 -06.7 3.78E-05 003.0 252.5 -77.9 0.145635 0.139351 0.066566 hargrave 2017-09-22 16:17:50 
TT 678 306.6 -05.5 301.6 -06.7 3.60E-05 002.9 253.2 -78.2 0.121957 0.135827 0.074493 hargrave 2017-09-24 14:12:02 
TT 680 307.0 -05.0 302.2 -06.6 3.07E-05 002.5 251.8 -77.7 0.081654 0.109095 0.055901 hargrave 2017-09-25 12:58:44 
TT 682 305.2 -04.0 301.6 -04.7 2.26E-05 002.7 243.7 -79.0 0.063038 0.086696 0.045395 hargrave 2017-09-26 18:40:27 
TT 684 301.4 -06.4 297.2 -03.7 1.21E-05 002.6 247.2 -83.5 0.036425 0.042273 0.021244 hargrave 2017-10-01 22:48:37 
TT 686 326.3 -02.5 318.3 -18.2 5.36E-06 002.8 260.0 -58.5 0.022020 0.009193 0.017900 hargrave 2017-10-03 09:30:52 
TT 688 267.2 -29.0 258.1  00.4 2.68E-06 003.6 049.0 -56.9 0.009855 0.007624 0.015660 hargrave 2017-10-05 14:16:17 
TT 690 319.5  36.1 339.5  14.9 1.77E-06 008.6 205.4 -39.5 0.007935 0.022429 0.018995 hargrave 2017-10-06 16:47:00 
TT 690 317.3  36.7 338.6  16.6 1.79E-06 006.7 203.1 -39.9 0.005088 0.016648 0.018852 hargrave 2017-10-06 19:50:58 
TT 692 291.3  66.0 358.1  45.2 1.78E-06 007.0 178.3 -15.0 0.005791 0.015162 0.015414 hargrave 2017-10-08 17:15:39 
