TR008 -Ia mag compass orientation (IGRF corrected)
 360.82 190.3  60.0 302.6  44.3   1.0
NRM    046.0  34.7 043.7 -08.7 1.95E-05 002.3 249.2  44.5 0.045774 0.070403 0.016146 hargrave 2017-07-20 16:58:26 
TT 100 046.4  33.1 044.3 -10.2 1.83E-05 002.4 251.5  44.5 0.051756 0.067823 0.009477 hargrave 2017-07-21 16:36:56 
TT 200 047.0  30.7 045.2 -12.5 1.81E-05 002.4 254.9  44.4 0.052984 0.064196 0.010996 hargrave 2017-07-24 12:18:41 
TT 300 047.7  31.5 045.7 -11.5 1.77E-05 002.6 254.0  45.2 0.056462 0.061382 0.017150 hargrave 2017-07-25 09:24:29 
TT 350 048.1  30.9 046.1 -12.2 1.74E-05 002.3 255.0  45.4 0.058478 0.038157 0.017190 hargrave 2017-07-31 16:01:00 
TT 400 050.0  29.2 048.1 -13.5 1.68E-05 001.7 258.0  46.6 0.037534 0.038987 0.017036 hargrave 2017-08-01 14:10:54 
TT 450 051.6  27.2 050.1 -15.1 1.60E-05 002.1 261.3  47.5 0.042375 0.045392 0.013530 hargrave 2017-08-03 13:15:01 
TT 475 052.7  27.6 050.9 -14.4 1.55E-05 001.8 261.0  48.5 0.034906 0.038899 0.008431 hargrave 2017-08-04 09:50:40 
TT 500 054.0  26.4 052.4 -15.3 1.49E-05 001.9 263.3  49.3 0.037739 0.039580 0.008178 hargrave 2017-08-04 16:48:44 
TT 525 055.9  25.7 054.3 -15.5 1.45E-05 002.6 265.1  50.8 0.057919 0.034651 0.007275 hargrave 2017-08-07 15:26:14 
TT 550 056.4  24.2 055.2 -16.8 1.39E-05 002.4 267.5  50.7 0.047158 0.042613 0.008148 hargrave 2017-08-08 14:45:54 
TT 555 058.6  22.6 057.7 -17.7 1.40E-05 001.6 271.1  52.1 0.026052 0.036787 0.004496 hargrave 2017-08-09 14:07:29 
TT 555 058.4  23.2 057.4 -17.2 1.37E-05 002.5 270.1  52.2 0.044981 0.040702 0.017172 hargrave 2017-08-10 08:59:44 
TT 560 059.5  23.2 058.4 -16.9 1.33E-05 002.9 270.7  53.1 0.056774 0.037126 0.014697 hargrave 2017-08-16 14:34:01 
TT 565 060.0  22.9 058.9 -17.0 1.32E-05 002.5 271.4  53.4 0.042980 0.037169 0.015159 hargrave 2017-08-17 11:23:43 
TT 570 059.3  22.8 058.4 -17.3 1.33E-05 002.8 271.2  52.8 0.051607 0.038347 0.013477 hargrave 2017-08-17 20:38:25 
TT 575 060.8  22.8 059.7 -16.9 1.31E-05 002.8 271.9  54.1 0.051492 0.037432 0.011619 hargrave 2017-08-18 16:17:55 
TT 580 059.4  23.1 058.3 -17.0 1.30E-05 002.5 270.7  53.0 0.043666 0.037447 0.011880 hargrave 2017-08-21 13:20:53 
TT 600 060.8  22.5 059.8 -17.1 1.28E-05 002.4 272.4  54.0 0.037934 0.037275 0.011478 hargrave 2017-08-22 12:23:46 
TT 620 063.1  18.8 063.3 -19.8 1.25E-05 003.0 279.6  54.5 0.053108 0.037287 0.012720 hargrave 2017-08-23 11:24:19 
TT 630 064.8  17.0 065.7 -20.9 1.22E-05 002.8 283.9  55.1 0.047090 0.036920 0.010482 hargrave 2017-08-24 07:55:57 
TT 640 062.7  15.5 064.3 -23.0 1.22E-05 002.9 284.3  52.7 0.048458 0.042195 0.013242 hargrave 2017-08-24 16:05:23 
TT 645 065.9  13.7 068.2 -23.5 1.16E-05 002.9 289.7  54.4 0.045799 0.037174 0.010342 hargrave 2017-08-25 14:09:00 
TT 650 066.7  12.9 069.3 -23.9 1.15E-05 002.6 291.6  54.6 0.033631 0.038913 0.012840 hargrave 2017-08-29 15:23:41 
TT 655 071.3  09.6 075.3 -24.7 1.13E-05 002.7 300.9  56.1 0.041121 0.036032 0.010071 hargrave 2017-09-01 15:26:07 
TT 660 072.4  09.0 076.7 -24.7 1.08E-05 002.5 303.1  56.5 0.026821 0.037332 0.018665 hargrave 2017-09-08 17:50:38 
TT 665 076.2  07.6 081.1 -24.0 1.03E-05 002.6 309.9  58.2 0.030309 0.035392 0.013152 hargrave 2017-09-12 14:26:21 
TT 670 073.6  08.1 078.3 -24.9 1.03E-05 003.0 305.7  56.8 0.038989 0.035644 0.017037 hargrave 2017-09-14 17:54:40 
TT 670 074.1  07.5 079.1 -25.1 1.06E-05 003.8 307.1  56.7 0.052799 0.049476 0.016452 hargrave 2017-09-15 09:09:43 
TT 672 074.8  07.1 080.1 -25.1 9.95E-06 003.3 308.7  56.9 0.044723 0.032308 0.018644 hargrave 2017-09-15 18:19:24 
TT 674 076.9  07.1 082.0 -24.0 1.00E-05 003.4 311.4  58.3 0.046880 0.036124 0.015606 hargrave 2017-09-19 13:54:18 
TT 676 078.8  05.1 084.9 -24.7 9.29E-06 003.6 316.6  57.9 0.047771 0.034466 0.011614 hargrave 2017-09-22 16:08:18 
TT 678 073.9  07.5 078.9 -25.3 9.21E-06 003.9 306.9  56.5 0.052095 0.036558 0.012888 hargrave 2017-09-24 14:02:26 
TT 680 079.3  07.6 083.8 -22.3 7.84E-06 003.3 314.4  60.2 0.033423 0.030556 0.011822 hargrave 2017-09-25 12:50:00 
TT 682 082.8  14.7 082.8 -14.5 4.89E-06 003.0 309.7  67.8 0.016217 0.019263 0.009206 hargrave 2017-09-26 18:32:36 
TT 684 100.5  21.5 092.1  01.0 5.56E-06 002.7 001.1  81.5 0.018771 0.018265 0.007012 hargrave 2017-10-01 22:39:07 
TT 686 322.0  09.4 323.2 -06.4 1.60E-06 004.1 232.2 -33.8 0.005016 0.008280 0.013472 hargrave 2017-10-03 09:21:30 
TT 688 199.9 -25.3 200.5  18.1 2.00E-06 004.0 071.7 -20.1 0.010237 0.009897 0.007454 hargrave 2017-10-05 14:06:54 
TT 690 175.2  51.8 094.9  64.9 2.60E-06 003.7 135.1  32.1 0.006988 0.013481 0.015349 hargrave 2017-10-06 16:37:42 
TT 692 167.9  12.9 149.0  40.1 2.73E-06 002.4 090.5  25.7 0.009200 0.015337 0.012921 hargrave 2017-10-08 17:07:47 
