TR038 -Ca mag compass orientation (IGRF corrected)
   8.33 126.3  84.0  12.7  15.7   1.0
NRM    019.8 -56.1 356.7 -54.8 1.16E-05 001.8 349.8  26.4 0.021493 0.027603 0.020843 hargrave 2018-05-11 18:16:23 
TT 100 025.5 -61.3 356.7 -60.8 1.19E-05 001.5 354.4  22.2 0.020596 0.023892 0.019131 hargrave 2018-05-14 16:32:27 
TT 200 031.0 -65.9 354.9 -66.0 1.21E-05 001.4 357.7  18.0 0.029183 0.020501 0.016480 hargrave 2018-05-15 16:50:13 
TT 300 038.9 -67.9 357.6 -69.5 1.21E-05 001.5 001.0  16.1 0.025956 0.024006 0.016210 hargrave 2018-05-16 14:05:00 
TT 350 040.0 -68.6 357.0 -70.3 1.22E-05 003.7 001.4  15.3 0.018331 0.077512 0.016050 hargrave 2018-05-17 15:43:18 
TT 400 042.2 -70.3 354.8 -72.0 1.22E-05 002.3 002.0  13.6 0.019050 0.046590 0.015437 hargrave 2018-05-18 14:02:55 
TT 450 044.3 -72.1 351.4 -73.7 1.22E-05 002.3 002.5  11.7 0.023883 0.046753 0.015702 hargrave 2018-05-21 11:03:00 
TT 475 051.1 -72.7 353.6 -75.7 1.23E-05 002.1 004.4  10.7 0.023174 0.040684 0.019952 hargrave 2018-07-30 17:02:53 
TT 500 051.4 -75.5 343.1 -77.0 1.22E-05 001.9 003.8  08.0 0.027517 0.035903 0.019330 hargrave 2018-07-31 13:27:23 
TT 525 056.8 -74.3 350.5 -77.9 1.20E-05 002.7 005.5  08.7 0.026998 0.055561 0.016572 hargrave 2018-08-01 11:31:09 
TT 550 063.4 -77.3 337.2 -80.1 1.18E-05 002.9 005.8  05.3 0.026959 0.038813 0.045015 hargrave 2018-08-01 18:26:09 
TT 550 063.3 -77.3 337.0 -80.1 1.18E-05 002.8 005.7  05.3 0.031385 0.037436 0.045273 hargrave 2018-08-01 19:48:47 
TT 555 069.8 -77.4 336.0 -81.5 1.16E-05 002.6 006.9  04.5 0.031179 0.038440 0.038193 hargrave 2018-08-03 11:47:34 
TT 560 063.1 -78.9 327.5 -80.0 1.15E-05 002.0 005.0  03.9 0.030173 0.028800 0.027405 hargrave 2018-08-03 18:43:58 
TT 565 064.7 -80.3 319.6 -80.0 1.13E-05 002.8 004.6  02.6 0.022337 0.051028 0.024946 hargrave 2018-08-13 17:00:17 
TT 570 066.8 -81.0 314.7 -80.1 1.12E-05 002.3 004.5  01.7 0.025781 0.036138 0.027382 hargrave 2018-08-14 13:53:15 
TT 575 071.7 -82.2 306.8 -80.1 1.11E-05 002.9 004.5  00.4 0.023864 0.052357 0.024752 hargrave 2018-08-15 10:16:50 
TT 580 091.0 -80.9 297.9 -83.0 1.11E-05 002.5 007.4 -00.7 0.026747 0.044904 0.022593 hargrave 2018-08-15 17:22:32 
TT 600 083.9 -83.5 295.2 -80.2 1.11E-05 002.1 004.8 -01.6 0.027963 0.033566 0.026176 hargrave 2018-08-16 13:39:34 
TT 620 092.2 -83.7 289.6 -80.4 1.12E-05 002.5 005.2 -02.5 0.023315 0.044426 0.020993 hargrave 2018-08-17 11:54:05 
TT 630 105.2 -80.9 279.2 -83.4 1.14E-05 001.5 008.5 -02.7 0.022569 0.028115 0.012411 hargrave 2018-08-28 13:33:26 
TT 640 112.5 -82.8 274.6 -81.3 1.11E-05 002.8 007.0 -04.3 0.024564 0.048608 0.027059 hargrave 2018-09-10 12:06:04 
TT 645 115.6 -82.2 270.6 -81.7 1.11E-05 003.0 007.7 -04.5 0.031826 0.048173 0.037983 hargrave 2018-09-11 14:03:18 
TT 650 115.8 -82.1 270.0 -81.8 1.11E-05 002.9 007.8 -04.5 0.028413 0.040167 0.042799 hargrave 2018-09-12 14:03:18 
TT 655 127.2 -81.7 259.8 -81.2 1.11E-05 002.2 008.3 -06.1 0.023206 0.037631 0.022430 hargrave 2018-09-20 14:30:12 
TT 660 124.7 -82.5 264.8 -80.8 1.09E-05 002.0 007.6 -05.7 0.023917 0.033043 0.021122 hargrave 2018-09-21 11:53:30 
TT 665 131.9 -76.3 221.8 -82.4 9.25E-06 003.3 013.7 -07.2 0.020635 0.043798 0.032927 hargrave 2018-09-24 14:18:25 
TT 670 150.0 -78.2 233.9 -78.5 3.89E-06 003.7 011.0 -10.6 0.011367 0.012016 0.022612 hargrave 2018-09-25 11:48:55 
TT 672 130.0 -44.5 140.6 -57.8 1.85E-06 004.9 045.8 -06.9 0.009898 0.009048 0.009355 hargrave 2018-09-25 19:57:55 
TT 674 243.5 -21.0 246.0 -08.6 4.66E-07 006.9 302.4 -59.7 0.003049 0.003376 0.011756 hargrave 2018-09-26 16:39:06 
TT 676 158.5  01.3 159.2 -07.4 1.08E-06 004.9 095.3 -31.8 0.008804 0.003597 0.001921 hargrave 2018-10-04 16:40:31 
TT 678 209.1  66.5 172.7  66.0 7.91E-07 004.8 177.0 -17.3 0.004495 0.005787 0.003869 hargrave 2018-10-05 13:44:25 
TT 680 130.4 -06.3 132.2 -20.1 8.98E-07 004.5 084.1 -04.7 0.006238 0.003330 0.003472 hargrave 2018-10-09 17:45:03 
TT 682 302.2  17.9 304.9  32.6 7.81E-07 002.7 251.7 -02.0 0.001840 0.003134 0.003380 hargrave 2018-10-11 15:53:00 
TT 684 140.3  03.0 140.9 -09.4 8.30E-07 004.5 094.5 -13.6 0.005325 0.004977 0.003903 hargrave 2018-10-12 14:19:21 
TT 686 253.9  24.5 248.9  38.0 4.74E-07 004.8 228.7 -42.3 0.002171 0.002476 0.002627 hargrave 2018-10-19 13:49:06 
TT 688 166.1  55.4 150.1  46.3 1.11E-06 011.2 153.0 -16.0 0.002564 0.005727 0.022409 hargrave 2018-10-20 13:13:58 
TT 688 162.8  55.0 147.7  45.3 1.10E-06 003.2 151.5 -14.7 0.002766 0.003621 0.004930 hargrave 2018-10-20 14:15:42 
