TR038 -Ba mag compass orientation (IGRF corrected)
   8.04  93.3  68.0  12.7  15.7   1.0
NRM    332.8  28.7 341.2  37.9 5.75E-06 002.3 250.0  61.7 0.019256 0.018807 0.011641 hargrave 2018-05-11 18:15:04 
TT 100 329.6  26.5 337.1  36.5 4.86E-06 003.1 254.8  59.0 0.025022 0.014504 0.010230 hargrave 2018-05-14 16:31:06 
TT 200 315.7  21.5 320.6  34.3 3.34E-06 002.5 261.3  46.0 0.014528 0.011344 0.012463 hargrave 2018-05-15 16:48:49 
TT 300 303.5  15.6 306.0  30.1 2.75E-06 003.0 265.4  33.4 0.012613 0.010477 0.011776 hargrave 2018-05-16 14:03:36 
TT 350 296.0  13.6 297.5  28.8 2.57E-06 003.4 265.1  25.9 0.013846 0.010550 0.010936 hargrave 2018-05-17 15:41:57 
TT 400 286.8  11.6 287.2  27.2 2.36E-06 004.7 264.0  16.7 0.014096 0.008048 0.012236 hargrave 2018-05-18 14:01:36 
TT 450 276.4  07.5 275.9  23.1 2.26E-06 004.1 264.1  05.7 0.009591 0.009023 0.012684 hargrave 2018-05-21 11:01:39 
TT 475 265.7  06.0 264.5  21.0 2.41E-06 003.3 261.5 -04.8 0.008657 0.009749 0.012057 hargrave 2018-07-30 17:01:28 
TT 500 242.8 -02.7 242.2  09.3 2.73E-06 006.1 260.4 -29.2 0.003868 0.008810 0.028991 hargrave 2018-07-31 13:25:55 
TT 525 248.0 -00.5 247.0  12.4 2.53E-06 004.0 260.4 -23.6 0.007899 0.011418 0.023165 hargrave 2018-08-01 11:29:46 
TT 550 239.3 -07.3 239.6  04.1 2.95E-06 005.2 263.8 -34.2 0.003654 0.011428 0.039076 hargrave 2018-08-01 18:24:45 
TT 550 242.3 -06.2 242.3  05.8 2.83E-06 002.3 263.9 -31.0 0.003968 0.009918 0.018333 hargrave 2018-08-01 19:47:20 
TT 555 239.3 -05.9 239.3  05.5 2.85E-06 002.5 262.2 -33.7 0.009409 0.009239 0.017177 hargrave 2018-08-03 11:46:07 
TT 560 232.3 -10.2 233.4 -00.0 3.34E-06 002.0 264.1 -41.7 0.004722 0.007561 0.010658 hargrave 2018-08-03 18:42:27 
TT 565 232.4 -10.3 233.5 -00.1 3.18E-06 001.1 264.2 -41.6 0.004213 0.008595 0.010186 hargrave 2018-08-13 16:58:52 
TT 570 228.9 -10.2 230.1 -00.8 3.41E-06 001.1 262.5 -44.8 0.003940 0.007869 0.010604 hargrave 2018-08-14 13:51:50 
TT 575 226.5 -13.0 228.5 -04.0 3.47E-06 001.4 265.0 -47.9 0.006091 0.006527 0.012303 hargrave 2018-08-15 10:15:28 
TT 580 224.9 -14.4 227.2 -05.7 3.63E-06 001.1 266.3 -49.9 0.005002 0.007131 0.010779 hargrave 2018-08-15 17:21:03 
TT 600 221.3 -15.6 224.1 -07.7 3.78E-06 001.8 266.6 -53.5 0.010547 0.008327 0.010582 hargrave 2018-08-16 13:38:05 
TT 620 220.0 -16.1 223.1 -08.5 4.10E-06 001.3 266.9 -54.8 0.008163 0.006210 0.010135 hargrave 2018-08-17 11:52:40 
TT 630 218.9 -16.0 222.0 -08.7 4.15E-06 000.9 266.3 -55.8 0.003340 0.007907 0.008196 hargrave 2018-08-28 13:32:01 
TT 640 220.1 -15.3 222.9 -07.7 4.33E-06 001.4 265.6 -54.6 0.006691 0.009855 0.013961 hargrave 2018-09-10 12:04:41 
TT 645 216.5 -14.4 219.3 -07.7 4.36E-06 002.3 262.2 -57.7 0.016746 0.010180 0.015218 hargrave 2018-09-11 14:01:54 
TT 650 216.3 -14.4 219.1 -07.7 4.59E-06 001.5 262.0 -57.8 0.009686 0.011088 0.016860 hargrave 2018-09-12 14:02:00 
TT 655 211.3 -13.6 214.2 -08.2 4.79E-06 001.4 257.3 -62.1 0.007089 0.013313 0.014813 hargrave 2018-09-20 14:28:53 
TT 660 214.4 -15.2 217.5 -09.0 4.90E-06 001.2 262.5 -59.8 0.007490 0.010875 0.013578 hargrave 2018-09-21 11:52:12 
TT 665 200.6 -12.9 203.8 -10.3 4.60E-06 001.9 243.9 -71.2 0.013309 0.011909 0.011003 hargrave 2018-09-24 14:17:03 
TT 670 199.3 -06.0 200.7 -04.0 2.43E-06 003.6 226.5 -67.7 0.009930 0.014111 0.003670 hargrave 2018-09-25 11:47:32 
TT 672 155.6 -14.5 160.1 -23.5 1.64E-06 004.7 101.2 -62.7 0.012309 0.005285 0.002651 hargrave 2018-09-25 19:56:30 
TT 674 204.1  13.7 199.9  16.2 9.30E-07 003.0 211.7 -48.9 0.002878 0.002964 0.003126 hargrave 2018-09-26 16:36:47 
TT 676 128.3 -18.1 131.6 -32.1 6.22E-07 009.0 083.8 -38.4 0.003187 0.007153 0.006652 hargrave 2018-10-04 16:04:17 
TT 676 128.5 -17.7 131.9 -31.6 6.17E-07 008.0 084.4 -38.6 0.002461 0.006706 0.005835 hargrave 2018-10-04 17:32:57 
TT 676 127.4 -17.9 130.7 -31.9 6.18E-07 007.6 083.9 -37.6 0.002821 0.006453 0.005322 hargrave 2018-10-04 17:44:31 
TT 678 230.4  29.4 221.6  38.0 1.34E-06 003.1 223.4 -21.5 0.002037 0.004757 0.006430 hargrave 2018-10-05 13:42:09 
TT 680 149.5  35.0 143.4  23.6 1.72E-06 006.1 149.9 -24.6 0.008222 0.015859 0.006196 hargrave 2018-10-09 17:43:44 
TT 682 240.3  53.1 220.2  62.9 1.11E-06 002.9 210.2 -00.2 0.001886 0.002458 0.004971 hargrave 2018-10-11 15:51:39 
TT 684 102.7  32.1 102.7  16.4 1.58E-06 003.3 123.0  04.1 0.005545 0.003954 0.007362 hargrave 2018-10-12 14:18:00 
TT 686 208.8  58.2 182.7  59.1 1.56E-06 006.7 193.2 -07.0 0.005248 0.004913 0.018174 hargrave 2018-10-19 13:47:59 
TT 688 119.3  16.7 118.6  01.6 1.09E-06 008.9 116.2 -16.4 0.003317 0.002954 0.017536 hargrave 2018-10-20 13:12:16 
TT 688 126.5  13.0 125.8 -01.4 5.57E-07 059.7 116.6 -24.2 0.023983 0.048566 0.027531 hargrave 2018-10-20 14:14:35 
