TR038 -Sa mag compass orientation (IGRF corrected)
  12.22  84.3  69.0 351.7  16.3   1.0
NRM    012.9 -30.6 002.7 -35.1 1.26E-05 002.8 019.6  35.4 0.034593 0.041082 0.032265 hargrave 2018-05-11 18:41:06 
TT 100 014.5 -37.6 001.3 -42.2 1.23E-05 002.4 018.1  28.4 0.024357 0.032848 0.035199 hargrave 2018-05-14 16:57:53 
TT 200 012.5 -43.6 356.2 -47.2 1.24E-05 002.4 014.2  23.3 0.016200 0.030028 0.040151 hargrave 2018-05-15 17:14:50 
TT 300 011.5 -46.9 353.2 -50.0 1.24E-05 002.4 012.4  20.3 0.021899 0.027028 0.041021 hargrave 2018-05-16 14:29:59 
TT 350 013.5 -47.8 354.6 -51.3 1.24E-05 002.3 013.5  19.1 0.014202 0.030582 0.038242 hargrave 2018-05-17 16:08:51 
TT 400 013.4 -50.3 352.7 -53.6 1.24E-05 002.3 012.6  16.7 0.010900 0.030180 0.041092 hargrave 2018-05-18 14:29:21 
TT 450 016.1 -51.0 354.8 -55.0 1.23E-05 002.6 014.0  15.5 0.015005 0.038027 0.041508 hargrave 2018-05-21 11:28:30 
TT 475 014.7 -52.9 351.9 -56.3 1.23E-05 002.5 012.5  14.0 0.012952 0.040294 0.038354 hargrave 2018-07-30 17:30:07 
TT 500 014.2 -52.0 352.2 -55.4 1.22E-05 003.3 012.5  14.9 0.020708 0.036044 0.064760 hargrave 2018-07-31 13:54:49 
TT 525 014.1 -55.5 349.1 -58.4 1.21E-05 001.9 011.3  11.7 0.018616 0.030003 0.029399 hargrave 2018-08-01 11:57:39 
TT 550 015.6 -57.8 348.2 -60.8 1.19E-05 002.5 011.3  09.2 0.018470 0.050761 0.019201 hargrave 2018-08-01 18:52:38 
TT 550 013.2 -55.7 348.1 -58.3 1.20E-05 003.3 010.8  11.7 0.026067 0.040218 0.059924 hargrave 2018-08-01 20:16:12 
TT 555 017.3 -58.0 349.5 -61.5 1.19E-05 002.7 012.1  08.7 0.020791 0.055238 0.021591 hargrave 2018-08-03 12:14:18 
TT 560 019.2 -60.4 348.5 -64.0 1.18E-05 004.4 012.1  06.1 0.014152 0.071546 0.058525 hargrave 2018-08-03 19:11:13 
TT 565 016.7 -57.6 349.4 -60.9 1.19E-05 002.9 011.9  09.2 0.013721 0.056577 0.026055 hargrave 2018-08-13 17:27:49 
TT 570 017.7 -58.0 349.9 -61.5 1.20E-05 002.7 012.3  08.6 0.013685 0.054184 0.023579 hargrave 2018-08-14 14:22:11 
TT 575 018.2 -57.5 350.9 -61.3 1.19E-05 002.7 012.7  09.0 0.019514 0.052802 0.023474 hargrave 2018-08-15 10:46:19 
TT 580 019.6 -56.6 353.2 -60.9 1.20E-05 002.9 013.8  09.5 0.020292 0.056578 0.023159 hargrave 2018-08-15 17:50:02 
TT 600 018.3 -56.9 351.6 -60.8 1.21E-05 002.3 013.0  09.5 0.018430 0.044647 0.022758 hargrave 2018-08-16 14:07:37 
TT 620 018.8 -57.7 351.3 -61.5 1.21E-05 002.8 013.0  08.7 0.015425 0.055723 0.019222 hargrave 2018-08-17 12:21:17 
TT 630 016.6 -57.8 349.1 -61.1 1.19E-05 003.1 011.8  09.0 0.015798 0.060124 0.027110 hargrave 2018-08-28 13:59:46 
TT 640 015.9 -60.3 345.5 -63.0 1.16E-05 004.9 010.6  06.8 0.017254 0.032581 0.095598 hargrave 2018-09-10 12:31:24 
TT 645 016.2 -58.4 348.1 -61.4 1.17E-05 002.5 011.4  08.6 0.022427 0.047250 0.025815 hargrave 2018-09-11 14:28:24 
TT 650 022.5 -62.5 348.5 -66.6 1.15E-05 003.7 012.6  03.5 0.014829 0.064455 0.041370 hargrave 2018-09-12 14:27:15 
TT 655 011.1 -62.0 339.2 -63.0 1.15E-05 002.5 007.8  05.9 0.017109 0.033001 0.038661 hargrave 2018-09-20 14:54:07 
TT 660 016.0 -62.2 343.1 -64.5 1.16E-05 002.8 010.0  05.0 0.011953 0.039049 0.042787 hargrave 2018-09-21 12:17:07 
TT 665 016.0 -61.8 343.6 -64.2 1.14E-05 003.6 010.1  05.4 0.014679 0.066900 0.031361 hargrave 2018-09-24 14:43:44 
TT 670 013.2 -64.1 338.0 -65.3 1.13E-05 002.3 008.1  03.7 0.019939 0.038002 0.026695 hargrave 2018-09-25 12:14:34 
TT 672 016.6 -64.1 340.9 -66.2 1.08E-05 001.9 009.6  03.2 0.026160 0.032188 0.020500 hargrave 2018-09-25 20:23:23 
TT 674 015.7 -65.7 337.5 -67.2 1.13E-05 001.9 008.6  01.8 0.024075 0.034277 0.020307 hargrave 2018-09-26 17:03:00 
TT 676 018.5 -69.7 331.6 -70.8 1.03E-05 001.8 008.2 -02.3 0.025185 0.026160 0.021013 hargrave 2018-10-04 17:04:38 
TT 678 019.3 -70.6 330.0 -71.5 1.01E-05 002.0 008.1 -03.2 0.024481 0.029022 0.020310 hargrave 2018-10-05 14:08:46 
TT 680 034.8 -71.9 336.2 -76.4 7.81E-06 003.9 011.7 -06.9 0.022944 0.041323 0.034964 hargrave 2018-10-09 18:11:18 
TT 682 019.0 -72.9 323.7 -72.8 6.20E-06 003.0 007.1 -05.3 0.016256 0.020439 0.024374 hargrave 2018-10-11 16:17:39 
TT 684 063.1 -51.4 051.9 -66.3 3.78E-06 002.7 035.7 -03.9 0.007422 0.010703 0.014491 hargrave 2018-10-12 14:43:47 
TT 686 338.8 -48.0 323.3 -42.2 2.14E-06 003.4 349.0  19.6 0.006594 0.010687 0.005980 hargrave 2018-10-19 14:09:37 
TT 688 126.0 -47.2 142.9 -57.2 1.33E-06 015.1 044.1 -43.2 0.005225 0.012518 0.040147 hargrave 2018-10-20 13:34:51 
TT 688 097.0 -56.7 109.5 -71.9 1.15E-06 071.0 036.0 -24.3 0.012896 0.069337 0.336650 hargrave 2018-10-20 14:28:08 
