TR038 -Ia mag compass orientation (IGRF corrected)
   9.81  85.3  69.0 351.7  16.3   1.0
NRM    017.4  01.7 017.0 -05.4 1.01E-05 003.2 051.1  61.0 0.041438 0.022985 0.041190 hargrave 2018-05-11 18:26:13 
TT 100 019.9 -05.8 017.4 -13.3 9.01E-06 003.0 044.6  53.9 0.029281 0.018980 0.040834 hargrave 2018-05-14 16:42:18 
TT 200 021.0 -11.2 017.1 -18.8 8.38E-06 003.8 040.5  49.0 0.034555 0.026045 0.044119 hargrave 2018-05-15 17:00:06 
TT 300 023.3 -13.7 018.8 -21.8 8.04E-06 004.5 040.8  45.7 0.040260 0.031713 0.042612 hargrave 2018-05-16 14:15:03 
TT 350 025.2 -14.1 020.5 -22.6 7.87E-06 003.4 042.4  44.3 0.023233 0.019012 0.043581 hargrave 2018-05-17 15:53:12 
TT 400 025.1 -16.7 019.7 -25.0 7.61E-06 003.5 040.0  42.3 0.021007 0.016799 0.044146 hargrave 2018-05-18 14:12:43 
TT 450 026.6 -19.0 020.6 -27.6 7.27E-06 004.5 039.7  39.6 0.031560 0.031103 0.042925 hargrave 2018-05-21 11:12:46 
TT 475 028.6 -19.2 022.6 -28.4 7.08E-06 003.4 041.4  38.2 0.018403 0.020068 0.040032 hargrave 2018-07-30 17:13:34 
TT 500 030.0 -19.1 024.0 -28.6 6.94E-06 001.8 042.6  37.5 0.009889 0.017980 0.017013 hargrave 2018-07-31 13:37:54 
TT 525 031.5 -20.6 025.2 -30.4 6.77E-06 002.2 042.7  35.4 0.009486 0.024972 0.018870 hargrave 2018-08-01 11:41:39 
TT 550 031.1 -20.2 024.9 -29.9 6.61E-06 003.6 042.7  35.9 0.011105 0.024836 0.045777 hargrave 2018-08-01 18:36:40 
TT 550 032.1 -21.6 025.6 -31.5 6.45E-06 002.3 042.4  34.3 0.011613 0.021907 0.020763 hargrave 2018-08-01 19:59:16 
TT 555 033.6 -21.0 027.3 -31.3 6.49E-06 003.8 044.1  33.8 0.007365 0.025895 0.051441 hargrave 2018-08-03 11:58:18 
TT 560 038.0 -27.3 030.2 -38.3 5.84E-06 003.5 042.3  26.5 0.008634 0.013744 0.041561 hargrave 2018-08-03 18:54:29 
TT 565 035.3 -23.9 028.3 -34.4 6.12E-06 001.5 043.1  30.6 0.005522 0.014105 0.016990 hargrave 2018-08-13 17:11:39 
TT 570 034.3 -24.6 027.0 -34.9 5.96E-06 002.2 041.7  30.7 0.010402 0.019992 0.016355 hargrave 2018-08-14 14:05:36 
TT 575 034.5 -26.0 026.8 -36.3 5.90E-06 001.6 040.8  29.6 0.006041 0.017438 0.012999 hargrave 2018-08-15 10:28:53 
TT 580 034.3 -27.3 026.1 -37.5 5.81E-06 001.5 039.6  28.8 0.005694 0.015622 0.014221 hargrave 2018-08-15 17:33:57 
TT 600 036.5 -29.0 028.0 -39.7 5.70E-06 002.0 040.0  26.1 0.006215 0.020677 0.014997 hargrave 2018-08-16 13:50:02 
TT 620 035.8 -30.7 026.6 -41.1 5.75E-06 002.2 038.2  25.3 0.008078 0.022504 0.013143 hargrave 2018-08-17 12:04:31 
TT 630 035.8 -31.2 026.4 -41.6 5.56E-06 002.8 037.8  25.0 0.010888 0.028093 0.013497 hargrave 2018-08-28 13:43:54 
TT 640 039.0 -33.6 029.1 -44.6 5.40E-06 002.3 038.2  21.4 0.010672 0.012660 0.020026 hargrave 2018-09-10 12:16:25 
TT 645 039.7 -34.3 029.6 -45.5 5.34E-06 001.6 038.1  20.4 0.007495 0.016188 0.014124 hargrave 2018-09-11 14:13:40 
TT 650 041.0 -34.7 031.0 -46.2 5.11E-06 005.8 038.6  19.4 0.010510 0.020393 0.058479 hargrave 2018-09-12 14:13:10 
TT 655 040.0 -35.7 029.4 -46.9 5.24E-06 003.1 037.2  19.3 0.007640 0.017390 0.024462 hargrave 2018-09-20 14:40:02 
TT 660 040.6 -37.9 029.3 -49.1 5.24E-06 002.9 036.0  17.3 0.008738 0.014339 0.025974 hargrave 2018-09-21 12:03:16 
TT 665 042.7 -40.1 030.7 -51.8 5.07E-06 002.3 035.6  14.6 0.011135 0.013241 0.021267 hargrave 2018-09-24 14:28:53 
TT 670 044.9 -44.5 031.1 -56.5 4.95E-06 002.3 033.5  10.4 0.011546 0.014312 0.019855 hargrave 2018-09-25 11:59:20 
TT 672 055.0 -41.3 045.3 -55.3 4.63E-06 002.9 040.7  06.7 0.007279 0.021184 0.019025 hargrave 2018-09-25 20:08:18 
TT 674 047.6 -44.1 034.6 -56.6 4.42E-06 002.5 035.1  09.2 0.010951 0.017771 0.017850 hargrave 2018-09-26 16:49:00 
TT 676 053.8 -44.5 042.5 -58.2 4.24E-06 002.4 037.7  05.5 0.016586 0.009371 0.015383 hargrave 2018-10-04 16:50:24 
TT 678 074.2 -59.8 066.2 -75.8 2.82E-06 003.7 030.4 -12.6 0.009868 0.010988 0.014751 hargrave 2018-10-05 13:54:22 
TT 680 079.8 -45.7 078.8 -62.0 1.64E-06 007.0 045.1 -11.2 0.005308 0.008974 0.018148 hargrave 2018-10-09 17:56:01 
TT 682 051.2 -13.0 048.1 -26.9 8.29E-07 004.9 063.3  25.4 0.004227 0.003785 0.006733 hargrave 2018-10-11 16:03:11 
TT 684 093.1  21.9 092.4  05.9 6.30E-07 004.8 113.2  00.9 0.002453 0.003186 0.004409 hargrave 2018-10-12 14:29:21 
TT 686 261.4 -06.7 261.4  09.6 7.23E-07 002.4 274.9 -06.0 0.001618 0.003552 0.002451 hargrave 2018-10-19 13:57:33 
TT 688 168.1  15.5 163.8  13.9 4.37E-07 009.6 168.5 -52.8 0.004007 0.005055 0.006163 hargrave 2018-10-20 13:23:16 
TT 688 177.1  02.0 176.4  03.5 7.33E-07 008.4 184.7 -66.9 0.007208 0.003525 0.033341 hargrave 2018-10-20 14:20:51 
