TR038 -Ka mag compass orientation (IGRF corrected)
  10.15  86.3  58.0 351.7  16.3   1.0
NRM    280.0 -51.4 275.7 -35.7 1.25E-05 003.9 320.7 -16.8 0.061109 0.054294 0.030392 hargrave 2018-05-11 18:29:05 
TT 100 270.7 -57.3 268.1 -41.1 1.33E-05 003.7 323.8 -24.3 0.063989 0.053473 0.029700 hargrave 2018-05-14 16:45:05 
TT 200 265.3 -56.3 264.3 -40.1 1.37E-05 004.8 321.7 -26.7 0.082605 0.075617 0.031301 hargrave 2018-05-15 17:02:55 
TT 300 264.0 -57.9 263.3 -41.6 1.40E-05 004.5 323.1 -27.8 0.079661 0.072479 0.032065 hargrave 2018-05-16 14:17:55 
TT 350 262.3 -58.0 262.2 -41.7 1.41E-05 004.4 322.9 -28.7 0.077450 0.070924 0.032520 hargrave 2018-05-17 15:56:02 
TT 400 259.5 -57.3 260.1 -41.0 1.42E-05 004.6 321.7 -30.0 0.082746 0.072065 0.032746 hargrave 2018-05-18 14:15:32 
TT 450 258.3 -57.7 259.3 -41.4 1.43E-05 004.6 321.9 -30.7 0.088481 0.068666 0.029229 hargrave 2018-05-21 11:15:43 
TT 475 256.3 -56.0 257.8 -39.7 1.43E-05 003.5 319.7 -31.4 0.064575 0.055361 0.026141 hargrave 2018-07-30 17:16:35 
TT 500 253.6 -57.3 255.9 -41.1 1.42E-05 004.8 321.0 -33.1 0.079729 0.087776 0.017127 hargrave 2018-07-31 13:40:59 
TT 525 250.7 -57.4 253.8 -41.3 1.42E-05 005.0 320.8 -34.7 0.086853 0.089689 0.018806 hargrave 2018-08-01 11:44:40 
TT 550 250.6 -56.4 253.7 -40.4 1.41E-05 004.6 319.7 -34.6 0.075231 0.080137 0.040682 hargrave 2018-08-01 18:39:46 
TT 550 249.3 -56.2 252.7 -40.2 1.42E-05 004.1 319.3 -35.3 0.069217 0.074433 0.022168 hargrave 2018-08-01 20:02:20 
TT 555 247.2 -56.0 251.2 -40.1 1.43E-05 003.9 318.9 -36.5 0.068780 0.069327 0.012761 hargrave 2018-08-03 12:01:19 
TT 560 246.5 -56.8 250.7 -40.9 1.44E-05 004.3 319.9 -36.9 0.075278 0.079708 0.015596 hargrave 2018-08-03 18:57:28 
TT 565 244.6 -55.2 249.2 -39.5 1.43E-05 004.1 317.8 -37.9 0.073449 0.071057 0.019285 hargrave 2018-08-13 17:14:40 
TT 570 243.4 -56.0 248.4 -40.3 1.44E-05 004.4 318.8 -38.6 0.078375 0.077630 0.016889 hargrave 2018-08-14 14:08:35 
TT 575 243.1 -56.1 248.2 -40.4 1.45E-05 003.7 318.8 -38.8 0.065292 0.064873 0.018120 hargrave 2018-08-15 10:31:53 
TT 580 241.9 -55.2 247.2 -39.6 1.46E-05 004.8 317.7 -39.4 0.088916 0.085181 0.015246 hargrave 2018-08-15 17:37:05 
TT 600 241.4 -55.9 246.9 -40.3 1.45E-05 003.5 318.6 -39.7 0.060245 0.064501 0.016204 hargrave 2018-08-16 13:53:05 
TT 620 240.3 -54.6 245.9 -39.1 1.45E-05 004.4 316.9 -40.3 0.080091 0.077819 0.016167 hargrave 2018-08-17 12:07:32 
TT 630 239.3 -56.0 245.4 -40.6 1.47E-05 003.8 318.8 -40.9 0.071669 0.065314 0.018435 hargrave 2018-08-28 13:46:55 
TT 640 242.4 -54.5 247.4 -38.8 1.45E-05 003.7 316.8 -39.1 0.071936 0.058378 0.019176 hargrave 2018-09-10 12:19:27 
TT 645 241.5 -54.3 246.8 -38.8 1.44E-05 003.2 316.6 -39.6 0.052524 0.061124 0.013793 hargrave 2018-09-11 14:16:39 
TT 650 242.1 -53.6 247.0 -38.0 1.44E-05 002.8 315.6 -39.3 0.048238 0.053787 0.016524 hargrave 2018-09-12 14:15:58 
TT 655 240.7 -55.2 246.3 -39.7 1.44E-05 004.3 317.7 -40.1 0.085206 0.058635 0.031801 hargrave 2018-09-20 14:42:58 
TT 660 240.0 -55.0 245.7 -39.6 1.44E-05 004.0 317.5 -40.5 0.077975 0.058467 0.028698 hargrave 2018-09-21 12:06:03 
TT 665 235.7 -57.9 243.2 -42.8 1.42E-05 005.6 321.6 -42.7 0.098180 0.097800 0.022131 hargrave 2018-09-24 14:31:53 
TT 670 235.3 -55.1 242.3 -40.1 1.43E-05 004.9 317.8 -43.2 0.092422 0.077298 0.022885 hargrave 2018-09-25 12:02:21 
TT 672 232.8 -55.9 240.6 -41.1 1.39E-05 004.5 319.0 -44.5 0.083351 0.070254 0.021443 hargrave 2018-09-25 20:11:22 
TT 674 231.2 -54.8 239.2 -40.2 1.35E-05 003.9 317.7 -45.5 0.068705 0.057763 0.019929 hargrave 2018-09-26 16:51:48 
TT 676 227.4 -53.1 235.9 -39.0 1.23E-05 002.6 315.8 -48.0 0.042681 0.034950 0.014349 hargrave 2018-10-04 16:53:18 
TT 678 227.4 -54.9 236.4 -40.7 1.06E-05 003.5 318.3 -47.7 0.042573 0.048862 0.012604 hargrave 2018-10-05 13:57:17 
TT 680 214.1 -57.9 227.7 -45.4 6.77E-06 008.8 326.7 -53.6 0.072014 0.074244 0.019573 hargrave 2018-10-09 17:58:55 
TT 680 218.5 -54.1 229.5 -41.1 6.83E-06 003.7 319.3 -52.9 0.035353 0.022130 0.019752 hargrave 2018-10-10 09:40:38 
TT 682 226.9 -50.6 234.9 -36.5 3.69E-06 004.4 312.0 -48.7 0.020599 0.016985 0.013907 hargrave 2018-10-11 16:06:04 
TT 684 176.7 -53.7 196.7 -49.4 1.40E-06 004.2 359.4 -68.3 0.009203 0.005937 0.005750 hargrave 2018-10-12 14:32:14 
TT 686 230.4 -36.1 234.8 -21.8 1.18E-06 024.0 290.7 -45.6 0.018588 0.009601 0.061123 hargrave 2018-10-19 13:59:57 
TT 686 216.6 -34.0 222.5 -21.9 1.48E-06 007.5 284.5 -56.3 0.009891 0.007538 0.030215 hargrave 2018-10-19 15:23:19 
TT 688 181.7 -03.2 182.2 -00.2 5.80E-07 035.2 191.1 -60.7 0.007648 0.006666 0.051278 hargrave 2018-10-20 13:26:19 
TT 688 178.3 -12.6 181.5 -10.2 1.05E-06 004.5 185.7 -70.5 0.006735 0.005321 0.027883 hargrave 2018-10-20 14:22:04 
