TR038 -Ma mag compass orientation (IGRF corrected)
  10.56  94.3  69.0 351.7  16.3   1.0
NRM    138.7 -31.8 149.2 -39.4 2.90E-05 001.8 065.4 -48.1 0.051268 0.065688 0.050878 hargrave 2018-05-11 18:31:44 
TT 100 140.6 -32.2 151.3 -39.4 3.01E-05 001.8 064.5 -49.7 0.052813 0.072084 0.049764 hargrave 2018-05-14 16:47:47 
TT 200 141.4 -33.3 152.6 -40.2 3.09E-05 001.7 062.7 -50.2 0.048523 0.069951 0.050168 hargrave 2018-05-15 17:05:33 
TT 300 142.2 -32.4 153.0 -39.1 3.11E-05 001.7 064.0 -51.0 0.060272 0.062239 0.054873 hargrave 2018-05-16 14:20:36 
TT 350 142.3 -31.6 152.8 -38.3 3.13E-05 001.7 065.3 -51.2 0.054398 0.070575 0.050307 hargrave 2018-05-17 15:58:42 
TT 400 142.7 -31.8 153.3 -38.4 3.14E-05 001.8 064.9 -51.5 0.052873 0.068546 0.055309 hargrave 2018-05-18 14:18:15 
TT 450 142.9 -32.7 153.8 -39.2 3.12E-05 001.9 063.4 -51.5 0.059461 0.081616 0.048714 hargrave 2018-05-21 11:18:22 
TT 475 143.7 -32.6 154.6 -38.9 3.10E-05 002.0 063.5 -52.2 0.074507 0.080055 0.033426 hargrave 2018-07-30 17:19:26 
TT 500 144.2 -32.3 155.0 -38.5 3.09E-05 001.8 063.9 -52.7 0.079076 0.055716 0.030903 hargrave 2018-07-31 13:43:54 
TT 525 144.5 -31.8 155.2 -37.9 3.08E-05 002.4 064.6 -53.0 0.104834 0.075912 0.028486 hargrave 2018-08-01 11:47:34 
TT 550 146.1 -31.1 156.5 -36.8 3.10E-05 001.8 065.6 -54.4 0.079599 0.055283 0.042086 hargrave 2018-08-01 18:42:40 
TT 550 145.4 -31.1 155.7 -37.1 3.07E-05 001.9 065.6 -53.8 0.078334 0.059140 0.035679 hargrave 2018-08-01 20:06:20 
TT 555 146.8 -31.8 157.5 -37.3 3.07E-05 001.8 064.3 -54.9 0.069825 0.059766 0.028837 hargrave 2018-08-03 12:04:11 
TT 560 146.9 -30.6 157.1 -36.2 3.09E-05 002.5 066.2 -55.1 0.090850 0.096161 0.030602 hargrave 2018-08-03 19:00:24 
TT 565 146.8 -31.3 157.3 -36.9 3.09E-05 002.5 065.0 -55.0 0.096697 0.096372 0.021633 hargrave 2018-08-13 17:17:32 
TT 570 146.9 -31.1 157.3 -36.7 3.10E-05 003.0 065.3 -55.1 0.135035 0.088486 0.020836 hargrave 2018-08-14 14:11:30 
TT 575 146.9 -30.8 157.2 -36.3 3.12E-05 003.0 065.9 -55.1 0.111036 0.128472 0.021207 hargrave 2018-08-15 10:34:44 
TT 580 147.5 -30.5 157.6 -35.9 3.11E-05 002.0 066.4 -55.7 0.087951 0.062912 0.020923 hargrave 2018-08-15 17:40:01 
TT 600 146.8 -30.9 157.1 -36.5 3.11E-05 002.0 065.7 -55.0 0.064153 0.086747 0.027905 hargrave 2018-08-16 13:56:46 
TT 620 146.3 -30.9 156.6 -36.6 3.18E-05 004.1 065.8 -54.6 0.087946 0.254762 0.015026 hargrave 2018-08-17 12:10:22 
TT 630 147.7 -30.4 157.9 -35.7 3.16E-05 002.3 066.4 -55.9 0.093117 0.091759 0.023201 hargrave 2018-08-28 13:49:47 
TT 640 149.9 -32.1 160.7 -36.8 3.07E-05 002.4 062.8 -57.4 0.098383 0.067040 0.065721 hargrave 2018-09-10 12:22:20 
TT 645 150.5 -32.4 161.4 -36.8 3.06E-05 002.5 062.1 -57.9 0.103180 0.059931 0.069053 hargrave 2018-09-11 14:19:28 
TT 650 149.6 -32.4 160.5 -37.1 3.05E-05 003.3 062.4 -57.2 0.143266 0.081761 0.079413 hargrave 2018-09-12 14:18:40 
TT 655 150.8 -32.3 161.7 -36.7 3.06E-05 002.0 062.1 -58.1 0.063404 0.061696 0.073674 hargrave 2018-09-20 14:45:38 
TT 660 150.5 -32.2 161.3 -36.6 3.06E-05 001.8 062.5 -57.9 0.060645 0.054866 0.069324 hargrave 2018-09-21 12:08:41 
TT 665 147.8 -31.2 158.3 -36.5 3.00E-05 002.1 065.0 -55.9 0.076745 0.070100 0.035750 hargrave 2018-09-24 14:34:43 
TT 670 147.8 -32.4 158.7 -37.6 3.01E-05 002.3 063.0 -55.7 0.081460 0.087983 0.031742 hargrave 2018-09-25 12:05:17 
TT 672 148.1 -30.7 158.3 -35.9 2.95E-05 003.7 065.9 -56.2 0.159424 0.098022 0.031620 hargrave 2018-09-25 20:14:19 
TT 674 147.9 -30.9 158.2 -36.2 2.97E-05 001.9 065.5 -55.9 0.067761 0.060077 0.034756 hargrave 2018-09-26 16:54:27 
TT 676 149.0 -32.3 159.9 -37.2 2.82E-05 002.1 062.8 -56.7 0.075264 0.063158 0.034664 hargrave 2018-10-04 16:56:02 
TT 678 149.0 -33.0 160.2 -37.8 2.57E-05 003.4 061.6 -56.6 0.130942 0.073944 0.034381 hargrave 2018-10-05 14:00:00 
TT 680 152.5 -31.3 162.9 -35.2 2.20E-05 004.0 063.6 -59.8 0.105399 0.098454 0.056152 hargrave 2018-10-09 18:01:43 
TT 682 156.0 -31.6 166.5 -34.6 1.53E-05 004.1 061.3 -62.6 0.079074 0.069198 0.034481 hargrave 2018-10-11 16:08:52 
TT 684 163.1 -31.3 173.3 -32.3 8.92E-06 004.2 057.2 -68.5 0.044516 0.044619 0.021006 hargrave 2018-10-12 14:35:02 
TT 686 132.8 -29.1 141.9 -38.3 4.68E-06 006.1 069.3 -43.0 0.015670 0.014182 0.060778 hargrave 2018-10-19 14:02:13 
TT 688 157.7 -13.0 161.9 -16.4 2.45E-06 007.4 103.1 -63.4 0.014958 0.010696 0.052687 hargrave 2018-10-20 13:28:33 
