TR038 -Ha mag compass orientation (IGRF corrected)
   9.62  89.3  67.0 351.7  16.3   1.0
NRM    353.1  15.3 357.4  14.3 1.85E-05 002.3 321.3  80.3 0.057626 0.046712 0.030728 hargrave 2018-05-11 18:24:44 
TT 100 352.6  13.1 356.3  12.3 1.70E-05 002.2 326.2  78.2 0.047672 0.046359 0.027054 hargrave 2018-05-14 16:40:49 
TT 200 351.7  11.4 354.9  10.9 1.56E-05 002.2 326.6  76.3 0.037821 0.049301 0.023935 hargrave 2018-05-15 16:58:37 
TT 300 351.6  10.5 354.5  10.1 1.47E-05 002.1 328.1  75.5 0.039098 0.040432 0.023508 hargrave 2018-05-16 14:13:33 
TT 350 350.6  10.3 353.6  10.2 1.42E-05 002.1 325.4  74.8 0.032211 0.044807 0.021978 hargrave 2018-05-17 15:51:43 
TT 400 350.7  09.7 353.5  09.6 1.35E-05 002.1 326.8  74.3 0.035752 0.035818 0.020487 hargrave 2018-05-18 14:11:14 
TT 450 349.7  08.9 352.3  09.1 1.25E-05 002.1 325.4  73.2 0.025800 0.040960 0.018707 hargrave 2018-05-21 11:11:17 
TT 475 349.7  07.7 351.9  08.0 1.19E-05 002.0 327.3  72.1 0.028093 0.033487 0.012078 hargrave 2018-07-30 17:12:00 
TT 500 348.2  06.9 350.3  07.7 1.07E-05 002.4 324.6  70.7 0.026809 0.036652 0.017611 hargrave 2018-07-31 13:36:19 
TT 525 348.6  06.1 350.4  06.8 1.05E-05 002.1 326.9  70.2 0.024585 0.029291 0.029816 hargrave 2018-08-01 11:40:04 
TT 550 346.9  04.6 348.4  05.7 9.19E-06 003.0 325.1  68.0 0.027861 0.036527 0.027436 hargrave 2018-08-01 18:35:06 
TT 550 347.1  04.7 348.6  05.8 9.28E-06 003.1 325.4  68.2 0.029178 0.037511 0.036262 hargrave 2018-08-01 19:57:38 
TT 555 347.6  04.3 349.0  05.3 9.36E-06 002.1 327.1  68.2 0.021843 0.026314 0.019103 hargrave 2018-08-03 11:56:43 
TT 560 345.8  03.9 347.1  05.4 8.70E-06 002.8 323.6  66.8 0.026068 0.030591 0.023351 hargrave 2018-08-03 18:52:55 
TT 565 345.6  03.6 346.9  05.2 8.85E-06 002.0 323.6  66.5 0.016968 0.026713 0.005600 hargrave 2018-08-13 17:10:03 
TT 570 345.0  02.7 346.0  04.5 8.63E-06 002.2 323.6  65.4 0.019647 0.027373 0.005754 hargrave 2018-08-14 14:04:00 
TT 575 343.8  01.8 344.6  03.9 8.34E-06 002.3 322.4  63.9 0.020054 0.028358 0.009265 hargrave 2018-08-15 10:27:19 
TT 580 343.8  00.2 344.2  02.4 8.05E-06 001.9 324.4  62.7 0.016032 0.022102 0.005519 hargrave 2018-08-15 17:32:21 
TT 600 342.5 -00.2 342.8  02.4 7.53E-06 002.2 322.5  61.6 0.017211 0.022863 0.006400 hargrave 2018-08-16 13:48:27 
TT 620 341.3 -02.3 341.1  00.7 7.07E-06 003.1 322.9  59.2 0.022737 0.030449 0.006178 hargrave 2018-08-17 12:02:57 
TT 630 341.5 -04.4 340.7 -01.4 6.92E-06 002.3 325.4  57.5 0.013525 0.025226 0.006176 hargrave 2018-08-28 13:42:18 
TT 640 341.7 -05.9 340.5 -02.9 6.40E-06 002.1 327.2  56.4 0.012426 0.017724 0.013463 hargrave 2018-09-10 12:14:50 
TT 645 342.7 -06.4 341.3 -03.6 5.99E-06 002.7 329.1  56.4 0.018142 0.018390 0.013753 hargrave 2018-09-11 14:12:07 
TT 650 338.9 -09.7 336.7 -05.8 5.23E-06 003.1 326.3  51.7 0.020216 0.016491 0.028399 hargrave 2018-09-12 14:11:41 
TT 655 341.0 -09.0 338.9 -05.6 5.58E-06 002.5 328.7  53.4 0.009513 0.019025 0.013949 hargrave 2018-09-20 14:38:32 
TT 660 338.4 -10.1 336.2 -06.0 5.29E-06 001.9 326.0  51.1 0.008849 0.011146 0.012580 hargrave 2018-09-21 12:01:44 
TT 665 336.0 -13.9 332.8 -09.0 4.68E-06 002.2 326.0  46.6 0.011069 0.013854 0.005880 hargrave 2018-09-24 14:27:18 
TT 670 327.5 -18.5 323.5 -11.3 4.12E-06 002.0 320.5  38.1 0.009425 0.009368 0.007055 hargrave 2018-09-25 11:57:45 
TT 672 325.9 -23.7 320.7 -15.9 3.46E-06 002.5 323.0  33.1 0.009453 0.011051 0.006465 hargrave 2018-09-25 20:06:44 
TT 674 317.0 -24.0 312.5 -14.2 3.48E-06 004.2 316.1  27.6 0.020280 0.015595 0.005744 hargrave 2018-09-26 16:47:23 
TT 676 323.6 -29.9 316.8 -21.3 2.14E-06 002.6 325.4  26.9 0.009071 0.005309 0.003855 hargrave 2018-10-04 16:48:51 
TT 678 299.6 -19.4 297.4 -06.3 2.38E-06 003.0 301.1  18.0 0.010551 0.006593 0.004308 hargrave 2018-10-05 13:52:53 
TT 680 010.4 -39.9 356.1 -43.2 4.15E-07 009.8 009.5  26.3 0.002690 0.002387 0.007735 hargrave 2018-10-09 17:54:27 
TT 680 010.0 -39.4 356.0 -42.6 4.22E-07 008.0 009.2  26.8 0.002405 0.002149 0.006614 hargrave 2018-10-10 09:39:04 
TT 680 011.9 -37.7 358.6 -41.6 4.28E-07 009.6 011.3  28.1 0.002897 0.002401 0.008620 hargrave 2018-10-10 13:14:17 
TT 682 237.7  42.7 228.4  57.0 8.38E-07 006.0 219.0 -05.1 0.006832 0.004907 0.003697 hargrave 2018-10-11 16:01:38 
TT 684 096.3  30.1 094.7  14.3 8.69E-07 003.2 120.4  05.7 0.001702 0.004102 0.004512 hargrave 2018-10-12 14:27:47 
TT 686 243.3  18.0 240.7  33.4 6.22E-07 040.1 242.4 -15.2 0.009809 0.001896 0.052149 hargrave 2018-10-19 13:56:16 
TT 686 226.6  10.1 223.7  23.2 7.28E-07 011.9 239.7 -33.1 0.006095 0.004448 0.015483 hargrave 2018-10-19 15:22:03 
TT 688 085.8  22.4 085.6  06.1 5.69E-07 040.4 109.6  11.5 0.007167 0.002860 0.047849 hargrave 2018-10-20 13:20:15 
TT 688 081.6  21.8 081.6  05.5 5.71E-07 011.3 107.7  15.0 0.002720 0.002307 0.010993 hargrave 2018-10-20 14:19:34 
