TR038 -Va mag compass orientation (IGRF corrected)
   12.6  99.3  62.0 351.7  16.3   1.0
NRM    054.7  14.7 055.7  00.0 2.47E-06 013.5 082.1  45.9 0.057977 0.008179 0.014901 hargrave 2018-05-11 18:45:18 
NRM    052.1  15.8 053.3  01.5 2.69E-06 008.9 082.1  48.7 0.042295 0.011239 0.018791 hargrave 2018-05-14 09:31:08 
TT 100 079.9 -03.1 079.8 -19.4 1.98E-06 014.1 077.8  15.5 0.050010 0.007124 0.015915 hargrave 2018-05-14 17:02:03 
TT 100 079.6 -01.0 079.5 -17.3 2.02E-06 010.8 079.5  16.8 0.037086 0.008438 0.019154 hargrave 2018-05-14 17:13:53 
TT 200 103.7 -18.1 106.8 -33.1 2.14E-06 012.8 075.8 -12.1 0.049382 0.006113 0.010854 hargrave 2018-05-15 17:18:51 
TT 200 101.8 -16.5 104.5 -31.7 2.11E-06 011.5 076.4 -09.8 0.040964 0.006579 0.017501 hargrave 2018-05-15 17:49:35 
TT 300 120.5 -24.6 127.0 -36.8 2.58E-06 010.4 075.8 -29.0 0.046674 0.006104 0.012806 hargrave 2018-05-16 14:34:11 
TT 300 119.3 -22.7 125.3 -35.2 2.51E-06 009.0 077.5 -27.4 0.036430 0.006287 0.016613 hargrave 2018-05-16 15:24:31 
TT 350 126.2 -24.8 133.3 -35.7 2.85E-06 009.5 077.7 -34.0 0.046488 0.005694 0.013805 hargrave 2018-05-17 16:12:56 
TT 350 125.5 -24.5 132.5 -35.7 2.79E-06 008.3 077.7 -33.3 0.039204 0.006402 0.014031 hargrave 2018-05-17 17:05:14 
TT 400 136.0 -26.8 144.5 -35.3 3.38E-06 008.4 078.4 -43.1 0.048723 0.007026 0.013368 hargrave 2018-05-18 14:33:25 
TT 400 136.3 -26.7 144.8 -35.2 3.33E-06 006.3 078.6 -43.3 0.033755 0.007841 0.014997 hargrave 2018-05-18 14:45:25 
TT 450 142.8 -27.2 151.7 -34.0 3.79E-06 008.4 079.9 -49.1 0.055108 0.006758 0.012736 hargrave 2018-05-21 11:32:36 
TT 450 143.1 -27.1 152.0 -33.8 3.76E-06 005.5 080.0 -49.3 0.033062 0.007594 0.014514 hargrave 2018-05-21 12:58:05 
TT 475 147.0 -27.6 156.0 -33.2 4.34E-06 006.1 080.4 -52.8 0.045144 0.006963 0.015131 hargrave 2018-07-30 17:34:30 
TT 500 157.7 -28.0 166.8 -30.7 5.63E-06 006.0 082.4 -62.1 0.056030 0.008619 0.044524 hargrave 2018-07-31 13:59:16 
TT 525 159.4 -27.2 168.1 -29.5 6.29E-06 005.4 084.6 -63.5 0.055710 0.009755 0.047554 hargrave 2018-08-01 12:02:02 
TT 550 160.9 -25.9 169.1 -27.8 6.79E-06 005.0 088.1 -64.6 0.057960 0.010211 0.019432 hargrave 2018-08-01 18:56:59 
TT 550 157.9 -26.2 166.4 -28.9 6.28E-06 005.7 086.3 -62.1 0.048290 0.010580 0.078899 hargrave 2018-08-01 20:20:39 
TT 555 158.2 -25.6 166.4 -28.3 6.32E-06 005.4 087.7 -62.2 0.057299 0.011350 0.032900 hargrave 2018-08-03 12:18:48 
TT 560 160.6 -26.0 168.9 -28.0 6.84E-06 005.2 087.7 -64.4 0.062070 0.011629 0.012526 hargrave 2018-08-03 19:15:38 
TT 565 159.5 -25.1 167.6 -27.5 7.07E-06 005.6 089.3 -63.3 0.068125 0.016737 0.007277 hargrave 2018-08-13 17:32:19 
TT 570 160.4 -26.0 168.7 -28.1 7.12E-06 005.0 087.6 -64.2 0.061341 0.017239 0.008169 hargrave 2018-08-14 14:26:34 
TT 575 160.6 -24.8 168.5 -26.9 7.18E-06 004.7 090.4 -64.2 0.057064 0.017052 0.006509 hargrave 2018-08-15 10:50:40 
TT 580 161.1 -25.4 169.2 -27.3 7.18E-06 005.2 089.3 -64.7 0.064542 0.017518 0.008925 hargrave 2018-08-15 17:54:24 
TT 600 161.6 -24.7 169.4 -26.5 7.23E-06 005.2 091.2 -65.0 0.064606 0.017138 0.007657 hargrave 2018-08-16 14:12:01 
TT 620 162.2 -24.1 169.7 -25.7 7.46E-06 004.0 093.0 -65.3 0.051276 0.016784 0.007278 hargrave 2018-08-17 12:25:38 
TT 630 162.2 -24.6 170.0 -26.2 7.66E-06 004.1 091.6 -65.6 0.054527 0.015572 0.006928 hargrave 2018-08-28 14:04:10 
TT 640 165.0 -25.4 172.9 -26.2 7.36E-06 003.7 091.2 -68.2 0.042880 0.016550 0.017703 hargrave 2018-09-10 12:35:41 
TT 645 164.1 -25.3 172.0 -26.4 7.67E-06 005.8 091.0 -67.4 0.076166 0.014962 0.018029 hargrave 2018-09-11 14:32:42 
TT 650 166.3 -25.7 174.3 -26.2 8.23E-06 005.6 090.9 -69.4 0.079406 0.017466 0.018469 hargrave 2018-09-12 14:31:21 
TT 655 165.5 -26.4 173.8 -27.0 8.15E-06 004.0 088.7 -68.8 0.052999 0.017404 0.018459 hargrave 2018-09-20 14:58:11 
TT 660 166.7 -26.2 174.9 -26.4 8.40E-06 003.0 089.9 -69.9 0.040283 0.015152 0.017367 hargrave 2018-09-21 12:21:09 
TT 665 163.7 -25.9 171.8 -27.0 8.63E-06 004.2 089.3 -67.1 0.059309 0.023081 0.008891 hargrave 2018-09-24 14:48:05 
TT 670 167.2 -27.3 175.7 -27.3 9.08E-06 003.9 086.9 -70.4 0.058694 0.022314 0.009563 hargrave 2018-09-25 12:18:58 
TT 672 165.2 -27.0 173.7 -27.6 9.22E-06 004.3 087.1 -68.7 0.065849 0.023733 0.007810 hargrave 2018-09-25 20:27:42 
TT 674 166.8 -24.6 174.4 -24.9 9.35E-06 005.7 094.5 -69.6 0.090802 0.023562 0.007925 hargrave 2018-09-26 17:07:05 
TT 676 163.4 -26.1 171.6 -27.3 9.64E-06 003.9 088.7 -66.9 0.063169 0.020052 0.010043 hargrave 2018-10-04 17:08:46 
TT 678 171.2 -31.1 180.8 -29.8 8.82E-06 004.5 074.6 -73.9 0.066174 0.021252 0.011084 hargrave 2018-10-05 14:12:56 
TT 680 167.0 -29.3 176.2 -29.3 7.47E-06 004.6 080.8 -70.4 0.049145 0.034221 0.013276 hargrave 2018-10-09 18:15:32 
TT 682 180.9 -26.0 188.1 -22.3 2.96E-06 004.3 103.5 -82.3 0.017641 0.013642 0.005180 hargrave 2018-10-11 16:21:50 
TT 684 131.1 -29.8 140.3 -39.4 1.39E-06 007.4 073.2 -39.6 0.017298 0.006785 0.006009 hargrave 2018-10-12 14:47:59 
TT 686 246.4 -24.7 247.6 -08.9 9.25E-07 003.1 280.1 -39.2 0.003822 0.004328 0.003273 hargrave 2018-10-19 14:13:06 
TT 688 069.8  19.0 070.4  03.0 1.57E-06 007.0 094.8  34.4 0.006696 0.005378 0.023867 hargrave 2018-10-20 13:39:23 
