TR038 -Za mag compass orientation (IGRF corrected)
  13.66  13.3  75.0 351.7  16.3   1.0
NRM    312.9 -12.2 311.3 -01.8 1.02E-05 002.8 048.7  50.0 0.031108 0.034963 0.041658 hargrave 2018-05-11 18:50:50 
TT 100 306.5 -21.8 303.3 -09.8 9.51E-06 003.2 032.3  46.8 0.027982 0.037144 0.044861 hargrave 2018-05-14 17:07:24 
TT 200 303.9 -24.4 300.4 -12.0 9.33E-06 003.2 027.3  45.7 0.020121 0.030991 0.046986 hargrave 2018-05-15 17:25:00 
TT 300 301.6 -27.0 297.8 -14.2 9.25E-06 003.8 023.1  44.4 0.029056 0.047741 0.046129 hargrave 2018-05-16 14:39:38 
TT 350 301.6 -27.8 297.6 -14.9 9.23E-06 003.2 022.5  43.6 0.026918 0.035291 0.046277 hargrave 2018-05-17 16:18:26 
TT 400 299.7 -29.7 295.6 -16.4 9.02E-06 003.5 019.4  42.6 0.025059 0.039587 0.045192 hargrave 2018-05-18 14:38:52 
TT 450 295.8 -31.2 291.8 -17.4 8.93E-06 004.1 014.5  42.3 0.028342 0.048525 0.046629 hargrave 2018-05-21 11:38:05 
TT 475 293.5 -32.1 289.7 -18.0 8.86E-06 003.9 011.7  41.9 0.028526 0.047059 0.042935 hargrave 2018-07-30 17:40:24 
TT 500 291.6 -32.3 288.0 -17.9 8.75E-06 003.5 009.5  42.0 0.027277 0.044050 0.037046 hargrave 2018-07-31 14:05:07 
TT 525 288.0 -34.2 284.5 -19.4 8.72E-06 003.3 005.1  40.6 0.029370 0.039168 0.042414 hargrave 2018-08-01 12:07:59 
TT 550 286.9 -35.7 283.4 -20.7 8.53E-06 004.1 003.8  39.2 0.028376 0.052418 0.036803 hargrave 2018-08-01 19:02:46 
TT 550 286.7 -35.7 283.2 -20.7 8.53E-06 004.0 003.6  39.2 0.028588 0.050303 0.036695 hargrave 2018-08-01 20:26:33 
TT 555 288.6 -37.3 284.6 -22.5 8.50E-06 004.0 005.3  37.4 0.029268 0.052765 0.027234 hargrave 2018-08-03 12:24:44 
TT 560 286.9 -36.7 283.3 -21.7 8.63E-06 003.8 003.7  38.2 0.028252 0.041281 0.051038 hargrave 2018-08-03 19:21:33 
TT 565 285.3 -37.9 281.7 -22.8 8.55E-06 003.1 002.0  37.0 0.016833 0.035311 0.039757 hargrave 2018-08-13 17:38:13 
TT 570 285.1 -37.8 281.6 -22.7 8.46E-06 003.5 001.8  37.1 0.010115 0.042622 0.038061 hargrave 2018-08-14 14:32:26 
TT 575 284.1 -38.4 280.6 -23.2 8.42E-06 002.5 000.7  36.6 0.013012 0.023997 0.033481 hargrave 2018-08-15 10:56:40 
TT 580 285.5 -38.6 281.8 -23.4 8.64E-06 004.0 002.1  36.4 0.029569 0.051853 0.037402 hargrave 2018-08-15 18:00:14 
TT 600 284.3 -39.3 280.7 -24.0 8.41E-06 003.9 001.0  35.7 0.009768 0.049542 0.035706 hargrave 2018-08-16 14:17:54 
TT 620 283.9 -39.4 280.4 -24.1 8.34E-06 003.1 000.6  35.6 0.009696 0.035916 0.035625 hargrave 2018-08-17 12:31:26 
TT 630 283.1 -40.0 279.6 -24.6 8.44E-06 002.9 359.8  35.0 0.013106 0.040853 0.016496 hargrave 2018-08-28 14:10:10 
TT 640 284.4 -40.0 280.7 -24.7 8.45E-06 002.1 001.0  35.0 0.010444 0.022263 0.024187 hargrave 2018-09-10 12:41:25 
TT 645 284.7 -40.4 280.9 -25.2 8.25E-06 003.0 001.3  34.6 0.016125 0.035920 0.020093 hargrave 2018-09-11 14:38:26 
TT 650 282.4 -42.0 278.8 -26.6 8.25E-06 002.4 359.2  33.0 0.015061 0.021657 0.024764 hargrave 2018-09-12 14:36:45 
TT 655 284.2 -42.8 280.2 -27.5 8.40E-06 001.6 000.8  32.2 0.006967 0.015550 0.018967 hargrave 2018-09-20 15:03:40 
TT 660 282.7 -42.7 278.9 -27.2 8.30E-06 001.8 359.4  32.3 0.007900 0.019314 0.016434 hargrave 2018-09-21 12:26:35 
TT 665 280.1 -43.8 276.7 -28.2 8.15E-06 002.1 357.3  31.1 0.016676 0.024679 0.015810 hargrave 2018-09-24 14:53:52 
TT 670 275.3 -44.9 272.7 -28.9 7.75E-06 003.5 353.5  29.7 0.015147 0.044613 0.014738 hargrave 2018-09-25 12:27:29 
TT 672 270.9 -45.5 269.1 -29.3 7.32E-06 002.7 350.1  28.5 0.015763 0.030157 0.015115 hargrave 2018-09-26 09:05:23 
TT 674 274.8 -47.4 272.1 -31.4 6.75E-06 003.8 353.6  27.1 0.012398 0.042188 0.015080 hargrave 2018-09-26 17:13:43 
TT 676 275.7 -49.2 272.6 -33.2 6.71E-06 001.8 354.5  25.5 0.015265 0.014317 0.015203 hargrave 2018-10-04 17:14:30 
TT 678 265.3 -46.4 264.5 -30.1 5.84E-06 001.9 346.2  26.5 0.008561 0.015075 0.013989 hargrave 2018-10-05 14:20:51 
TT 680 295.4 -52.8 287.1 -38.6 4.24E-06 003.8 007.8  21.4 0.011128 0.020704 0.017475 hargrave 2018-10-10 09:10:29 
TT 682 237.4 -49.8 242.9 -34.6 2.26E-06 003.6 331.5  13.7 0.005417 0.007841 0.011128 hargrave 2018-10-11 16:28:15 
TT 684 016.4 -56.6 350.1 -60.0 1.44E-06 006.2 034.5 -14.2 0.005562 0.012882 0.008070 hargrave 2018-10-12 14:53:30 
TT 686 222.0  21.7 216.2  33.7 1.10E-06 007.6 253.5  31.8 0.003970 0.004196 0.015251 hargrave 2018-10-19 14:19:03 
TT 688 041.4  10.4 042.2 -02.1 8.70E-07 030.2 108.8 -23.6 0.006575 0.005623 0.052230 hargrave 2018-10-20 13:43:59 
TT 688 061.1  01.9 060.5 -13.3 1.12E-06 005.3 108.4 -44.9 0.008691 0.006329 0.003754 hargrave 2018-10-20 14:29:31 
