TR038 -Wa mag compass orientation (IGRF corrected)
  12.84  92.3  67.0 351.7  16.3   1.0
NRM    020.1 -05.3 017.8 -12.8 2.52E-05 002.6 033.8  56.8 0.079343 0.078637 0.033242 hargrave 2018-05-11 18:46:37 
TT 100 020.5 -07.7 017.5 -15.3 2.41E-05 002.1 032.1  54.5 0.058686 0.060335 0.031643 hargrave 2018-05-14 17:03:21 
TT 200 021.7 -08.0 018.6 -15.8 2.36E-05 002.6 033.7  53.7 0.069366 0.075138 0.032960 hargrave 2018-05-15 17:20:09 
TT 300 021.6 -09.0 018.3 -16.7 2.31E-05 002.2 032.8  52.8 0.059167 0.061775 0.031311 hargrave 2018-05-16 14:35:30 
TT 350 021.6 -09.5 018.2 -17.3 2.29E-05 002.5 032.3  52.4 0.074810 0.062120 0.028235 hargrave 2018-05-17 16:14:20 
TT 400 022.3 -10.0 018.8 -17.9 2.26E-05 001.8 032.9  51.6 0.046253 0.045808 0.030268 hargrave 2018-05-18 14:34:43 
TT 450 022.7 -10.8 018.9 -18.8 2.21E-05 001.8 032.7  50.7 0.045686 0.045381 0.030836 hargrave 2018-05-21 11:33:55 
TT 475 022.5 -11.6 018.5 -19.5 2.18E-05 001.7 031.8  50.2 0.039931 0.044922 0.026508 hargrave 2018-07-30 17:35:55 
TT 500 023.0 -10.4 019.3 -18.5 2.20E-05 001.5 033.5  50.9 0.028274 0.046277 0.060968 hargrave 2018-07-31 14:00:41 
TT 525 022.8 -11.4 018.9 -19.4 2.12E-05 001.8 032.4  50.2 0.031953 0.059442 0.022228 hargrave 2018-08-01 12:03:27 
TT 550 022.5 -10.6 018.7 -18.5 2.15E-05 001.8 032.6  51.0 0.029050 0.052621 0.077865 hargrave 2018-08-01 18:58:22 
TT 550 022.8 -11.0 019.0 -19.0 2.12E-05 001.6 032.7  50.5 0.029430 0.052476 0.041687 hargrave 2018-08-01 20:22:03 
TT 555 023.2 -11.4 019.2 -19.5 2.08E-05 001.9 032.9  49.9 0.033268 0.062322 0.023160 hargrave 2018-08-03 12:20:16 
TT 560 022.9 -12.0 018.8 -20.0 2.08E-05 001.8 032.0  49.6 0.030356 0.059382 0.021078 hargrave 2018-08-03 19:17:09 
TT 565 020.9 -12.6 016.7 -20.0 2.08E-05 001.7 029.0  50.0 0.021798 0.057590 0.025657 hargrave 2018-08-13 17:33:44 
TT 570 021.2 -12.5 017.0 -20.0 2.07E-05 002.7 029.5  50.0 0.039793 0.089705 0.023978 hargrave 2018-08-14 14:27:58 
TT 575 022.1 -12.5 017.9 -20.3 2.06E-05 001.6 030.7  49.5 0.024588 0.051261 0.024463 hargrave 2018-08-15 10:52:05 
TT 580 022.2 -13.3 017.7 -21.0 2.06E-05 002.0 030.2  48.8 0.023196 0.070419 0.023249 hargrave 2018-08-15 17:55:49 
TT 600 022.9 -13.3 018.5 -21.2 2.02E-05 002.1 031.1  48.5 0.027889 0.070043 0.024867 hargrave 2018-08-16 14:13:29 
TT 620 023.5 -13.6 019.0 -21.6 2.00E-05 001.4 031.7  48.0 0.023673 0.044574 0.022782 hargrave 2018-08-17 12:27:02 
TT 630 023.2 -14.1 018.5 -22.1 1.97E-05 002.1 030.8  47.6 0.032842 0.066825 0.025067 hargrave 2018-08-28 14:05:38 
TT 640 026.9 -17.0 021.5 -25.8 1.82E-05 003.1 033.2  43.4 0.036213 0.055236 0.105898 hargrave 2018-09-10 12:37:04 
TT 645 025.7 -15.4 020.7 -24.0 1.88E-05 002.0 033.0  45.3 0.028773 0.058818 0.023560 hargrave 2018-09-11 14:34:05 
TT 650 024.9 -16.3 019.6 -24.6 1.87E-05 002.2 031.3  44.9 0.028147 0.072522 0.037090 hargrave 2018-09-12 14:32:40 
TT 655 026.6 -16.8 021.2 -25.5 1.84E-05 002.2 032.9  43.6 0.042728 0.042590 0.042835 hargrave 2018-09-20 14:59:34 
TT 660 027.8 -16.5 022.6 -25.5 1.80E-05 002.0 034.6  43.3 0.040476 0.039709 0.030829 hargrave 2018-09-21 12:22:31 
TT 665 025.1 -17.0 019.6 -25.3 1.77E-05 003.6 031.1  44.3 0.060850 0.086592 0.041218 hargrave 2018-09-24 14:49:30 
TT 670 023.5 -18.2 017.6 -26.1 1.73E-05 004.0 028.4  43.9 0.028648 0.124525 0.040966 hargrave 2018-09-25 12:22:55 
TT 672 026.6 -17.2 021.1 -25.9 1.68E-05 004.0 032.7  43.3 0.028255 0.121277 0.030360 hargrave 2018-09-26 09:00:56 
TT 674 027.1 -17.9 021.4 -26.8 1.63E-05 004.1 032.7  42.4 0.044150 0.109296 0.042909 hargrave 2018-09-26 17:09:36 
TT 676 029.6 -16.3 024.4 -25.7 7.86E-06 070.0 036.7  42.5 0.496747 0.370356 0.569082 hargrave 2018-10-04 17:10:08 
TT 676 027.9 -18.1 022.2 -27.1 1.56E-05 001.6 033.5  41.9 0.023982 0.035894 0.016712 hargrave 2018-10-04 17:34:19 
TT 678 028.1 -19.0 022.2 -28.1 1.45E-05 003.1 033.1  41.0 0.014124 0.085094 0.017833 hargrave 2018-10-05 14:16:35 
TT 680 026.9 -18.9 020.9 -27.7 1.30E-05 006.3 031.8  41.7 0.076458 0.117335 0.031832 hargrave 2018-10-10 09:06:17 
TT 682 026.9 -19.8 020.7 -28.5 8.64E-06 002.9 031.3  40.9 0.019783 0.037308 0.025241 hargrave 2018-10-11 16:24:09 
TT 684 033.4 -13.9 029.0 -24.3 4.14E-06 003.7 042.6  42.2 0.021985 0.014629 0.009244 hargrave 2018-10-12 14:49:18 
TT 686 012.7 -23.1 005.2 -28.0 3.31E-06 003.8 013.1  42.8 0.011129 0.015757 0.013549 hargrave 2018-10-19 14:14:13 
TT 688 063.4  61.7 069.4  45.9 1.45E-06 005.8 150.0  33.7 0.006277 0.013680 0.007144 hargrave 2018-10-20 13:40:30 
