TR038 -Ua mag compass orientation (IGRF corrected)
  12.39  95.3  70.0 351.7  16.3   1.0
NRM    000.7  10.7 003.4  07.8 1.05E-05 001.9 334.0  79.7 0.028452 0.021929 0.013815 hargrave 2018-05-11 18:43:56 
TT 100 000.7  05.5 001.9  02.8 8.96E-06 001.7 342.2  74.8 0.019353 0.018751 0.007866 hargrave 2018-05-14 17:00:41 
TT 200 000.9  02.6 001.2 -00.1 8.07E-06 001.7 345.5  72.1 0.016721 0.016373 0.006671 hargrave 2018-05-15 17:17:34 
TT 300 001.2 -01.3 000.4 -03.9 7.29E-06 001.8 348.7  68.4 0.016554 0.015424 0.006591 hargrave 2018-05-16 14:32:52 
TT 350 001.1 -02.7 360.0 -05.2 6.94E-06 001.7 349.2  66.9 0.015130 0.013214 0.006339 hargrave 2018-05-17 16:11:38 
TT 400 001.6 -05.8 359.6 -08.3 6.44E-06 001.9 351.5  63.9 0.014291 0.016056 0.006369 hargrave 2018-05-18 14:32:07 
TT 450 359.9 -09.7 356.8 -11.6 5.88E-06 001.7 349.4  59.8 0.011931 0.013062 0.005431 hargrave 2018-05-21 11:31:16 
TT 475 359.1 -12.9 355.1 -14.5 5.45E-06 002.0 349.0  56.5 0.011118 0.015576 0.005391 hargrave 2018-07-30 17:33:06 
TT 500 359.3 -19.8 353.2 -21.1 4.57E-06 004.7 351.3  49.8 0.014330 0.013984 0.062142 hargrave 2018-07-31 13:57:51 
TT 525 359.9 -19.9 353.8 -21.4 4.52E-06 008.1 352.2  49.7 0.017541 0.022286 0.102630 hargrave 2018-08-01 12:00:37 
TT 525 001.3 -15.0 356.6 -17.1 5.16E-06 001.9 353.2  54.7 0.011249 0.011336 0.010911 hargrave 2018-08-01 12:15:38 
TT 550 002.9 -21.4 356.1 -23.6 4.45E-06 007.1 356.6  48.6 0.015528 0.015438 0.089912 hargrave 2018-08-01 18:55:35 
TT 550 002.3 -23.8 354.8 -25.8 4.21E-06 005.1 356.1  46.1 0.012046 0.013496 0.057167 hargrave 2018-08-01 20:19:10 
TT 555 002.4 -23.3 355.1 -25.3 4.22E-06 003.3 356.1  46.6 0.007446 0.015983 0.023410 hargrave 2018-08-03 12:17:20 
TT 560 003.2 -25.1 355.2 -27.3 4.11E-06 002.6 357.4  44.9 0.009271 0.014227 0.009608 hargrave 2018-08-03 19:14:12 
TT 565 004.5 -28.4 355.3 -30.8 3.99E-06 002.5 359.1  41.6 0.006156 0.015410 0.007510 hargrave 2018-08-13 17:30:55 
TT 570 004.8 -30.0 355.0 -32.4 3.93E-06 002.7 359.5  40.0 0.006206 0.016128 0.008197 hargrave 2018-08-14 14:25:09 
TT 575 007.6 -31.7 357.0 -34.8 3.79E-06 002.5 002.5  38.2 0.006672 0.012018 0.012080 hargrave 2018-08-15 10:49:16 
TT 580 008.9 -34.6 357.1 -37.8 3.46E-06 003.3 003.6  35.3 0.004526 0.018649 0.007364 hargrave 2018-08-15 17:53:00 
TT 600 011.0 -37.5 357.9 -41.1 3.34E-06 003.3 005.4  32.3 0.004716 0.017521 0.008190 hargrave 2018-08-16 14:10:36 
TT 620 010.7 -42.2 355.2 -45.5 3.26E-06 002.7 004.5  27.6 0.004298 0.013468 0.008147 hargrave 2018-08-17 12:24:14 
TT 630 008.2 -45.9 350.7 -48.1 3.27E-06 003.5 002.2  24.1 0.004736 0.019816 0.003970 hargrave 2018-08-28 14:02:45 
TT 640 007.1 -48.6 347.9 -50.2 3.18E-06 003.1 001.3  21.4 0.005455 0.013895 0.010388 hargrave 2018-09-10 12:34:19 
TT 645 005.1 -52.1 343.6 -52.9 3.08E-06 002.3 359.9  17.9 0.006547 0.007415 0.009548 hargrave 2018-09-11 14:31:19 
TT 650 009.9 -56.4 344.4 -58.0 3.05E-06 004.6 002.6  13.5 0.005259 0.020570 0.014088 hargrave 2018-09-12 14:30:00 
TT 655 010.4 -59.5 341.6 -60.8 3.06E-06 002.5 002.6  10.4 0.004785 0.011937 0.005307 hargrave 2018-09-20 14:56:54 
TT 660 012.2 -61.6 340.6 -63.0 3.05E-06 002.2 003.3  08.2 0.004307 0.010921 0.004598 hargrave 2018-09-21 12:19:51 
TT 665 013.5 -67.3 333.0 -67.8 3.08E-06 003.7 003.1  02.5 0.005782 0.019577 0.005793 hargrave 2018-09-24 14:46:40 
TT 670 357.3 -76.2 305.2 -69.8 3.00E-06 002.8 358.1 -06.3 0.005555 0.013801 0.004851 hargrave 2018-09-25 12:17:31 
TT 672 056.3 -80.2 291.3 -81.5 2.98E-06 003.5 007.8 -13.7 0.005868 0.017856 0.005889 hargrave 2018-09-25 20:26:18 
TT 674 319.5 -83.4 277.8 -69.4 2.89E-06 002.5 355.1 -15.3 0.005593 0.012071 0.004332 hargrave 2018-09-26 17:05:45 
TT 676 131.3 -88.5 257.3 -74.6 2.58E-06 002.7 001.3 -20.9 0.004207 0.011288 0.004809 hargrave 2018-10-04 17:07:25 
TT 678 224.5 -81.4 248.7 -66.3 2.95E-06 003.2 353.9 -26.5 0.003841 0.015270 0.006574 hargrave 2018-10-05 14:11:35 
TT 680 135.7 -64.2 172.8 -69.4 2.52E-06 003.7 023.9 -35.0 0.009733 0.010090 0.009970 hargrave 2018-10-09 18:14:09 
TT 682 324.6 -69.6 298.5 -58.7 1.70E-06 004.7 346.8 -04.1 0.007246 0.009380 0.011306 hargrave 2018-10-11 16:20:26 
TT 684 087.5 -29.6 088.9 -45.8 8.30E-07 003.1 059.7 -03.3 0.002739 0.001753 0.003984 hargrave 2018-10-12 14:46:34 
TT 686 229.0 -05.7 228.9  08.0 7.65E-07 003.2 257.5 -45.2 0.003807 0.001920 0.001424 hargrave 2018-10-19 14:11:58 
TT 688 129.0  12.9 127.5  01.6 1.07E-06 005.7 116.0 -25.6 0.007733 0.005564 0.007327 hargrave 2018-10-20 13:38:15 
