TR038 -Pa mag compass orientation (IGRF corrected)
  10.86  91.3  70.0 351.7  16.3   1.0
NRM    009.3  13.9 012.3  08.5 1.18E-05 004.4 052.5  80.2 0.075439 0.051144 0.019731 hargrave 2018-05-11 18:34:26 
TT 100 010.7  10.0 012.7  04.3 1.08E-05 004.0 043.6  76.4 0.057041 0.048254 0.030495 hargrave 2018-05-14 16:51:23 
TT 200 011.6  07.3 012.8  01.6 9.95E-06 004.6 039.5  73.9 0.060790 0.050131 0.035259 hargrave 2018-05-15 17:08:18 
TT 300 012.2  05.5 012.9 -00.4 9.34E-06 004.5 037.6  72.0 0.054223 0.049220 0.033340 hargrave 2018-05-16 14:23:22 
TT 350 012.4  05.5 013.1 -00.4 8.95E-06 004.5 038.1  71.9 0.050803 0.049471 0.031214 hargrave 2018-05-17 16:01:25 
TT 400 013.7  04.2 014.0 -02.0 8.47E-06 004.4 039.0  70.1 0.052976 0.037168 0.014143 hargrave 2018-05-18 14:21:48 
TT 450 013.7  03.7 013.9 -02.4 7.88E-06 004.5 038.2  69.7 0.049131 0.036872 0.013009 hargrave 2018-05-21 11:21:54 
TT 475 014.9  01.9 014.5 -04.5 7.56E-06 003.9 037.9  67.6 0.038283 0.034354 0.008965 hargrave 2018-07-30 17:23:11 
TT 500 015.5  00.3 014.8 -06.2 6.91E-06 004.7 037.0  65.9 0.038759 0.046563 0.030325 hargrave 2018-07-31 13:47:40 
TT 525 017.2 -00.3 016.2 -07.2 6.89E-06 004.4 039.4  64.4 0.033771 0.044479 0.023761 hargrave 2018-08-01 11:50:30 
TT 550 018.2 -02.7 016.6 -09.8 6.21E-06 001.8 038.1  61.9 0.018231 0.010718 0.016916 hargrave 2018-08-01 18:45:34 
TT 550 017.9 -02.2 016.4 -09.3 6.51E-06 003.3 038.2  62.4 0.027375 0.029426 0.023610 hargrave 2018-08-01 20:09:13 
TT 555 018.1 -02.3 016.6 -09.4 6.44E-06 003.6 038.4  62.3 0.027839 0.030791 0.034078 hargrave 2018-08-03 12:07:05 
TT 560 018.0 -02.9 016.3 -09.9 6.15E-06 002.5 037.4  61.9 0.018173 0.012273 0.022907 hargrave 2018-08-03 19:04:10 
TT 565 017.6 -02.8 016.0 -09.7 6.10E-06 002.6 036.9  62.2 0.017115 0.014433 0.025353 hargrave 2018-08-13 17:20:32 
TT 570 017.2 -03.2 015.5 -10.0 5.99E-06 002.8 035.7  62.1 0.018704 0.016541 0.023715 hargrave 2018-08-14 14:14:25 
TT 575 018.4 -04.0 016.4 -11.1 6.05E-06 002.5 036.8  60.7 0.015908 0.012764 0.022597 hargrave 2018-08-15 10:38:33 
TT 580 017.6 -03.8 015.7 -10.7 5.97E-06 002.9 035.7  61.3 0.018341 0.016938 0.025531 hargrave 2018-08-15 17:43:00 
TT 600 019.6 -04.1 017.6 -11.5 5.81E-06 003.0 038.7  59.9 0.018430 0.017762 0.024486 hargrave 2018-08-16 13:59:43 
TT 620 018.9 -06.6 016.2 -13.7 5.71E-06 002.9 034.8  58.3 0.016225 0.016978 0.025218 hargrave 2018-08-17 12:14:14 
TT 630 018.6 -08.4 015.5 -15.4 5.78E-06 002.5 032.6  56.9 0.016596 0.018511 0.018328 hargrave 2018-08-28 13:53:34 
TT 640 020.1 -10.5 016.4 -17.9 5.55E-06 002.6 032.9  54.3 0.018948 0.013832 0.016065 hargrave 2018-09-10 12:25:13 
TT 645 022.6 -10.8 018.8 -18.7 5.34E-06 002.6 036.1  52.8 0.016265 0.016667 0.019605 hargrave 2018-09-11 14:22:20 
TT 650 021.9 -10.5 018.2 -18.3 5.17E-06 002.8 035.5  53.4 0.016896 0.017650 0.019144 hargrave 2018-09-12 14:21:26 
TT 655 024.6 -11.8 020.6 -20.2 5.05E-06 003.0 037.8  50.8 0.024518 0.012998 0.016093 hargrave 2018-09-20 14:48:20 
TT 660 022.9 -12.5 018.6 -20.5 4.89E-06 002.4 034.9  51.2 0.019811 0.011812 0.015345 hargrave 2018-09-21 12:11:23 
TT 665 025.3 -14.2 020.6 -22.7 4.67E-06 002.4 036.4  48.4 0.016663 0.011031 0.015462 hargrave 2018-09-24 14:37:37 
TT 670 022.8 -17.1 017.3 -24.9 4.47E-06 002.7 031.2  47.3 0.016358 0.013337 0.013280 hargrave 2018-09-25 12:08:20 
TT 672 029.9 -18.1 024.3 -27.5 4.35E-06 003.4 038.3  42.7 0.020726 0.015489 0.014324 hargrave 2018-09-25 20:17:12 
TT 674 022.2 -20.8 015.6 -28.3 4.28E-06 003.5 027.8  44.4 0.016923 0.019200 0.014932 hargrave 2018-09-26 16:57:13 
TT 676 031.9 -20.7 025.6 -30.6 3.89E-06 003.1 038.1  39.5 0.014358 0.011613 0.016983 hargrave 2018-10-04 16:58:45 
TT 678 015.4 -30.5 005.2 -35.7 3.43E-06 003.1 015.4  37.7 0.010017 0.012611 0.017316 hargrave 2018-10-05 14:02:44 
TT 680 058.9 -19.3 055.5 -34.2 2.53E-06 003.7 058.7  21.2 0.012002 0.006076 0.011065 hargrave 2018-10-09 18:04:27 
TT 682 341.1 -35.3 330.8 -30.8 1.26E-06 004.4 340.7  31.5 0.004920 0.005612 0.007231 hargrave 2018-10-11 16:11:38 
TT 684 057.3 -11.4 054.9 -26.1 1.06E-06 003.8 065.3  26.6 0.004320 0.003487 0.005146 hargrave 2018-10-12 14:37:46 
TT 686 266.4  01.5 266.6  17.7 5.90E-07 025.6 266.9 -04.1 0.003708 0.001383 0.028070 hargrave 2018-10-19 14:04:31 
TT 686 265.3 -00.2 265.5  16.0 5.83E-07 015.3 268.2 -05.7 0.002858 0.001176 0.015806 hargrave 2018-10-19 15:25:41 
TT 688 148.4  16.8 144.9  09.8 1.00E-06 010.8 136.4 -41.0 0.005229 0.005341 0.028627 hargrave 2018-10-20 13:30:50 
TT 688 118.7  34.7 113.7  21.3 7.46E-07 034.3 132.3 -09.2 0.001850 0.006180 0.050565 hargrave 2018-10-20 14:24:31 
