TR038 -Ya mag compass orientation (IGRF corrected)
  13.49  86.3  67.0 351.7  16.3   1.0
NRM    024.3  09.7 025.5  00.7 3.35E-05 003.1 068.2  60.2 0.162480 0.082347 0.035278 hargrave 2018-05-11 18:49:22 
TT 100 026.0  08.8 027.0 -00.6 3.19E-05 003.2 068.3  58.2 0.160226 0.087611 0.028720 hargrave 2018-05-14 17:06:01 
TT 200 026.4  07.4 027.0 -02.0 3.15E-05 003.0 066.4  57.1 0.145234 0.077189 0.029352 hargrave 2018-05-15 17:22:49 
TT 300 026.6  06.6 027.0 -02.8 3.12E-05 003.1 065.3  56.6 0.147247 0.080652 0.028661 hargrave 2018-05-16 14:38:13 
TT 350 027.2  06.7 027.7 -02.8 3.09E-05 002.5 066.2  56.1 0.120323 0.061793 0.028729 hargrave 2018-05-17 16:17:02 
TT 400 027.4  05.9 027.7 -03.7 3.05E-05 003.2 065.2  55.5 0.152000 0.080092 0.029604 hargrave 2018-05-18 14:37:25 
TT 450 027.7  05.5 027.9 -04.1 2.99E-05 003.0 064.9  55.0 0.140783 0.075355 0.025468 hargrave 2018-05-21 11:36:41 
TT 475 028.0  05.4 028.2 -04.4 2.95E-05 002.6 064.9  54.7 0.120279 0.066441 0.018414 hargrave 2018-07-30 17:38:53 
TT 500 028.4  05.3 028.5 -04.5 2.92E-05 002.9 065.2  54.3 0.123665 0.087880 0.009666 hargrave 2018-07-31 14:03:36 
TT 525 028.6  03.9 028.4 -05.9 2.87E-05 002.3 063.4  53.4 0.087816 0.080318 0.013960 hargrave 2018-08-01 12:06:28 
TT 550 028.9  04.6 028.9 -05.3 2.83E-05 003.1 064.7  53.5 0.136026 0.072561 0.014891 hargrave 2018-08-01 19:01:15 
TT 550 029.0  04.4 028.8 -05.5 2.84E-05 002.9 064.5  53.4 0.124261 0.072607 0.014316 hargrave 2018-08-01 20:25:03 
TT 555 028.5  04.2 028.3 -05.6 2.82E-05 002.8 063.7  53.7 0.113610 0.078771 0.012034 hargrave 2018-08-03 12:23:13 
TT 560 028.7  04.3 028.5 -05.5 2.82E-05 002.8 064.0  53.6 0.115207 0.081913 0.011563 hargrave 2018-08-03 19:20:01 
TT 565 027.9  04.5 027.8 -05.1 2.80E-05 002.9 063.6  54.3 0.113804 0.081814 0.025867 hargrave 2018-08-13 17:36:38 
TT 570 027.7  03.8 027.4 -05.8 2.80E-05 003.0 062.3  54.1 0.115420 0.087992 0.022178 hargrave 2018-08-14 14:30:55 
TT 575 027.9  03.9 027.7 -05.7 2.80E-05 002.7 062.7  54.0 0.105630 0.073873 0.024346 hargrave 2018-08-15 10:54:59 
TT 580 027.7  04.0 027.5 -05.6 2.82E-05 002.7 062.6  54.2 0.109619 0.079892 0.020403 hargrave 2018-08-15 17:58:43 
TT 600 028.0  03.8 027.8 -05.9 2.79E-05 002.7 062.6  53.8 0.106029 0.077709 0.023327 hargrave 2018-08-16 14:16:23 
TT 620 027.7  03.5 027.4 -06.0 2.80E-05 002.5 062.0  54.0 0.094937 0.072362 0.021221 hargrave 2018-08-17 12:29:55 
TT 630 027.5  04.1 027.3 -05.5 2.82E-05 002.6 062.6  54.4 0.106040 0.071447 0.029171 hargrave 2018-08-28 14:08:36 
TT 640 029.8  03.1 029.3 -07.0 2.75E-05 002.5 063.4  52.0 0.093603 0.080587 0.022521 hargrave 2018-09-10 12:39:55 
TT 645 029.4  02.8 028.9 -07.2 2.77E-05 001.7 062.6  52.1 0.047316 0.084455 0.028453 hargrave 2018-09-11 14:36:56 
TT 650 030.2  02.6 029.6 -07.6 2.70E-05 002.0 063.0  51.4 0.052672 0.078488 0.037890 hargrave 2018-09-12 14:35:21 
TT 655 030.3  03.3 029.9 -06.9 2.71E-05 003.8 064.2  51.7 0.162489 0.083408 0.031220 hargrave 2018-09-20 15:02:16 
TT 660 030.0  02.2 029.3 -07.9 2.68E-05 002.8 062.4  51.3 0.109742 0.079681 0.026166 hargrave 2018-09-21 12:25:11 
TT 665 028.3  02.2 027.6 -07.5 2.62E-05 002.3 060.7  52.7 0.070290 0.079169 0.020192 hargrave 2018-09-24 14:52:22 
TT 670 029.2  03.3 028.8 -06.6 2.51E-05 002.0 063.2  52.5 0.052353 0.070878 0.022053 hargrave 2018-09-25 12:25:59 
TT 672 028.0  01.2 027.2 -08.4 2.40E-05 002.2 059.3  52.3 0.059823 0.073435 0.016576 hargrave 2018-09-26 09:03:50 
TT 674 027.6  00.1 026.5 -09.4 2.21E-05 001.4 057.4  51.9 0.023854 0.051636 0.016351 hargrave 2018-09-26 17:12:18 
TT 676 031.0  00.9 030.0 -09.4 2.20E-05 001.5 061.7  49.7 0.034754 0.051648 0.017226 hargrave 2018-10-04 17:12:58 
TT 678 029.5 -00.6 028.2 -10.5 1.77E-05 001.8 058.4  50.0 0.027598 0.046082 0.015989 hargrave 2018-10-05 14:19:26 
TT 680 033.1 -04.8 030.9 -15.4 1.31E-05 003.0 057.0  44.5 0.046906 0.042229 0.029717 hargrave 2018-10-10 09:09:02 
TT 682 029.8 -02.9 028.0 -12.8 5.45E-06 003.7 056.0  48.3 0.027737 0.018489 0.017081 hargrave 2018-10-11 16:26:51 
TT 684 037.4  00.7 036.4 -11.0 2.54E-06 003.9 066.7  44.2 0.011750 0.010763 0.008305 hargrave 2018-10-12 14:52:02 
TT 686 341.3 -03.6 340.7 -00.5 1.40E-06 004.6 329.2  59.6 0.004990 0.010375 0.005494 hargrave 2018-10-19 14:17:51 
TT 688 113.5 -18.9 118.0 -32.4 7.10E-07 006.3 081.3 -31.7 0.002589 0.006620 0.009187 hargrave 2018-10-20 13:42:47 
