TR038 -Ga mag compass orientation (IGRF corrected)
   9.25  85.3  71.0 351.7  16.3   1.0
NRM    344.9 -01.4 344.8  00.6 1.32E-05 001.9 332.3  67.2 0.028509 0.032759 0.022123 hargrave 2018-05-11 18:21:58 
TT 100 344.5 -07.1 342.8 -04.8 1.21E-05 001.6 336.8  61.8 0.022657 0.025086 0.015585 hargrave 2018-05-14 16:38:01 
TT 200 343.6 -10.9 340.9 -08.2 1.11E-05 001.8 338.0  57.9 0.020397 0.026430 0.013039 hargrave 2018-05-15 16:55:43 
TT 300 342.6 -12.7 339.4 -09.6 1.06E-05 001.7 337.5  56.0 0.019196 0.022959 0.012557 hargrave 2018-05-16 14:10:43 
TT 350 341.8 -13.4 338.4 -10.1 1.04E-05 002.0 336.7  55.0 0.015466 0.031397 0.012264 hargrave 2018-05-17 15:48:52 
TT 400 341.9 -15.6 337.9 -12.3 9.87E-06 001.8 338.2  52.9 0.017715 0.023450 0.012266 hargrave 2018-05-18 14:08:27 
TT 450 341.0 -17.5 336.6 -13.8 9.47E-06 001.6 338.1  50.9 0.016540 0.017916 0.011470 hargrave 2018-05-21 11:08:31 
TT 475 340.8 -19.4 335.8 -15.6 9.09E-06 001.3 338.9  49.0 0.014678 0.011974 0.008327 hargrave 2018-07-30 17:08:58 
TT 500 340.4 -21.2 334.9 -17.2 8.71E-06 002.1 339.3  47.3 0.024339 0.020175 0.008933 hargrave 2018-07-31 13:33:20 
TT 525 337.8 -22.7 332.0 -17.9 8.39E-06 002.5 336.9  44.9 0.024053 0.022311 0.019272 hargrave 2018-08-01 11:37:09 
TT 550 337.0 -23.2 331.1 -18.2 8.35E-06 002.6 336.3  44.2 0.026125 0.021620 0.039606 hargrave 2018-08-01 18:32:13 
TT 550 336.9 -23.5 330.9 -18.5 8.27E-06 002.4 336.3  43.9 0.023609 0.022262 0.030285 hargrave 2018-08-01 19:54:44 
TT 555 337.4 -27.7 330.0 -22.6 8.03E-06 002.2 339.1  40.2 0.022513 0.019057 0.013742 hargrave 2018-08-03 11:53:44 
TT 560 336.0 -28.4 328.6 -22.9 7.89E-06 001.9 338.1  39.1 0.021229 0.016798 0.010634 hargrave 2018-08-03 18:50:02 
TT 565 333.8 -30.6 325.8 -24.5 7.70E-06 002.4 337.0  36.2 0.020590 0.023507 0.013062 hargrave 2018-08-13 17:06:15 
TT 570 334.3 -31.6 326.0 -25.6 7.57E-06 002.2 338.0  35.6 0.022022 0.019994 0.012365 hargrave 2018-08-14 13:59:20 
TT 575 333.9 -32.2 325.5 -26.1 7.68E-06 002.1 338.0  34.8 0.018519 0.018083 0.016002 hargrave 2018-08-15 10:22:48 
TT 580 334.2 -33.5 325.2 -27.4 7.51E-06 002.2 338.8  33.7 0.018577 0.019678 0.013101 hargrave 2018-08-15 17:28:33 
TT 600 334.0 -33.6 325.0 -27.4 7.40E-06 003.8 338.7  33.6 0.027122 0.041006 0.013917 hargrave 2018-08-16 13:45:32 
TT 620 333.0 -35.7 323.4 -29.1 7.41E-06 002.2 338.8  31.4 0.016380 0.019398 0.016241 hargrave 2018-08-17 12:00:03 
TT 630 333.6 -37.5 323.3 -31.0 7.31E-06 001.8 340.2  29.9 0.016288 0.019326 0.008153 hargrave 2018-08-28 13:39:24 
TT 640 335.6 -39.4 324.4 -33.3 6.96E-06 002.2 342.8  28.7 0.009366 0.021935 0.013610 hargrave 2018-09-10 12:11:58 
TT 645 333.9 -37.6 323.5 -31.2 6.85E-06 002.0 340.5  29.9 0.013087 0.017596 0.014456 hargrave 2018-09-11 14:09:14 
TT 650 333.2 -38.2 322.7 -31.6 6.78E-06 002.2 340.2  29.1 0.014007 0.014996 0.018139 hargrave 2018-09-12 14:08:55 
TT 655 332.4 -39.7 321.4 -32.8 6.63E-06 001.9 340.3  27.5 0.011598 0.014721 0.014057 hargrave 2018-09-20 14:35:46 
TT 660 331.3 -41.5 319.8 -34.3 6.49E-06 002.0 340.3  25.5 0.012316 0.015931 0.011936 hargrave 2018-09-21 11:58:59 
TT 665 329.5 -44.5 317.1 -36.7 6.29E-06 002.3 340.4  22.3 0.015459 0.014737 0.016990 hargrave 2018-09-24 14:24:25 
TT 670 321.5 -44.7 310.3 -35.1 5.62E-06 002.3 335.3  19.2 0.012669 0.010666 0.018010 hargrave 2018-09-25 11:54:50 
TT 672 331.4 -50.1 316.2 -42.4 5.81E-06 003.1 344.2  17.8 0.017400 0.019596 0.019637 hargrave 2018-09-25 20:03:50 
TT 674 318.2 -48.6 306.2 -38.1 5.29E-06 003.2 335.6  14.8 0.018084 0.016982 0.019099 hargrave 2018-09-26 16:44:38 
TT 676 322.6 -60.4 303.9 -50.1 4.29E-06 002.6 344.4  06.3 0.007295 0.011425 0.015469 hargrave 2018-10-04 16:46:04 
TT 678 310.3 -55.1 297.6 -42.9 3.58E-06 003.2 336.0  06.7 0.008608 0.013346 0.014328 hargrave 2018-10-05 13:50:06 
TT 680 313.3 -72.5 289.5 -59.6 2.20E-06 005.0 348.3 -05.7 0.007084 0.016011 0.009307 hargrave 2018-10-09 17:51:33 
TT 682 273.5 -84.5 264.8 -68.3 6.85E-07 010.1 354.2 -18.1 0.008869 0.004512 0.010685 hargrave 2018-10-11 15:58:49 
TT 682 276.2 -82.3 266.5 -66.2 6.87E-07 008.3 352.1 -17.4 0.008615 0.004167 0.008794 hargrave 2018-10-11 17:07:06 
TT 682 273.3 -83.4 265.1 -67.2 6.91E-07 008.5 353.2 -18.0 0.008636 0.004073 0.009124 hargrave 2018-10-11 17:27:43 
TT 684 097.4 -22.7 100.3 -38.3 1.57E-06 003.9 071.5 -18.0 0.006472 0.006196 0.006868 hargrave 2018-10-12 14:24:59 
TT 686 267.6  15.1 268.4  31.3 1.20E-06 003.0 256.4  07.0 0.003136 0.004358 0.005115 hargrave 2018-10-19 13:53:53 
TT 688 090.7  01.9 091.0 -14.2 6.07E-07 004.5 093.6 -04.5 0.002930 0.004512 0.003563 hargrave 2018-10-20 13:18:42 
