TR038 -Xa mag compass orientation (IGRF corrected)
  13.16  11.3  62.0 351.7  16.3   1.0
NRM    349.2  41.7 003.4  40.3 1.54E-05 002.2 123.3  34.1 0.024382 0.038087 0.047425 hargrave 2018-05-11 18:47:58 
TT 100 349.5  38.9 002.5  37.7 1.41E-05 002.4 120.2  33.4 0.027010 0.035345 0.045113 hargrave 2018-05-14 17:04:40 
TT 200 350.1  38.3 002.7  37.0 1.32E-05 002.9 119.5  32.8 0.042541 0.038251 0.043880 hargrave 2018-05-15 17:21:29 
TT 300 350.1  37.5 002.4  36.2 1.25E-05 002.3 118.6  32.7 0.019519 0.027905 0.042285 hargrave 2018-05-16 14:36:50 
TT 350 349.6  37.8 002.1  36.6 1.20E-05 002.3 118.8  33.1 0.022884 0.027159 0.040336 hargrave 2018-05-17 16:15:40 
TT 400 349.5  36.3 001.3  35.2 1.16E-05 002.5 117.0  32.9 0.025067 0.028594 0.039187 hargrave 2018-05-18 14:36:04 
TT 450 349.1  35.8 000.7  34.9 1.10E-05 002.0 116.4  33.1 0.012939 0.020861 0.038725 hargrave 2018-05-21 11:35:19 
TT 475 349.6  34.2 000.5  33.2 1.05E-05 002.2 114.7  32.3 0.017974 0.022186 0.038243 hargrave 2018-07-30 17:37:26 
TT 500 350.5  35.0 001.7  33.8 1.01E-05 004.3 115.8  31.8 0.014835 0.022890 0.078820 hargrave 2018-07-31 14:02:07 
TT 525 350.8  32.9 001.2  31.7 9.47E-06 003.0 113.5  31.0 0.020552 0.025696 0.042383 hargrave 2018-08-01 12:04:54 
TT 550 349.5  32.6 359.8  31.8 8.94E-06 004.1 112.9  32.0 0.013163 0.017903 0.067360 hargrave 2018-08-01 18:59:48 
TT 550 350.6  33.2 001.1  32.0 8.84E-06 003.5 113.7  31.2 0.013483 0.022080 0.052315 hargrave 2018-08-01 20:23:29 
TT 555 350.1  32.7 000.5  31.6 8.56E-06 003.9 113.1  31.4 0.011585 0.022379 0.060261 hargrave 2018-08-03 12:21:45 
TT 560 351.3  31.5 001.0  30.2 8.13E-06 004.2 112.0  30.2 0.015790 0.015930 0.061410 hargrave 2018-08-03 19:18:34 
TT 565 349.5  30.7 359.0  29.9 8.05E-06 003.1 110.6  31.5 0.013638 0.019413 0.041981 hargrave 2018-08-13 17:35:11 
TT 570 349.7  31.0 359.4  30.2 7.89E-06 003.1 111.0  31.4 0.018408 0.021505 0.038143 hargrave 2018-08-14 14:29:24 
TT 575 349.4  31.2 359.2  30.5 7.67E-06 003.1 111.2  31.7 0.010927 0.019821 0.039586 hargrave 2018-08-15 10:53:29 
TT 580 350.0  31.8 360.0  30.9 7.53E-06 003.0 112.0  31.3 0.009749 0.014473 0.040080 hargrave 2018-08-15 17:57:15 
TT 600 349.6  31.7 359.6  30.9 7.31E-06 003.1 111.8  31.6 0.013472 0.016533 0.038625 hargrave 2018-08-16 14:14:56 
TT 620 347.8  29.1 356.9  28.9 7.08E-06 002.7 108.3  32.4 0.009564 0.013709 0.034381 hargrave 2018-08-17 12:28:28 
TT 630 346.7  28.2 355.5  28.4 6.90E-06 001.5 107.0  33.1 0.006997 0.010216 0.021721 hargrave 2018-08-28 14:07:08 
TT 640 347.9  27.2 356.3  27.1 6.55E-06 002.0 106.3  31.8 0.014642 0.015530 0.015271 hargrave 2018-09-10 12:38:29 
TT 645 348.9  25.1 356.5  24.8 6.50E-06 002.1 104.2  30.3 0.014072 0.016712 0.018104 hargrave 2018-09-11 14:35:30 
TT 650 348.8  24.4 356.2  24.2 6.09E-06 002.5 103.4  30.1 0.020088 0.016741 0.017191 hargrave 2018-09-12 14:34:00 
TT 655 348.4  23.4 355.5  23.4 5.93E-06 002.6 102.2  30.2 0.018563 0.013754 0.019268 hargrave 2018-09-20 15:00:54 
TT 660 347.9  23.0 354.9  23.1 5.66E-06 001.7 101.6  30.4 0.006244 0.011237 0.017972 hargrave 2018-09-21 12:23:51 
TT 665 340.1  17.6 345.6  20.1 5.24E-06 002.6 092.5  35.3 0.014885 0.009998 0.022032 hargrave 2018-09-24 14:50:55 
TT 670 347.1  26.0 355.1  26.2 5.05E-06 002.1 104.7  32.1 0.011578 0.011056 0.018920 hargrave 2018-09-25 12:24:28 
TT 672 342.5  18.0 348.0  19.8 4.51E-06 002.2 093.9  33.4 0.005705 0.007207 0.020011 hargrave 2018-09-26 09:02:23 
TT 674 336.7  17.6 342.4  21.0 3.58E-06 002.4 090.9  38.3 0.012888 0.005854 0.006515 hargrave 2018-09-26 17:10:56 
TT 676 329.0 -01.7 329.3  04.6 5.37E-06 001.5 065.1  35.5 0.006201 0.014548 0.006697 hargrave 2018-10-04 17:11:32 
TT 678 316.6 -15.9 314.0 -06.2 2.11E-06 002.1 042.3  34.3 0.005435 0.008914 0.002788 hargrave 2018-10-05 14:18:04 
TT 680 310.9 -28.1 306.0 -16.9 3.32E-06 002.8 029.3  27.1 0.008832 0.012114 0.011656 hargrave 2018-10-10 09:07:41 
TT 682 203.8 -20.0 207.5 -10.9 6.93E-07 007.4 293.4  01.0 0.005280 0.003059 0.006923 hargrave 2018-10-11 16:25:30 
TT 684 027.8 -12.3 023.7 -21.4 1.50E-06 004.7 086.5 -20.1 0.010298 0.004132 0.006374 hargrave 2018-10-12 14:50:40 
TT 686 230.6  31.4 223.3  44.8 2.92E-07 021.4 252.7  46.2 0.004830 0.006196 0.009108 hargrave 2018-10-19 14:16:42 
TT 686 244.0  27.7 240.0  43.1 3.27E-07 009.7 261.6  57.1 0.004622 0.004535 0.005453 hargrave 2018-10-19 15:30:28 
TT 688 039.2  02.2 038.5 -09.7 1.44E-06 005.8 106.0 -23.2 0.011112 0.008073 0.008127 hargrave 2018-10-20 13:41:38 
