TR038 -Da mag compass orientation (IGRF corrected)
    8.8 139.3  74.0 351.7  16.3   1.0
NRM    005.0 -06.6 002.7 -10.1 4.05E-06 002.9 293.9  40.7 0.010478 0.013571 0.012719 hargrave 2018-05-11 18:17:43 
TT 100 006.6 -20.0 000.2 -23.3 3.50E-06 003.0 309.1  34.7 0.008333 0.012611 0.011531 hargrave 2018-05-14 16:33:50 
TT 200 007.0 -32.8 356.0 -35.6 3.13E-06 004.3 320.7  26.6 0.011347 0.015590 0.016168 hargrave 2018-05-15 16:51:32 
TT 300 009.1 -40.4 354.6 -43.3 3.02E-06 004.3 327.8  22.4 0.008426 0.015849 0.015355 hargrave 2018-05-16 14:06:20 
TT 350 009.9 -43.7 353.6 -46.6 3.02E-06 003.4 330.7  20.3 0.008182 0.012226 0.012594 hargrave 2018-05-17 15:44:39 
TT 400 009.6 -52.0 347.9 -54.1 2.96E-06 004.3 336.1  13.8 0.008639 0.014777 0.015336 hargrave 2018-05-18 14:04:15 
TT 450 013.0 -60.9 342.2 -62.7 2.95E-06 004.1 343.1  07.8 0.008677 0.015437 0.013839 hargrave 2018-05-21 11:04:20 
TT 475 015.4 -63.9 340.1 -65.7 2.99E-06 003.1 345.7  05.9 0.009219 0.010526 0.011823 hargrave 2018-07-30 17:04:23 
TT 500 339.5 -81.0 288.1 -69.8 2.98E-06 013.0 351.3 -12.7 0.007552 0.013361 0.068203 hargrave 2018-07-31 13:28:50 
TT 500 003.5 -76.7 306.3 -71.3 2.91E-06 002.6 350.5 -06.6 0.006409 0.008380 0.009452 hargrave 2018-07-31 14:12:33 
TT 525 030.6 -82.4 289.1 -77.1 2.79E-06 004.0 357.5 -08.8 0.007469 0.010078 0.015990 hargrave 2018-08-01 11:32:36 
TT 550 065.3 -76.8 307.1 -84.8 2.82E-06 008.1 003.6 -03.3 0.009087 0.012460 0.038031 hargrave 2018-08-01 18:27:38 
TT 550 063.4 -75.9 318.1 -84.7 2.81E-06 009.1 003.4 -02.3 0.007546 0.011803 0.043076 hargrave 2018-08-01 19:50:13 
TT 550 070.4 -79.0 283.1 -84.1 2.87E-06 002.2 004.0 -05.7 0.005611 0.009307 0.005877 hargrave 2018-08-02 09:28:49 
TT 555 107.2 -78.9 224.2 -82.2 2.98E-06 002.5 009.6 -09.9 0.006394 0.010114 0.008222 hargrave 2018-08-03 11:49:01 
TT 560 106.0 -80.6 235.3 -81.4 2.89E-06 003.6 008.0 -10.7 0.004228 0.010017 0.014736 hargrave 2018-08-03 18:45:23 
TT 565 117.4 -78.5 217.6 -80.4 2.89E-06 003.6 010.9 -11.5 0.003133 0.017595 0.004936 hargrave 2018-08-13 17:01:44 
TT 570 124.7 -81.0 229.0 -78.6 2.92E-06 003.4 009.0 -13.5 0.005178 0.016336 0.005486 hargrave 2018-08-14 13:54:45 
TT 575 126.4 -77.0 208.7 -78.5 3.07E-06 001.8 013.0 -12.7 0.005096 0.008218 0.004577 hargrave 2018-08-15 10:18:19 
TT 580 139.1 -76.9 210.9 -75.7 3.08E-06 002.5 013.6 -15.5 0.003747 0.013139 0.002833 hargrave 2018-08-15 17:23:58 
TT 600 146.9 -74.5 205.5 -73.0 3.15E-06 002.4 016.1 -17.4 0.004252 0.011984 0.004286 hargrave 2018-08-16 13:41:00 
TT 620 150.4 -75.4 209.8 -72.7 3.22E-06 003.4 015.1 -18.3 0.006572 0.017916 0.003046 hargrave 2018-08-17 11:55:31 
TT 630 160.6 -74.5 211.8 -69.9 3.43E-06 002.0 015.5 -21.0 0.006287 0.009429 0.007121 hargrave 2018-08-28 13:34:53 
TT 640 176.2 -74.6 219.3 -66.8 3.63E-06 002.0 013.6 -24.8 0.005432 0.010421 0.006057 hargrave 2018-09-10 12:07:30 
TT 645 169.1 -70.4 208.5 -65.3 3.56E-06 002.4 018.7 -24.8 0.007390 0.010581 0.009330 hargrave 2018-09-11 14:04:43 
TT 650 178.1 -69.9 213.0 -63.0 3.70E-06 004.1 017.6 -27.8 0.008822 0.018268 0.019443 hargrave 2018-09-12 14:04:42 
TT 655 167.6 -69.3 205.8 -64.8 3.71E-06 003.1 020.0 -24.8 0.005482 0.010872 0.016366 hargrave 2018-09-20 14:31:33 
TT 660 166.7 -74.0 213.7 -68.4 3.65E-06 003.5 015.4 -22.7 0.004851 0.014345 0.016842 hargrave 2018-09-21 11:54:49 
TT 665 163.0 -57.8 188.6 -56.6 3.84E-06 002.6 032.9 -26.0 0.010169 0.012074 0.010509 hargrave 2018-09-24 14:19:52 
TT 670 188.6 -53.9 206.5 -46.7 3.08E-06 002.8 030.4 -40.7 0.011288 0.010184 0.008407 hargrave 2018-09-25 11:50:18 
TT 672 178.2 -38.2 190.0 -34.6 2.31E-06 003.8 053.2 -40.2 0.013709 0.007509 0.003937 hargrave 2018-09-25 19:59:20 
TT 674 245.9 -34.7 248.0 -18.9 8.78E-07 003.9 324.7 -66.1 0.003920 0.004549 0.002754 hargrave 2018-09-26 16:40:25 
TT 676 143.3  33.4 135.6  24.7 6.15E-07 007.0 123.2  05.5 0.001268 0.003219 0.007345 hargrave 2018-10-04 16:41:50 
TT 678 221.7  58.0 195.6  68.1 2.40E-07 006.1 175.8 -15.7 0.001163 0.002317 0.001024 hargrave 2018-10-05 13:45:49 
TT 680 261.0  11.9 260.9  28.2 5.58E-07 005.9 230.2 -48.0 0.003574 0.003785 0.003975 hargrave 2018-10-09 17:47:11 
TT 682 298.5 -11.3 297.7  01.8 8.52E-07 003.5 275.8 -22.9 0.003726 0.002694 0.003654 hargrave 2018-10-11 15:54:24 
TT 684 137.0 -15.0 141.9 -23.8 1.08E-06 003.2 074.9 -02.0 0.003362 0.002274 0.004880 hargrave 2018-10-12 14:20:41 
TT 686 328.3  24.1 336.1  29.6 6.10E-07 004.0 248.6  14.5 0.001743 0.004095 0.003701 hargrave 2018-10-19 13:50:14 
TT 688 170.8  29.3 161.9  27.8 1.01E-06 011.7 128.7 -17.6 0.004565 0.002783 0.020618 hargrave 2018-10-20 13:15:05 
TT 688 182.5  20.7 176.0  22.8 1.13E-06 007.4 127.1 -31.2 0.006008 0.003969 0.013924 hargrave 2018-10-20 14:16:50 
