TR038 -Ra mag compass orientation (IGRF corrected)
  11.63  88.3  72.0 351.7  16.3   1.0
NRM    295.0 -21.5 292.7 -07.7 4.21E-05 005.1 299.9  16.5 0.324270 0.173183 0.080940 hargrave 2018-05-11 18:37:34 
TT 100 292.9 -22.4 290.6 -08.3 4.21E-05 002.5 299.8  14.3 0.166381 0.066926 0.061060 hargrave 2018-05-14 16:54:27 
TT 200 292.0 -23.6 289.6 -09.3 4.21E-05 002.8 300.5  13.1 0.182744 0.076964 0.065258 hargrave 2018-05-15 17:11:23 
TT 300 290.9 -23.3 288.7 -08.9 4.23E-05 002.6 299.8  12.4 0.174125 0.064325 0.060076 hargrave 2018-05-16 14:26:31 
TT 350 290.4 -24.2 288.1 -09.7 4.24E-05 003.9 300.4  11.6 0.259693 0.124176 0.057704 hargrave 2018-05-17 16:04:36 
TT 400 290.1 -24.9 287.7 -10.4 4.23E-05 003.7 301.0  10.9 0.242084 0.109327 0.065440 hargrave 2018-05-18 14:25:01 
TT 450 289.2 -24.2 287.0 -09.6 4.21E-05 001.7 300.0  10.5 0.113779 0.037275 0.060488 hargrave 2018-05-21 11:25:01 
TT 475 288.9 -25.3 286.5 -10.6 4.22E-05 002.2 300.8  09.8 0.142469 0.065207 0.047996 hargrave 2018-07-30 17:26:28 
TT 500 287.9 -24.7 285.7 -09.9 4.18E-05 003.9 299.9  09.3 0.249118 0.123940 0.057426 hargrave 2018-07-31 13:51:06 
TT 525 286.1 -25.2 284.0 -10.2 4.12E-05 002.1 299.6  07.5 0.139474 0.053837 0.054970 hargrave 2018-08-01 11:53:52 
TT 550 287.5 -27.9 284.9 -13.1 4.09E-05 002.4 302.7  07.5 0.148956 0.063761 0.060874 hargrave 2018-08-01 18:48:55 
TT 550 287.8 -27.9 285.2 -13.1 4.08E-05 002.4 302.8  07.8 0.153160 0.073193 0.053483 hargrave 2018-08-01 20:12:30 
TT 555 287.0 -27.8 284.5 -12.9 4.06E-05 002.6 302.4  07.2 0.161502 0.073748 0.061453 hargrave 2018-08-03 12:10:32 
TT 560 285.7 -27.0 283.4 -11.9 4.04E-05 002.7 301.1  06.5 0.149610 0.085470 0.080121 hargrave 2018-08-03 19:07:29 
TT 565 285.4 -27.2 283.1 -12.2 4.03E-05 002.3 301.2  06.1 0.142515 0.052281 0.065669 hargrave 2018-08-13 17:24:02 
TT 570 285.6 -27.6 283.3 -12.6 4.02E-05 002.9 301.7  06.2 0.182438 0.085408 0.056724 hargrave 2018-08-14 14:17:43 
TT 575 285.9 -28.6 283.4 -13.6 4.00E-05 003.4 302.7  06.0 0.207295 0.107731 0.054598 hargrave 2018-08-15 10:41:51 
TT 580 285.6 -28.7 283.1 -13.6 4.00E-05 004.3 302.7  05.7 0.259807 0.144186 0.055906 hargrave 2018-08-15 17:46:18 
TT 600 285.6 -28.6 283.2 -13.5 3.99E-05 002.5 302.6  05.8 0.149429 0.068300 0.056870 hargrave 2018-08-16 14:03:05 
TT 620 285.6 -29.7 283.0 -14.6 3.98E-05 002.8 303.6  05.3 0.172958 0.083133 0.052009 hargrave 2018-08-17 12:17:35 
TT 630 284.5 -29.0 282.1 -13.8 4.04E-05 003.8 302.6  04.7 0.237731 0.126290 0.048472 hargrave 2018-08-28 13:56:56 
TT 640 285.9 -26.6 283.7 -11.5 3.94E-05 002.5 300.8  06.8 0.151362 0.063539 0.077076 hargrave 2018-09-10 12:28:29 
TT 645 286.1 -26.6 283.9 -11.6 3.95E-05 003.4 300.9  07.0 0.200098 0.099609 0.095074 hargrave 2018-09-11 14:25:36 
TT 650 286.1 -28.4 283.6 -13.4 3.93E-05 004.4 302.6  06.2 0.258306 0.133119 0.103059 hargrave 2018-09-12 14:24:31 
TT 655 286.5 -28.0 284.0 -13.1 3.92E-05 003.5 302.4  06.7 0.206575 0.095762 0.079827 hargrave 2018-09-20 14:51:26 
TT 660 285.7 -27.4 283.4 -12.4 3.92E-05 002.0 301.5  06.3 0.111979 0.048196 0.073361 hargrave 2018-09-21 12:14:27 
TT 665 282.7 -28.0 280.7 -12.6 3.86E-05 002.0 301.0  03.7 0.113591 0.047860 0.064533 hargrave 2018-09-24 14:40:54 
TT 670 282.0 -27.7 280.0 -12.3 3.87E-05 001.4 300.5  03.2 0.074482 0.028927 0.063048 hargrave 2018-09-25 12:11:43 
TT 672 281.1 -27.5 279.3 -12.0 3.81E-05 002.0 300.0  02.6 0.121293 0.040530 0.062775 hargrave 2018-09-25 20:20:30 
TT 674 281.3 -30.0 279.2 -14.5 3.73E-05 003.6 302.4  01.8 0.204952 0.097920 0.062739 hargrave 2018-09-26 17:00:19 
TT 676 281.4 -30.6 279.2 -15.1 3.57E-05 001.8 303.0  01.6 0.084563 0.069146 0.056904 hargrave 2018-10-04 17:01:52 
TT 678 282.3 -32.1 279.8 -16.7 3.22E-05 001.6 304.7  01.7 0.077075 0.044974 0.058943 hargrave 2018-10-05 14:06:00 
TT 680 281.9 -30.0 279.7 -14.6 2.67E-05 002.7 302.7  02.3 0.078584 0.057160 0.097885 hargrave 2018-10-09 18:07:37 
TT 682 281.0 -30.5 278.9 -15.0 1.57E-05 002.6 302.8  01.4 0.042859 0.041359 0.056406 hargrave 2018-10-11 16:14:49 
TT 684 280.2 -37.3 277.4 -21.7 7.93E-06 004.3 308.9 -01.8 0.045422 0.032134 0.028120 hargrave 2018-10-12 14:41:00 
TT 686 277.4 -33.8 275.4 -18.0 1.37E-06 003.0 304.8 -02.7 0.006535 0.002406 0.004868 hargrave 2018-10-19 14:07:16 
TT 688 299.3 -61.7 287.2 -47.7 1.47E-06 003.7 336.0 -02.3 0.004198 0.006702 0.006244 hargrave 2018-10-20 13:33:36 
