TR038 -Fa mag compass orientation (IGRF corrected)
   9.26 105.3  72.0 351.7  16.3   1.0
NRM    332.0 -02.8 332.0  02.8 1.18E-05 002.1 291.5  42.5 0.026806 0.036365 0.021781 hargrave 2018-05-11 18:20:31 
TT 100 330.1 -06.4 329.2 -00.3 1.10E-05 001.8 294.6  39.2 0.024802 0.027664 0.020110 hargrave 2018-05-14 16:36:35 
TT 200 327.5 -10.3 325.7 -03.3 1.02E-05 001.8 297.2  35.0 0.021814 0.024813 0.017998 hargrave 2018-05-15 16:54:17 
TT 300 327.3 -13.5 324.7 -06.3 9.78E-06 001.8 300.3  33.1 0.022387 0.022002 0.019633 hargrave 2018-05-16 14:09:14 
TT 350 326.1 -14.4 323.4 -07.0 9.57E-06 002.1 300.5  31.7 0.022216 0.027966 0.021434 hargrave 2018-05-17 15:47:25 
TT 400 324.6 -16.6 321.4 -08.7 9.17E-06 001.8 301.8  29.3 0.021386 0.020028 0.019028 hargrave 2018-05-18 14:07:00 
TT 450 322.9 -19.9 318.9 -11.5 8.82E-06 002.2 303.9  26.1 0.020605 0.025394 0.020354 hargrave 2018-05-21 11:07:04 
TT 475 321.7 -21.3 317.5 -12.5 8.58E-06 001.8 304.5  24.4 0.020872 0.016729 0.019270 hargrave 2018-07-30 17:07:21 
TT 500 319.7 -22.5 315.3 -13.3 8.37E-06 003.1 304.6  22.2 0.033176 0.028013 0.022657 hargrave 2018-07-31 13:31:47 
TT 525 315.5 -24.6 310.9 -14.4 8.05E-06 003.7 304.4  17.8 0.040155 0.032975 0.016182 hargrave 2018-08-01 11:35:35 
TT 550 316.4 -26.8 311.2 -16.7 8.01E-06 003.0 306.7  17.4 0.027038 0.027159 0.026951 hargrave 2018-08-01 18:30:33 
TT 550 317.7 -26.5 312.5 -16.7 8.07E-06 002.9 307.1  18.6 0.030956 0.029374 0.011915 hargrave 2018-08-01 19:53:10 
TT 555 316.0 -26.9 310.8 -16.8 8.05E-06 002.1 306.7  17.0 0.019991 0.016996 0.022497 hargrave 2018-08-03 11:52:07 
TT 560 315.2 -27.1 310.1 -16.7 8.09E-06 002.3 306.4  16.3 0.022714 0.023403 0.020389 hargrave 2018-08-03 18:48:30 
TT 565 313.4 -28.1 308.2 -17.3 8.06E-06 002.6 306.5  14.5 0.025907 0.023175 0.020730 hargrave 2018-08-13 17:04:41 
TT 570 313.4 -29.0 308.0 -18.2 7.99E-06 002.4 307.3  14.0 0.025076 0.020241 0.019773 hargrave 2018-08-14 13:57:47 
TT 575 313.8 -30.0 308.1 -19.3 7.98E-06 002.3 308.4  13.8 0.021466 0.020225 0.022772 hargrave 2018-08-15 10:21:15 
TT 580 313.0 -31.2 307.1 -20.3 7.96E-06 001.8 309.1  12.6 0.017650 0.015243 0.019247 hargrave 2018-08-15 17:27:00 
TT 600 312.1 -29.5 306.7 -18.5 8.01E-06 002.3 307.2  12.7 0.022650 0.022636 0.021232 hargrave 2018-08-16 13:43:59 
TT 620 311.5 -29.8 306.1 -18.7 7.89E-06 002.5 307.2  12.1 0.023209 0.021899 0.022349 hargrave 2018-08-17 11:58:30 
TT 630 310.0 -30.3 304.6 -18.8 7.82E-06 002.5 307.0  10.8 0.025788 0.024397 0.012612 hargrave 2018-08-28 13:37:50 
TT 640 308.0 -31.2 302.6 -19.3 7.67E-06 004.6 307.0  08.8 0.017432 0.017808 0.059028 hargrave 2018-09-10 12:10:26 
TT 645 310.4 -30.6 305.0 -19.2 7.65E-06 002.5 307.4  11.0 0.022266 0.019342 0.027251 hargrave 2018-09-11 14:07:42 
TT 650 308.2 -32.7 302.5 -20.9 7.47E-06 005.5 308.5  08.3 0.021919 0.023054 0.067712 hargrave 2018-09-12 14:07:28 
TT 655 309.9 -32.8 304.0 -21.3 7.61E-06 002.2 309.2  09.5 0.015709 0.023296 0.021062 hargrave 2018-09-20 14:34:19 
TT 660 309.0 -35.5 302.5 -23.7 7.25E-06 001.9 311.2  07.6 0.015542 0.014310 0.020716 hargrave 2018-09-21 11:57:32 
TT 665 302.5 -38.2 296.3 -25.2 7.28E-06 002.3 311.3  01.7 0.016477 0.019623 0.022925 hargrave 2018-09-24 14:22:52 
TT 670 301.8 -46.0 293.8 -32.8 6.89E-06 002.6 318.2 -02.0 0.017153 0.023381 0.019694 hargrave 2018-09-25 11:53:16 
TT 672 296.5 -43.2 290.2 -29.3 7.00E-06 002.1 314.2 -04.4 0.014716 0.015662 0.020790 hargrave 2018-09-25 20:02:17 
TT 674 298.9 -49.7 290.6 -36.0 6.38E-06 002.1 320.9 -05.2 0.013577 0.013506 0.019152 hargrave 2018-09-26 16:43:11 
TT 676 298.9 -43.6 292.1 -30.0 5.36E-06 002.4 315.2 -02.9 0.014624 0.011879 0.017132 hargrave 2018-10-04 16:44:36 
TT 678 301.9 -52.9 292.0 -39.5 3.89E-06 001.9 324.5 -04.7 0.008862 0.009265 0.009573 hargrave 2018-10-05 13:48:38 
TT 680 294.3 -33.8 290.1 -19.7 3.21E-06 003.0 304.7 -02.8 0.008994 0.009475 0.014578 hargrave 2018-10-09 17:50:04 
TT 682 059.8 -60.2 038.6 -74.3 1.74E-06 003.1 020.4  03.9 0.004290 0.005453 0.007826 hargrave 2018-10-11 15:57:18 
TT 684 292.4 -24.6 289.9 -10.3 1.30E-06 004.1 295.5 -01.2 0.009197 0.003180 0.004329 hargrave 2018-10-12 14:23:27 
TT 686 080.7 -58.5 079.7 -74.8 1.24E-06 002.9 028.5 -03.2 0.005106 0.003110 0.005864 hargrave 2018-10-19 13:52:38 
TT 688 272.2 -48.6 269.9 -32.5 8.86E-07 015.2 316.0 -22.0 0.004618 0.004586 0.024245 hargrave 2018-10-20 13:17:28 
TT 688 276.0 -37.2 273.9 -21.4 8.73E-07 013.6 304.3 -18.0 0.019022 0.008058 0.005514 hargrave 2018-10-20 14:18:02 
