TR038 -Ea mag compass orientation (IGRF corrected)
   9.04 123.3  81.0 351.7  16.3   1.0
NRM    336.2  01.9 337.3  06.1 9.06E-06 001.9 273.6  32.8 0.022387 0.017387 0.015977 hargrave 2018-05-11 18:19:04 
TT 100 333.9 -02.5 333.9  02.5 8.26E-06 001.8 278.1  29.7 0.018356 0.014042 0.015548 hargrave 2018-05-14 16:35:11 
TT 200 330.8 -07.1 329.8 -01.1 7.68E-06 001.9 282.4  25.7 0.020388 0.013320 0.013189 hargrave 2018-05-15 16:52:53 
TT 300 329.3 -10.2 327.5 -03.7 7.39E-06 002.2 285.3  23.5 0.022907 0.015728 0.013022 hargrave 2018-05-16 14:07:46 
TT 350 328.4 -10.5 326.5 -03.8 7.26E-06 001.6 285.4  22.6 0.014186 0.011624 0.013640 hargrave 2018-05-17 15:46:00 
TT 400 326.3 -13.3 323.8 -06.0 6.90E-06 002.3 287.8  19.9 0.023111 0.015657 0.011227 hargrave 2018-05-18 14:05:36 
TT 450 324.0 -15.1 321.2 -07.2 6.58E-06 002.5 289.0  17.3 0.024253 0.014208 0.012246 hargrave 2018-05-21 11:05:41 
TT 475 322.7 -17.4 319.4 -09.1 6.35E-06 002.1 291.0  15.5 0.017959 0.013865 0.013023 hargrave 2018-07-30 17:05:50 
TT 500 318.0 -18.8 314.6 -09.3 6.05E-06 004.4 291.2  10.8 0.025570 0.014656 0.038026 hargrave 2018-07-31 13:30:17 
TT 525 310.2 -21.6 306.8 -10.4 5.65E-06 004.7 292.4  03.0 0.037201 0.017313 0.024968 hargrave 2018-08-01 11:34:04 
TT 550 311.6 -23.4 307.7 -12.4 5.53E-06 004.6 294.4  03.9 0.037572 0.020932 0.016250 hargrave 2018-08-01 18:29:04 
TT 550 311.5 -22.9 307.7 -12.0 5.53E-06 004.2 294.0  03.9 0.033498 0.019318 0.016262 hargrave 2018-08-01 19:51:40 
TT 555 305.2 -27.4 300.9 -15.1 5.38E-06 003.0 297.3 -02.5 0.024007 0.016066 0.007835 hargrave 2018-08-03 11:50:36 
TT 560 302.0 -27.5 298.1 -14.7 5.26E-06 003.2 297.0 -05.3 0.024688 0.016251 0.006939 hargrave 2018-08-03 18:46:53 
TT 565 304.8 -25.8 301.0 -13.5 5.20E-06 004.3 295.7 -02.5 0.032794 0.018071 0.014709 hargrave 2018-08-13 17:03:11 
TT 570 303.7 -24.6 300.2 -12.1 5.15E-06 004.6 294.4 -03.4 0.036277 0.017530 0.014790 hargrave 2018-08-14 13:56:16 
TT 575 304.9 -27.7 300.7 -15.4 5.10E-06 003.6 297.6 -02.7 0.026352 0.015403 0.013954 hargrave 2018-08-15 10:19:45 
TT 580 303.9 -27.2 299.9 -14.7 5.07E-06 003.8 297.0 -03.5 0.029111 0.014986 0.012726 hargrave 2018-08-15 17:25:29 
TT 600 303.2 -29.0 298.9 -16.3 4.94E-06 004.4 298.7 -04.4 0.031901 0.018163 0.013523 hargrave 2018-08-16 13:42:28 
TT 620 301.9 -28.9 297.7 -16.0 4.95E-06 003.1 298.4 -05.6 0.019421 0.014193 0.014979 hargrave 2018-08-17 11:57:01 
TT 630 301.5 -29.0 297.3 -16.1 4.96E-06 002.2 298.5 -05.9 0.015707 0.011097 0.008349 hargrave 2018-08-28 13:36:20 
TT 640 299.6 -30.9 295.3 -17.6 4.98E-06 003.0 300.2 -07.8 0.013975 0.012682 0.020519 hargrave 2018-09-10 12:08:57 
TT 645 298.7 -28.9 294.8 -15.5 4.83E-06 003.1 298.1 -08.4 0.018415 0.014730 0.014861 hargrave 2018-09-11 14:06:09 
TT 650 298.9 -29.4 294.9 -16.0 4.81E-06 003.2 298.6 -08.2 0.019435 0.015815 0.014046 hargrave 2018-09-12 14:06:03 
TT 655 296.4 -30.6 292.5 -16.8 4.71E-06 003.1 299.6 -10.4 0.020605 0.012465 0.010202 hargrave 2018-09-20 14:32:54 
TT 660 296.0 -31.2 292.0 -17.3 4.61E-06 002.2 300.2 -10.9 0.013392 0.010697 0.008835 hargrave 2018-09-21 11:56:09 
TT 665 283.8 -32.1 281.2 -16.8 4.24E-06 002.3 301.0 -21.2 0.012392 0.009282 0.011385 hargrave 2018-09-24 14:21:22 
TT 670 273.6 -29.1 272.3 -13.2 4.83E-06 002.6 298.6 -30.3 0.013999 0.012716 0.013909 hargrave 2018-09-25 11:51:46 
TT 672 259.7 -27.9 259.9 -11.6 3.98E-06 002.5 299.8 -42.4 0.008895 0.010561 0.013379 hargrave 2018-09-25 20:00:47 
TT 674 264.7 -30.4 264.4 -14.1 2.84E-06 003.1 301.6 -37.6 0.010404 0.009038 0.009421 hargrave 2018-09-26 16:41:46 
TT 676 231.6 -34.2 235.5 -19.8 1.02E-06 003.4 329.1 -59.7 0.003090 0.004053 0.009587 hargrave 2018-10-04 16:43:12 
TT 678 267.0 -10.7 266.9  05.5 1.50E-06 002.3 276.7 -37.1 0.003883 0.004321 0.004090 hargrave 2018-10-05 13:47:14 
TT 680 106.3  44.2 101.7  29.1 1.01E-06 002.5 133.7  18.4 0.002002 0.002295 0.003910 hargrave 2018-10-09 17:48:36 
TT 682 099.2  50.3 095.2  34.5 1.12E-06 002.8 140.9  22.2 0.003983 0.002558 0.004056 hargrave 2018-10-11 15:55:49 
TT 684 141.4  15.3 138.7  06.7 9.97E-07 004.5 108.6 -14.8 0.005300 0.004691 0.004068 hargrave 2018-10-12 14:22:03 
TT 686 305.1  43.3 319.5  53.8 1.23E-06 002.4 227.1  07.4 0.004036 0.003082 0.004118 hargrave 2018-10-19 13:51:26 
TT 688 104.5  46.5 099.9  31.2 1.77E-06 002.1 136.3  19.4 0.003902 0.003746 0.005270 hargrave 2018-10-20 13:16:16 
