TR038 -Aa mag compass orientation (IGRF corrected)
   7.78  98.3  84.0  12.7  15.7   1.0
NRM    337.4 -00.9 338.3  08.1 1.53E-05 001.9 281.6  58.4 0.034980 0.031330 0.026195 hargrave 2018-05-11 18:13:45 
TT 100 336.8 -02.8 337.3  06.4 1.48E-05 001.9 284.8  57.4 0.035270 0.028029 0.026129 hargrave 2018-05-14 16:29:43 
TT 200 334.3 -06.8 333.9  03.0 1.38E-05 002.1 290.1  53.7 0.034552 0.029538 0.023194 hargrave 2018-05-15 16:47:31 
TT 300 332.8 -09.6 331.9  00.6 1.32E-05 002.0 293.6  51.4 0.031963 0.024761 0.023549 hargrave 2018-05-16 14:02:16 
TT 350 331.9 -09.9 330.9  00.5 1.30E-05 002.0 293.5  50.4 0.033373 0.023975 0.023026 hargrave 2018-05-17 15:40:34 
TT 400 330.7 -11.2 329.5 -00.5 1.25E-05 001.8 294.6  48.8 0.024104 0.027390 0.018035 hargrave 2018-05-18 14:00:16 
TT 450 329.9 -13.1 328.4 -02.2 1.21E-05 002.0 296.7  47.3 0.031684 0.021919 0.017615 hargrave 2018-05-21 11:00:20 
TT 475 328.9 -14.0 327.2 -02.9 1.18E-05 001.8 297.4  46.1 0.029024 0.018111 0.015571 hargrave 2018-07-30 17:00:04 
TT 500 330.5 -14.9 328.5 -04.2 1.18E-05 002.9 299.6  47.0 0.052485 0.018572 0.050980 hargrave 2018-07-31 13:24:31 
TT 525 324.1 -18.2 321.9 -06.2 1.07E-05 002.1 300.0  40.2 0.034121 0.019837 0.032502 hargrave 2018-08-01 11:28:20 
TT 550 327.2 -19.4 324.6 -07.9 1.11E-05 002.6 303.1  42.2 0.042033 0.020217 0.039333 hargrave 2018-08-01 18:23:18 
TT 550 325.9 -19.6 323.3 -07.9 1.09E-05 002.1 302.6  41.0 0.038942 0.018847 0.011835 hargrave 2018-08-01 19:45:52 
TT 555 321.7 -22.4 318.9 -10.0 1.00E-05 002.0 303.6  36.3 0.027237 0.017794 0.032805 hargrave 2018-08-03 11:44:39 
TT 560 323.3 -20.9 320.6 -08.7 1.04E-05 001.9 302.6  38.3 0.028263 0.016597 0.013527 hargrave 2018-08-03 18:41:04 
TT 565 323.2 -22.7 320.3 -10.4 1.04E-05 002.7 304.6  37.4 0.040611 0.023449 0.018773 hargrave 2018-08-13 16:57:27 
TT 570 321.7 -22.2 319.0 -09.7 1.04E-05 002.2 303.3  36.4 0.030743 0.025502 0.015987 hargrave 2018-08-14 13:50:26 
TT 575 321.8 -22.8 318.9 -10.4 1.02E-05 002.5 304.1  36.2 0.037650 0.022661 0.018865 hargrave 2018-08-15 10:14:04 
TT 580 321.1 -23.9 318.1 -11.3 1.01E-05 003.6 304.9  35.1 0.055018 0.031670 0.016742 hargrave 2018-08-15 17:19:38 
TT 600 320.9 -24.6 317.8 -11.9 9.92E-06 002.5 305.5  34.7 0.035853 0.026977 0.016361 hargrave 2018-08-16 13:36:41 
TT 620 320.2 -24.7 317.1 -12.0 9.80E-06 002.9 305.3  34.0 0.041581 0.024944 0.018424 hargrave 2018-08-17 11:51:12 
TT 630 319.9 -26.7 316.5 -13.9 9.83E-06 001.9 307.3  32.9 0.025513 0.024574 0.013170 hargrave 2018-08-28 13:30:37 
TT 640 319.2 -28.3 315.6 -15.3 9.62E-06 002.1 308.6  31.6 0.019109 0.019660 0.025624 hargrave 2018-09-10 12:03:18 
TT 645 319.4 -28.7 315.7 -15.7 9.28E-06 002.6 309.1  31.6 0.023152 0.020045 0.032639 hargrave 2018-09-11 14:00:32 
TT 650 317.1 -28.4 313.7 -15.2 9.32E-06 003.2 307.8  29.9 0.037119 0.017602 0.036713 hargrave 2018-09-12 14:00:34 
TT 655 316.6 -29.5 313.1 -16.2 9.02E-06 002.7 308.7  29.0 0.031236 0.019313 0.024059 hargrave 2018-09-20 14:27:32 
TT 660 314.6 -30.2 311.2 -16.6 9.01E-06 002.7 308.5  27.2 0.034412 0.018593 0.022185 hargrave 2018-09-21 11:50:53 
TT 665 309.6 -31.5 306.5 -17.3 8.33E-06 003.0 307.9  22.7 0.032991 0.018867 0.024777 hargrave 2018-09-24 14:15:39 
TT 670 307.6 -33.4 304.5 -19.0 6.74E-06 002.4 309.0  20.4 0.023628 0.013174 0.013677 hargrave 2018-09-25 11:46:08 
TT 672 316.3 -37.6 311.4 -24.1 4.10E-06 004.2 316.5  24.9 0.021582 0.010607 0.019812 hargrave 2018-09-25 19:55:06 
TT 674 307.0 -30.3 304.4 -15.8 2.84E-06 003.9 305.7  21.1 0.014838 0.005873 0.012685 hargrave 2018-09-26 16:35:26 
TT 676 355.8 -35.7 346.3 -29.8 6.89E-07 010.6 345.1  46.7 0.007088 0.003540 0.010818 hargrave 2018-10-04 16:02:51 
TT 676 356.1 -34.6 347.0 -28.9 6.78E-07 008.8 345.0  47.8 0.004693 0.004629 0.009573 hargrave 2018-10-04 17:31:36 
TT 676 356.3 -34.4 347.2 -28.8 6.96E-07 010.0 345.1  48.0 0.007272 0.003076 0.010479 hargrave 2018-10-04 17:43:10 
TT 678 300.6  02.9 301.5  17.8 1.30E-06 003.8 269.4  22.4 0.005284 0.004907 0.005869 hargrave 2018-10-05 13:40:49 
TT 680 050.9  70.0 072.3  58.0 9.48E-07 004.7 165.7  20.4 0.002225 0.006661 0.004116 hargrave 2018-10-09 17:42:19 
TT 682 007.3  64.7 038.6  61.8 1.14E-06 004.7 180.5  31.2 0.005032 0.005886 0.006781 hargrave 2018-10-11 15:50:19 
TT 684 114.9  26.5 113.8  11.2 1.01E-06 005.4 118.8 -11.9 0.003767 0.009339 0.007168 hargrave 2018-10-12 14:16:36 
TT 686 266.0  72.0 210.0  84.7 9.97E-07 007.2 197.6  01.9 0.002199 0.003076 0.012423 hargrave 2018-10-19 13:46:51 
TT 688 095.2  43.7 096.6  28.1 1.62E-06 006.9 133.5  06.4 0.003070 0.004523 0.019451 hargrave 2018-10-20 13:11:06 
