TR038 -La mag compass orientation (IGRF corrected)
  10.36  96.3  55.0 351.7  16.3   1.0
NRM    351.5 -03.5 350.6 -03.3 9.51E-06 002.1 337.1  49.1 0.028225 0.020169 0.014803 hargrave 2018-05-11 18:30:24 
TT 100 349.7 -08.9 347.2 -08.0 8.40E-06 001.9 337.1  43.4 0.022323 0.015996 0.012625 hargrave 2018-05-14 16:46:24 
TT 200 347.1 -10.8 344.2 -09.1 7.96E-06 002.3 334.8  40.7 0.014639 0.026907 0.013044 hargrave 2018-05-15 17:04:14 
TT 300 348.1 -13.5 344.4 -11.9 7.67E-06 002.2 337.1  38.5 0.014756 0.024211 0.012008 hargrave 2018-05-16 14:19:16 
TT 350 347.5 -14.5 343.5 -12.8 7.41E-06 001.8 336.9  37.3 0.017215 0.015053 0.010865 hargrave 2018-05-17 15:57:22 
TT 400 347.0 -16.9 342.4 -14.9 7.06E-06 001.9 337.3  35.0 0.015972 0.014844 0.012265 hargrave 2018-05-18 14:16:51 
TT 450 346.5 -20.2 340.8 -17.9 6.73E-06 002.1 338.0  31.6 0.010828 0.020812 0.010847 hargrave 2018-05-21 11:17:02 
TT 475 344.3 -22.8 338.0 -19.7 6.48E-06 001.9 336.8  28.6 0.015684 0.014753 0.008912 hargrave 2018-07-30 17:18:00 
TT 500 343.9 -25.8 336.7 -22.6 6.06E-06 003.1 337.6  25.6 0.013590 0.014788 0.032079 hargrave 2018-07-31 13:42:28 
TT 525 343.9 -27.7 336.1 -24.3 5.80E-06 002.2 338.3  23.9 0.012956 0.016627 0.011223 hargrave 2018-08-01 11:46:07 
TT 550 342.6 -32.1 333.4 -28.1 5.43E-06 002.5 338.8  19.4 0.009160 0.016161 0.017513 hargrave 2018-08-01 18:41:11 
TT 550 342.7 -31.9 333.5 -28.1 5.43E-06 002.5 338.9  19.5 0.010306 0.016278 0.016204 hargrave 2018-08-01 20:03:45 
TT 555 337.4 -35.2 327.5 -29.8 5.17E-06 002.6 335.9  14.7 0.013099 0.011292 0.020871 hargrave 2018-08-03 12:02:45 
TT 560 334.5 -36.6 324.5 -30.4 4.99E-06 002.2 334.3  12.5 0.010689 0.010686 0.016007 hargrave 2018-08-03 18:59:00 
TT 565 334.8 -35.2 325.2 -29.1 5.00E-06 002.2 333.9  13.9 0.010524 0.016647 0.007466 hargrave 2018-08-13 17:16:06 
TT 570 333.4 -37.2 323.3 -30.7 5.00E-06 002.8 333.8  11.6 0.014513 0.020716 0.008201 hargrave 2018-08-14 14:10:04 
TT 575 333.7 -39.3 322.7 -32.7 4.96E-06 002.1 335.0  09.8 0.009509 0.013741 0.010413 hargrave 2018-08-15 10:33:19 
TT 580 331.9 -40.8 320.6 -33.7 4.99E-06 001.9 334.4  07.9 0.010434 0.014363 0.006766 hargrave 2018-08-15 17:38:31 
TT 600 327.4 -42.7 316.0 -34.5 4.81E-06 001.7 332.4  04.5 0.008588 0.010837 0.008049 hargrave 2018-08-16 13:54:31 
TT 620 320.9 -45.6 309.5 -35.8 4.74E-06 002.6 330.1 -00.4 0.011837 0.018380 0.006712 hargrave 2018-08-17 12:08:57 
TT 630 319.6 -48.6 307.3 -38.4 4.78E-06 002.3 331.2 -03.4 0.011716 0.016825 0.004820 hargrave 2018-08-28 13:48:21 
TT 640 315.2 -48.9 303.7 -37.8 4.74E-06 001.5 329.1 -05.4 0.008988 0.009114 0.007927 hargrave 2018-09-10 12:20:55 
TT 645 315.1 -50.9 302.9 -39.7 4.64E-06 001.8 330.3 -07.0 0.009346 0.010776 0.010183 hargrave 2018-09-11 14:18:03 
TT 650 311.1 -51.2 299.7 -39.3 4.67E-06 003.1 328.6 -08.8 0.014436 0.021129 0.008913 hargrave 2018-09-12 14:17:21 
TT 655 310.7 -53.2 298.6 -41.1 4.62E-06 002.6 329.8 -10.5 0.012197 0.015541 0.009195 hargrave 2018-09-20 14:44:18 
TT 660 305.6 -54.8 294.2 -41.8 4.64E-06 001.6 328.8 -13.7 0.007338 0.010158 0.008537 hargrave 2018-09-21 12:07:22 
TT 665 301.2 -58.2 289.8 -44.6 4.54E-06 002.1 329.9 -17.8 0.009939 0.013240 0.007525 hargrave 2018-09-24 14:33:18 
TT 670 288.5 -55.3 281.4 -40.2 4.67E-06 001.9 323.1 -21.9 0.011215 0.011104 0.007233 hargrave 2018-09-25 12:03:47 
TT 672 291.8 -64.9 281.1 -50.0 4.23E-06 003.4 333.1 -25.2 0.013831 0.021258 0.006672 hargrave 2018-09-25 20:12:50 
TT 674 277.1 -61.9 272.0 -46.0 4.11E-06 001.6 327.0 -30.1 0.005482 0.009889 0.006064 hargrave 2018-09-26 16:53:07 
TT 676 273.0 -59.0 269.6 -43.0 3.63E-06 001.3 323.2 -31.1 0.005396 0.007562 0.003985 hargrave 2018-10-04 16:54:38 
TT 678 245.9 -55.3 250.1 -39.5 3.07E-06 002.2 316.0 -45.0 0.007704 0.008789 0.003250 hargrave 2018-10-05 13:58:37 
TT 680 224.0 -55.2 234.0 -41.4 1.77E-06 004.0 319.8 -57.2 0.008291 0.007273 0.008159 hargrave 2018-10-09 18:00:19 
TT 682 247.7 -30.0 249.2 -14.2 1.17E-06 004.9 282.8 -38.8 0.007020 0.004950 0.005303 hargrave 2018-10-11 16:07:28 
TT 684 171.2  30.9 161.7  29.4 6.91E-07 006.1 166.0 -22.5 0.006268 0.002291 0.005563 hargrave 2018-10-12 14:33:38 
TT 686 288.1 -35.3 284.5 -20.4 1.19E-06 008.2 305.5 -11.2 0.002245 0.001790 0.017343 hargrave 2018-10-19 14:01:04 
TT 686 292.4 -35.6 288.1 -21.3 1.18E-06 003.0 307.8 -08.6 0.003144 0.004039 0.004384 hargrave 2018-10-19 15:24:27 
TT 688 099.6  06.5 099.8 -09.0 1.17E-06 004.1 097.2  01.0 0.007322 0.003391 0.003711 hargrave 2018-10-20 13:27:26 
