TR038 -Ja mag compass orientation (IGRF corrected)
     10  92.3  62.0 351.7  16.3   1.0
NRM    012.0 -36.5 359.3 -40.5 9.87E-06 003.4 008.6  24.9 0.026375 0.051772 0.017309 hargrave 2018-05-11 18:27:42 
TT 100 015.2 -44.6 358.3 -48.9 9.65E-06 002.3 009.6  16.4 0.019115 0.033678 0.014476 hargrave 2018-05-14 16:43:43 
TT 200 015.3 -48.6 355.8 -52.6 9.46E-06 003.9 008.8  12.5 0.020730 0.059337 0.017944 hargrave 2018-05-15 17:01:31 
TT 300 017.1 -50.5 356.2 -54.8 9.35E-06 003.2 009.5  10.4 0.018350 0.047173 0.017781 hargrave 2018-05-16 14:16:31 
TT 350 017.9 -52.1 355.7 -56.5 9.22E-06 003.4 009.6  08.7 0.022026 0.049658 0.014875 hargrave 2018-05-17 15:54:38 
TT 400 019.8 -53.9 356.1 -58.6 9.03E-06 002.8 010.3  06.7 0.016757 0.038426 0.016886 hargrave 2018-05-18 14:14:09 
TT 450 019.7 -56.6 353.3 -60.9 8.82E-06 003.4 009.5  04.2 0.018916 0.049205 0.015906 hargrave 2018-05-21 11:14:16 
TT 475 020.7 -58.5 352.2 -62.8 8.79E-06 003.2 009.5  02.1 0.016343 0.045903 0.013593 hargrave 2018-07-30 17:15:06 
TT 500 026.8 -59.9 356.5 -65.7 8.60E-06 002.9 012.0 -00.1 0.016534 0.040930 0.014341 hargrave 2018-07-31 13:39:30 
TT 525 025.4 -60.4 354.4 -65.7 8.56E-06 003.5 011.2 -00.4 0.019678 0.045659 0.024559 hargrave 2018-08-01 11:43:11 
TT 550 027.3 -64.1 350.3 -69.2 8.42E-06 003.7 010.7 -04.2 0.020760 0.052302 0.014712 hargrave 2018-08-01 18:38:14 
TT 550 025.7 -62.8 351.1 -67.7 8.39E-06 003.7 010.5 -02.7 0.019411 0.048924 0.019837 hargrave 2018-08-01 20:00:48 
TT 555 032.6 -67.9 347.0 -73.4 8.27E-06 003.4 011.1 -08.5 0.014807 0.042147 0.023477 hargrave 2018-08-03 11:59:50 
TT 560 029.2 -66.7 346.8 -71.7 8.31E-06 003.4 010.4 -06.9 0.016437 0.047007 0.012593 hargrave 2018-08-03 18:56:00 
TT 565 030.7 -66.6 348.5 -72.0 8.16E-06 002.8 011.0 -07.0 0.015252 0.037704 0.008806 hargrave 2018-08-13 17:13:11 
TT 570 032.9 -66.5 350.7 -72.5 8.27E-06 003.8 011.8 -07.3 0.020301 0.053296 0.008812 hargrave 2018-08-14 14:07:07 
TT 575 030.9 -68.4 344.2 -73.3 8.28E-06 002.3 010.3 -08.7 0.013583 0.031090 0.008036 hargrave 2018-08-15 10:30:25 
TT 580 031.1 -69.8 340.6 -74.2 8.28E-06 003.7 009.8 -09.9 0.021085 0.051631 0.007987 hargrave 2018-08-15 17:35:32 
TT 600 031.5 -71.1 336.6 -75.1 8.05E-06 003.2 009.3 -11.3 0.016043 0.043683 0.008088 hargrave 2018-08-16 13:51:35 
TT 620 029.4 -71.0 335.8 -74.4 7.95E-06 003.9 008.7 -10.8 0.017538 0.052178 0.006738 hargrave 2018-08-17 12:06:03 
TT 630 035.4 -70.9 340.1 -76.0 8.13E-06 002.8 010.5 -11.6 0.019840 0.038332 0.007975 hargrave 2018-08-28 13:45:26 
TT 640 038.9 -72.0 338.5 -77.5 8.06E-06 002.2 010.9 -13.1 0.013880 0.026004 0.015013 hargrave 2018-09-10 12:17:59 
TT 645 044.4 -71.0 346.8 -78.6 8.21E-06 002.2 013.0 -13.3 0.015973 0.026794 0.016579 hargrave 2018-09-11 14:15:11 
TT 650 055.7 -74.9 329.6 -82.9 8.21E-06 003.4 012.7 -18.4 0.017477 0.042215 0.021133 hargrave 2018-09-12 14:14:36 
TT 655 048.0 -72.2 344.1 -80.1 8.02E-06 003.3 013.1 -15.0 0.012640 0.039926 0.022130 hargrave 2018-09-20 14:41:31 
TT 660 044.6 -72.8 338.3 -79.5 7.89E-06 002.0 011.9 -14.8 0.010532 0.019743 0.017429 hargrave 2018-09-21 12:04:41 
TT 665 056.0 -73.2 342.9 -82.7 7.68E-06 002.6 014.1 -17.4 0.012983 0.031037 0.014345 hargrave 2018-09-24 14:30:24 
TT 670 053.3 -77.0 313.6 -82.2 7.59E-06 002.3 010.7 -19.4 0.011988 0.027708 0.012293 hargrave 2018-09-25 12:00:52 
TT 672 069.5 -76.0 310.3 -86.1 7.55E-06 002.5 013.9 -21.9 0.014355 0.028945 0.011125 hargrave 2018-09-25 20:09:50 
TT 674 067.9 -76.7 304.5 -85.4 6.72E-06 002.2 013.0 -21.9 0.009782 0.022527 0.010859 hargrave 2018-09-26 16:50:25 
TT 676 064.2 -72.5 356.9 -84.8 5.98E-06 001.7 016.3 -18.8 0.011146 0.012991 0.009759 hargrave 2018-10-04 16:51:54 
TT 678 019.5 -77.9 307.4 -75.0 5.05E-06 003.1 003.7 -16.4 0.008167 0.024506 0.011670 hargrave 2018-10-05 13:55:53 
TT 680 080.1 -68.2 075.4 -84.5 4.03E-06 003.6 023.0 -21.5 0.014912 0.014440 0.018236 hargrave 2018-10-09 17:57:32 
TT 682 323.2 -69.0 298.2 -58.0 2.45E-06 004.3 346.7 -11.1 0.010826 0.012209 0.011094 hargrave 2018-10-11 16:04:37 
TT 684 105.6 -55.8 122.8 -69.7 8.67E-07 004.4 039.3 -30.2 0.004814 0.004220 0.004092 hargrave 2018-10-12 14:30:47 
TT 686 327.4 -53.6 311.3 -44.8 1.88E-06 003.7 340.1  02.9 0.002372 0.010919 0.006486 hargrave 2018-10-19 13:58:47 
TT 688 181.3 -13.9 184.8 -10.7 1.98E-06 004.2 176.0 -75.8 0.009302 0.008590 0.032897 hargrave 2018-10-20 13:24:29 
