TR038 -Na mag compass orientation (IGRF corrected)
  10.76  95.3  66.0 351.7  16.3   1.0
NRM    263.0 -76.5 262.3 -60.2 1.75E-05 006.2 345.3 -26.2 0.097133 0.132817 0.106717 hargrave 2018-05-11 18:33:03 
TT 100 243.5 -76.6 253.2 -60.7 1.87E-05 005.9 346.8 -30.5 0.104395 0.135651 0.101559 hargrave 2018-05-14 16:49:57 
TT 200 228.9 -77.3 246.9 -62.2 1.93E-05 006.1 349.6 -32.8 0.109142 0.148514 0.101439 hargrave 2018-05-15 17:06:52 
TT 300 224.9 -76.1 244.2 -61.3 1.96E-05 004.9 349.3 -34.3 0.089567 0.112480 0.099330 hargrave 2018-05-16 14:21:57 
TT 350 221.5 -75.7 242.3 -61.3 1.98E-05 004.4 349.7 -35.2 0.092883 0.081957 0.099892 hargrave 2018-05-17 16:00:02 
TT 400 213.7 -75.7 238.6 -62.1 2.00E-05 005.3 351.6 -36.3 0.106286 0.118713 0.103983 hargrave 2018-05-18 14:19:34 
TT 450 212.3 -74.5 236.8 -61.1 2.01E-05 005.4 351.2 -37.6 0.103792 0.135743 0.097070 hargrave 2018-05-21 11:19:42 
TT 475 214.8 -72.8 236.6 -59.3 2.02E-05 005.4 349.2 -38.6 0.092954 0.146695 0.090915 hargrave 2018-07-30 17:20:52 
TT 500 212.3 -72.5 235.1 -59.3 2.03E-05 005.5 349.8 -39.3 0.080356 0.166145 0.063861 hargrave 2018-07-31 13:46:10 
TT 525 210.6 -71.4 233.3 -58.6 2.04E-05 004.8 349.7 -40.5 0.079963 0.138968 0.067405 hargrave 2018-08-01 11:49:00 
TT 550 209.3 -70.2 231.6 -57.7 2.06E-05 004.2 349.4 -41.7 0.075831 0.121096 0.056390 hargrave 2018-08-01 18:44:06 
TT 550 210.5 -70.7 232.7 -58.0 2.04E-05 004.5 349.2 -41.1 0.076944 0.117444 0.086304 hargrave 2018-08-01 20:07:45 
TT 555 208.0 -69.0 229.9 -56.8 2.09E-05 005.4 349.1 -42.9 0.086764 0.134345 0.133078 hargrave 2018-08-03 12:05:37 
TT 560 209.4 -69.0 230.8 -56.6 2.08E-05 004.1 348.5 -42.7 0.071431 0.113461 0.066958 hargrave 2018-08-03 19:02:39 
TT 565 206.1 -68.6 228.5 -56.7 2.10E-05 004.5 349.7 -43.6 0.080824 0.134414 0.062124 hargrave 2018-08-13 17:19:00 
TT 570 206.9 -68.2 228.6 -56.2 2.12E-05 005.0 349.1 -43.9 0.085790 0.158783 0.054814 hargrave 2018-08-14 14:12:56 
TT 575 208.3 -67.4 228.9 -55.2 2.13E-05 004.2 347.9 -44.3 0.072956 0.128214 0.062251 hargrave 2018-08-15 10:37:01 
TT 580 206.1 -67.6 227.7 -55.8 2.15E-05 004.0 349.0 -44.6 0.078781 0.120290 0.056159 hargrave 2018-08-15 17:41:31 
TT 600 204.0 -67.2 226.1 -55.8 2.14E-05 005.9 349.9 -45.2 0.090597 0.195532 0.056749 hargrave 2018-08-16 13:58:12 
TT 620 204.4 -66.2 225.6 -54.8 2.17E-05 005.3 349.0 -46.1 0.078648 0.181583 0.054874 hargrave 2018-08-17 12:12:46 
TT 630 202.7 -65.7 224.1 -54.6 2.20E-05 004.1 349.6 -46.9 0.079977 0.140247 0.035573 hargrave 2018-08-28 13:52:05 
TT 640 207.9 -65.0 227.1 -53.1 2.14E-05 003.7 346.3 -46.5 0.084737 0.088873 0.065371 hargrave 2018-09-10 12:23:44 
TT 645 207.6 -64.9 226.8 -53.0 2.12E-05 004.0 346.4 -46.7 0.071569 0.122024 0.049961 hargrave 2018-09-11 14:20:52 
TT 650 208.9 -64.1 227.2 -52.1 2.13E-05 004.6 345.1 -47.0 0.080221 0.138520 0.070739 hargrave 2018-09-12 14:20:03 
TT 655 207.3 -64.5 226.4 -52.7 2.14E-05 005.1 346.3 -47.1 0.109131 0.139133 0.084509 hargrave 2018-09-20 14:46:57 
TT 660 209.1 -64.2 227.3 -52.2 2.15E-05 004.9 345.1 -46.9 0.112442 0.127606 0.076555 hargrave 2018-09-21 12:10:00 
TT 665 201.8 -64.4 222.7 -53.6 2.13E-05 004.5 349.4 -48.2 0.096081 0.129102 0.054855 hargrave 2018-09-24 14:36:09 
TT 670 203.9 -63.5 223.5 -52.4 2.14E-05 004.3 347.6 -48.6 0.097049 0.126942 0.047515 hargrave 2018-09-25 12:06:51 
TT 672 198.6 -63.3 219.8 -53.1 2.12E-05 004.3 350.8 -49.7 0.089547 0.128454 0.049136 hargrave 2018-09-25 20:15:44 
TT 674 202.3 -63.4 222.3 -52.6 2.13E-05 004.9 348.5 -49.0 0.082941 0.161086 0.034287 hargrave 2018-09-26 16:55:50 
TT 676 202.4 -63.3 222.4 -52.5 2.06E-05 003.0 348.3 -49.1 0.071289 0.073924 0.038493 hargrave 2018-10-04 16:57:22 
TT 678 200.8 -62.4 220.6 -51.9 1.94E-05 003.6 348.9 -50.2 0.076189 0.093712 0.032104 hargrave 2018-10-05 14:01:21 
TT 680 192.3 -62.1 214.5 -53.3 1.64E-05 004.5 354.7 -51.6 0.090284 0.082982 0.058335 hargrave 2018-10-09 18:03:04 
TT 682 205.3 -60.9 222.9 -49.8 1.24E-05 004.4 344.8 -50.6 0.067432 0.064495 0.044114 hargrave 2018-10-11 16:10:15 
TT 684 174.1 -61.5 200.9 -57.0 6.09E-06 004.7 008.6 -51.7 0.036107 0.030553 0.024383 hargrave 2018-10-12 14:36:23 
TT 686 207.7 -61.9 225.1 -50.3 2.75E-06 005.5 344.1 -49.1 0.010685 0.016583 0.025703 hargrave 2018-10-19 14:03:21 
TT 688 118.7 -25.1 125.2 -37.6 1.65E-06 010.7 073.8 -30.1 0.006691 0.005389 0.034499 hargrave 2018-10-20 13:29:40 
TT 688 136.8 -28.1 145.8 -36.4 2.04E-06 004.2 073.7 -46.6 0.008674 0.008292 0.010872 hargrave 2018-10-20 14:23:21 
