TR038 -Ta mag compass orientation (IGRF corrected)
  12.38  92.3  69.0 351.7  16.3   1.0
NRM    336.6 -89.2 264.5 -73.5 1.08E-05 004.1 359.6 -20.3 0.041008 0.055174 0.042907 hargrave 2018-05-11 18:42:31 
TT 100 175.6 -84.4 243.0 -72.4 1.19E-05 004.9 000.7 -26.5 0.044257 0.084058 0.043013 hargrave 2018-05-14 16:59:17 
TT 200 177.6 -81.4 234.7 -70.9 1.25E-05 003.8 000.8 -29.6 0.047073 0.053327 0.046987 hargrave 2018-05-15 17:16:13 
TT 300 182.7 -78.9 230.3 -68.7 1.30E-05 004.1 359.9 -32.1 0.048138 0.067418 0.046014 hargrave 2018-05-16 14:31:25 
TT 350 181.6 -77.5 227.2 -67.9 1.32E-05 003.4 000.2 -33.5 0.049108 0.047167 0.043998 hargrave 2018-05-17 16:10:16 
TT 400 174.8 -75.2 219.8 -67.5 1.35E-05 004.6 002.4 -35.7 0.048478 0.087949 0.046229 hargrave 2018-05-18 14:30:46 
TT 450 180.1 -73.9 220.0 -65.6 1.37E-05 004.0 000.8 -37.1 0.051027 0.067574 0.046710 hargrave 2018-05-21 11:29:55 
TT 475 176.2 -72.9 216.4 -65.6 1.39E-05 003.4 002.3 -38.0 0.043040 0.059478 0.042555 hargrave 2018-07-30 17:31:38 
TT 500 177.3 -71.1 214.2 -64.0 1.42E-05 003.3 002.1 -39.9 0.037674 0.061413 0.039881 hargrave 2018-07-31 13:56:19 
TT 525 175.3 -71.8 214.2 -65.0 1.39E-05 004.4 002.8 -39.1 0.034048 0.075951 0.070629 hargrave 2018-08-01 11:59:10 
TT 550 177.5 -70.1 213.0 -63.3 1.42E-05 004.6 002.2 -40.8 0.038519 0.065270 0.098547 hargrave 2018-08-01 18:54:08 
TT 550 177.5 -69.5 212.1 -62.7 1.44E-05 004.1 002.3 -41.5 0.039148 0.066352 0.074225 hargrave 2018-08-01 20:17:42 
TT 555 175.4 -70.8 212.7 -64.2 1.40E-05 004.5 003.0 -40.0 0.034565 0.083619 0.066253 hargrave 2018-08-03 12:15:52 
TT 560 176.8 -69.4 211.6 -62.8 1.43E-05 003.1 002.6 -41.5 0.032844 0.061118 0.034836 hargrave 2018-08-03 19:12:42 
TT 565 177.0 -68.9 211.0 -62.3 1.43E-05 002.8 002.6 -42.0 0.028419 0.059710 0.025497 hargrave 2018-08-13 17:29:20 
TT 570 178.8 -68.6 211.8 -61.8 1.42E-05 003.0 001.7 -42.3 0.026028 0.067320 0.024360 hargrave 2018-08-14 14:23:41 
TT 575 175.6 -68.1 209.1 -62.0 1.43E-05 003.1 003.4 -42.8 0.025369 0.070180 0.025830 hargrave 2018-08-15 10:47:48 
TT 580 175.9 -67.5 208.5 -61.5 1.44E-05 002.7 003.4 -43.3 0.025323 0.060998 0.023194 hargrave 2018-08-15 17:51:32 
TT 600 172.9 -67.1 206.1 -61.9 1.45E-05 003.0 005.0 -43.5 0.024163 0.069970 0.023208 hargrave 2018-08-16 14:09:09 
TT 620 176.2 -66.8 207.9 -60.8 1.45E-05 003.0 003.3 -44.1 0.023693 0.070850 0.021138 hargrave 2018-08-17 12:22:47 
TT 630 176.8 -66.3 207.7 -60.3 1.47E-05 002.8 003.1 -44.6 0.027833 0.065634 0.018943 hargrave 2018-08-28 14:01:17 
TT 640 180.3 -66.9 210.7 -60.0 1.43E-05 002.7 001.1 -44.1 0.039305 0.040762 0.035863 hargrave 2018-09-10 12:32:53 
TT 645 176.5 -66.5 207.8 -60.6 1.42E-05 002.7 003.2 -44.3 0.032981 0.053100 0.029238 hargrave 2018-09-11 14:29:52 
TT 650 177.5 -65.5 207.4 -59.5 1.44E-05 002.9 002.8 -45.3 0.027320 0.064861 0.023546 hargrave 2018-09-12 14:28:40 
TT 655 177.3 -65.8 207.5 -59.8 1.44E-05 004.0 002.9 -45.1 0.050628 0.073009 0.047362 hargrave 2018-09-20 14:55:32 
TT 660 181.3 -66.1 210.5 -59.2 1.44E-05 002.9 000.6 -44.9 0.050605 0.032139 0.044412 hargrave 2018-09-21 12:18:31 
TT 665 175.6 -65.6 206.1 -60.0 1.44E-05 002.5 003.9 -45.2 0.026289 0.053655 0.021641 hargrave 2018-09-24 14:45:13 
TT 670 176.6 -64.8 205.9 -59.1 1.45E-05 002.3 003.5 -46.1 0.025823 0.050017 0.020515 hargrave 2018-09-25 12:16:04 
TT 672 174.8 -63.6 203.4 -58.5 1.43E-05 003.1 004.9 -47.1 0.023469 0.072803 0.018158 hargrave 2018-09-25 20:24:52 
TT 674 176.9 -64.4 205.7 -58.7 1.41E-05 002.4 003.4 -46.4 0.022707 0.052205 0.017547 hargrave 2018-09-26 17:04:24 
TT 676 178.3 -63.1 205.5 -57.3 1.42E-05 001.8 002.7 -47.8 0.024556 0.036007 0.016617 hargrave 2018-10-04 17:06:03 
TT 678 174.9 -64.0 203.9 -58.8 1.35E-05 001.7 004.7 -46.7 0.024543 0.028517 0.016621 hargrave 2018-10-05 14:10:13 
TT 680 176.7 -58.6 200.3 -53.7 1.11E-05 004.1 004.8 -52.2 0.045407 0.057901 0.032731 hargrave 2018-10-09 18:12:43 
TT 682 179.8 -67.2 210.8 -60.4 7.29E-06 003.6 001.3 -43.8 0.031467 0.029159 0.020163 hargrave 2018-10-11 16:19:04 
TT 684 150.4 -53.6 173.7 -56.4 3.37E-06 004.1 028.7 -49.4 0.016591 0.014531 0.011439 hargrave 2018-10-12 14:45:12 
TT 686 197.7 -50.9 212.2 -41.9 1.64E-06 004.1 341.7 -57.7 0.008824 0.008433 0.004986 hargrave 2018-10-19 14:10:49 
TT 688 116.9  22.8 114.3  09.3 1.36E-06 007.2 120.8 -12.6 0.002276 0.003889 0.017260 hargrave 2018-10-20 13:37:03 
