TR038 -Qa mag compass orientation (IGRF corrected)
  11.65 118.3  94.0 351.7  16.3   1.0
NRM    317.2  25.8 325.4  34.1 1.83E-05 001.3 241.9  15.1 0.035208 0.038900 0.023658 hargrave 2018-05-11 18:35:55 
TT 100 313.5  24.4 321.0  33.7 1.72E-05 001.9 244.0  12.1 0.047855 0.044691 0.018406 hargrave 2018-05-14 16:52:48 
TT 200 311.2  21.5 317.7  31.4 1.66E-05 001.9 247.3  10.4 0.045667 0.034523 0.027268 hargrave 2018-05-15 17:09:44 
TT 300 309.2  21.7 315.6  32.1 1.62E-05 002.1 247.3  08.6 0.044266 0.032623 0.030715 hargrave 2018-05-16 14:24:50 
TT 350 307.9  19.6 313.6  30.3 1.60E-05 002.4 249.6  07.6 0.055519 0.038579 0.025842 hargrave 2018-05-17 16:02:56 
TT 400 306.6  19.0 312.2  30.0 1.54E-05 001.4 250.4  06.6 0.026352 0.025342 0.026192 hargrave 2018-05-18 14:23:14 
TT 450 304.6  19.0 310.0  30.4 1.51E-05 001.3 250.6  04.7 0.023904 0.023380 0.024001 hargrave 2018-05-21 11:23:21 
TT 475 303.7  17.7 308.7  29.4 1.50E-05 001.8 251.9  03.9 0.040217 0.027669 0.022755 hargrave 2018-07-30 17:24:43 
TT 500 301.6  18.2 306.6  30.3 1.45E-05 002.6 251.6  01.9 0.049025 0.035482 0.039559 hargrave 2018-07-31 13:49:16 
TT 525 300.8  16.6 305.3  28.9 1.41E-05 002.6 253.3  01.2 0.057895 0.029306 0.017637 hargrave 2018-08-01 11:52:02 
TT 550 296.2  14.6 300.0  27.8 1.38E-05 004.7 255.6 -03.0 0.095607 0.029933 0.056390 hargrave 2018-08-01 18:47:06 
TT 550 299.4  14.3 303.3  26.8 1.38E-05 004.4 255.7  00.1 0.098440 0.034755 0.029883 hargrave 2018-08-01 20:10:45 
TT 555 296.4  13.5 300.0  26.6 1.36E-05 005.7 256.7 -02.8 0.092346 0.038169 0.095469 hargrave 2018-08-03 12:08:38 
TT 560 300.0  13.0 303.7  25.5 1.36E-05 002.9 256.9  00.7 0.031590 0.031044 0.060233 hargrave 2018-08-03 19:05:45 
TT 565 296.6  12.0 299.9  25.1 1.34E-05 002.0 258.2 -02.5 0.041271 0.031119 0.020711 hargrave 2018-08-13 17:22:08 
TT 570 296.2  12.0 299.5  25.2 1.34E-05 002.9 258.2 -02.9 0.062859 0.029245 0.018645 hargrave 2018-08-14 14:15:57 
TT 575 296.1  12.6 299.4  25.8 1.32E-05 001.8 257.6 -03.0 0.037812 0.023033 0.017908 hargrave 2018-08-15 10:40:05 
TT 580 295.2  09.9 298.0  23.3 1.31E-05 002.7 260.3 -03.7 0.057660 0.025050 0.016044 hargrave 2018-08-15 17:44:32 
TT 600 293.5  10.8 296.4  24.4 1.28E-05 002.1 259.5 -05.4 0.042001 0.031769 0.018136 hargrave 2018-08-16 14:01:18 
TT 620 293.9  07.7 296.2  21.4 1.26E-05 002.1 262.6 -04.9 0.043196 0.022917 0.014397 hargrave 2018-08-17 12:15:46 
TT 630 294.2  05.0 296.1  18.6 1.24E-05 002.8 265.3 -04.4 0.059132 0.031022 0.011561 hargrave 2018-08-28 13:55:10 
TT 640 295.3  04.7 297.2  18.2 1.20E-05 001.4 265.5 -03.3 0.021467 0.019214 0.019006 hargrave 2018-09-10 12:26:44 
TT 645 294.7  05.8 296.8  19.3 1.15E-05 001.7 264.5 -03.9 0.027683 0.021677 0.020732 hargrave 2018-09-11 14:23:51 
TT 650 293.2  05.7 295.1  19.5 1.15E-05 016.5 264.7 -05.5 0.021209 0.022771 0.342329 hargrave 2018-09-12 14:22:52 
TT 650 292.7  04.9 294.6  18.7 1.16E-05 011.4 265.5 -05.9 0.036243 0.027128 0.231152 hargrave 2018-09-12 15:23:29 
TT 650 301.2  04.0 303.2  16.4 1.15E-05 006.0 265.8  02.6 0.033196 0.019561 0.117225 hargrave 2018-09-12 15:36:45 
TT 655 294.0  03.4 295.7  17.1 1.13E-05 002.2 266.9 -04.5 0.039098 0.020921 0.019037 hargrave 2018-09-20 14:49:46 
TT 660 291.7  04.4 293.4  18.5 1.14E-05 002.1 266.0 -06.9 0.036778 0.021516 0.016084 hargrave 2018-09-21 12:12:48 
TT 665 288.0  01.5 289.1  16.1 1.08E-05 002.8 269.2 -10.4 0.050013 0.018978 0.017773 hargrave 2018-09-24 14:39:08 
TT 670 285.3  01.7 286.3  16.6 1.12E-05 002.3 269.2 -13.1 0.041713 0.018913 0.017318 hargrave 2018-09-25 12:09:53 
TT 672 284.0  03.8 285.2  18.8 1.06E-05 001.9 267.1 -14.5 0.030158 0.018877 0.018424 hargrave 2018-09-25 20:18:44 
TT 674 284.4 -01.6 285.1  13.4 1.09E-05 003.0 272.7 -13.7 0.053706 0.018238 0.018523 hargrave 2018-09-26 16:58:38 
TT 676 281.9  00.3 282.7  15.6 9.82E-06 001.0 270.9 -16.3 0.011660 0.015797 0.011497 hargrave 2018-10-04 17:00:12 
TT 678 282.3 -02.7 282.9  12.6 9.45E-06 001.5 273.9 -15.7 0.021061 0.014525 0.012853 hargrave 2018-10-05 14:04:20 
TT 680 283.5  09.0 285.4  24.1 5.22E-06 002.5 261.7 -15.2 0.012120 0.010729 0.017776 hargrave 2018-10-09 18:05:57 
TT 682 278.2 -13.4 277.8  02.3 3.75E-06 002.5 285.5 -18.5 0.007882 0.011306 0.013458 hargrave 2018-10-11 16:13:06 
TT 684 184.9  08.4 182.0  11.8 8.50E-07 006.2 101.9 -66.3 0.007878 0.005335 0.005010 hargrave 2018-10-12 14:39:17 
TT 686 252.6 -17.8 253.0 -01.7 2.04E-06 018.7 297.9 -41.2 0.008283 0.011821 0.080931 hargrave 2018-10-19 14:05:45 
TT 686 251.6 -17.7 252.0 -01.6 2.05E-06 011.7 298.3 -42.1 0.005981 0.009426 0.050195 hargrave 2018-10-19 15:26:55 
TT 688 135.7  49.0 124.0  38.1 1.65E-06 013.6 139.8 -14.4 0.007021 0.011376 0.039222 hargrave 2018-10-20 13:32:08 
TT 688 142.6  49.5 129.4  39.9 1.65E-06 004.1 141.3 -18.7 0.002783 0.005916 0.010061 hargrave 2018-10-20 14:25:44 
