TR022 -Ga mag compass orientation (IGRF corrected)
 1746.1 130.3  71.0  29.4  31.6   1.0
NRM    028.5  52.1 062.8  42.6 1.54E-05 003.8 192.8  55.6 0.036394 0.089491 0.043909 hargrave 2017-10-13 15:22:00 
TT 100 033.4  39.6 055.7  31.0 8.51E-06 002.6 194.7  68.5 0.023482 0.029633 0.026644 hargrave 2017-10-15 14:21:34 
TT 200 034.6  31.7 051.3  24.1 5.86E-06 002.5 201.0  76.3 0.016745 0.019375 0.021366 hargrave 2017-10-16 10:15:07 
TT 300 039.0  21.4 048.8  13.3 4.43E-06 002.5 207.0  87.3 0.013275 0.013878 0.022929 hargrave 2017-10-16 18:54:50 
TT 350 042.3  16.3 048.8  07.3 3.84E-06 002.6 035.9  86.7 0.012441 0.012904 0.021254 hargrave 2017-10-17 15:58:31 
TT 400 045.2  08.4 047.2 -01.0 3.33E-06 002.1 024.9  78.4 0.010171 0.007206 0.015177 hargrave 2017-10-20 12:44:12 
TT 450 050.7  00.3 048.0 -10.7 3.06E-06 002.4 029.9  68.7 0.007334 0.004852 0.031356 hargrave 2017-10-22 16:17:13 
TT 475 052.6 -06.9 045.9 -17.8 2.82E-06 002.0 026.2  61.5 0.007445 0.005562 0.009737 hargrave 2017-10-23 16:18:27 
TT 500 056.0 -15.3 044.3 -26.8 2.69E-06 002.3 025.3  52.4 0.008465 0.005415 0.009225 hargrave 2017-10-24 14:29:21 
TT 525 057.8 -23.2 041.0 -34.4 2.54E-06 002.2 022.8  44.5 0.006961 0.006933 0.007755 hargrave 2017-10-26 14:42:53 
TT 550 072.1 -30.8 049.2 -47.8 2.51E-06 003.1 032.0  31.6 0.005411 0.010500 0.009138 hargrave 2017-10-27 11:31:18 
TT 555 070.5 -39.4 039.1 -53.8 2.48E-06 002.9 025.4  25.1 0.005219 0.008451 0.009351 hargrave 2017-10-28 14:04:00 
TT 560 068.4 -47.9 026.2 -58.5 2.36E-06 003.2 019.5  18.6 0.006911 0.006613 0.010845 hargrave 2017-10-31 18:49:36 
TT 565 063.6 -54.4 012.5 -59.7 2.34E-06 005.2 013.7  14.0 0.007735 0.015758 0.014950 hargrave 2017-11-03 19:52:56 
TT 570 075.7 -60.2 006.0 -68.0 2.34E-06 004.8 016.8  05.8 0.010408 0.010616 0.016907 hargrave 2017-11-05 19:18:25 
TT 575 071.5 -62.5 359.0 -66.6 2.23E-06 004.3 013.9  04.9 0.009531 0.009436 0.014570 hargrave 2017-11-09 16:16:16 
TT 580 083.3 -63.1 359.2 -72.0 2.46E-06 003.2 018.0  01.3 0.006894 0.011766 0.009651 hargrave 2017-11-14 11:48:56 
TT 600 085.8 -70.5 335.2 -71.6 2.36E-06 004.4 013.9 -04.9 0.009030 0.014184 0.014376 hargrave 2017-11-14 20:52:34 
TT 620 113.6 -73.6 305.6 -74.7 2.73E-06 004.1 016.2 -13.6 0.008842 0.016708 0.015362 hargrave 2017-11-17 20:05:23 
TT 630 104.2 -69.1 324.9 -77.4 2.69E-06 005.7 018.9 -09.0 0.008242 0.020277 0.022281 hargrave 2017-11-19 19:38:20 
TT 640 132.4 -67.1 270.7 -79.5 2.90E-06 004.6 024.2 -18.3 0.010098 0.021055 0.021821 hargrave 2017-11-21 18:42:46 
TT 645 111.3 -66.6 320.6 -81.0 2.87E-06 006.5 022.5 -10.1 0.007408 0.024983 0.027181 hargrave 2017-11-27 18:23:09 
TT 650 149.2 -75.1 277.5 -70.0 3.51E-06 005.3 015.3 -23.2 0.007737 0.028989 0.025002 hargrave 2017-11-28 16:45:11 
TT 655 115.5 -76.8 302.2 -71.6 3.42E-06 006.8 013.3 -15.2 0.005600 0.035266 0.026483 hargrave 2017-12-11 13:45:58 
TT 660 161.5 -76.3 275.5 -66.9 3.55E-06 004.6 013.0 -25.6 0.007107 0.025453 0.022617 hargrave 2017-12-12 13:26:01 
TT 665 080.5 -79.6 315.4 -65.7 3.38E-06 003.5 006.8 -10.9 0.008364 0.017869 0.012724 hargrave 2018-01-08 12:59:47 
TT 670 162.0 -74.7 271.7 -67.4 3.40E-06 002.9 014.5 -26.4 0.013061 0.010605 0.017824 hargrave 2018-01-10 16:02:05 
TT 672 123.7 -77.4 296.5 -71.0 3.56E-06 002.6 013.2 -17.1 0.012340 0.011309 0.012167 hargrave 2018-01-11 15:08:36 
TT 674 178.8 -72.7 264.9 -63.2 4.05E-06 002.1 013.3 -31.4 0.012464 0.011879 0.012434 hargrave 2018-01-12 16:17:51 
TT 676 180.8 -68.5 255.9 -62.2 3.09E-06 003.9 016.5 -34.8 0.021432 0.015224 0.010267 hargrave 2018-01-17 10:34:06 
TT 678 178.9 -68.8 256.2 -62.9 2.69E-06 003.8 016.8 -34.1 0.010609 0.012537 0.015248 hargrave 2018-01-22 13:24:28 
TT 680 152.5 -65.9 249.4 -73.1 2.88E-06 003.4 024.9 -26.3 0.016331 0.009863 0.015243 hargrave 2018-01-25 10:05:52 
TT 682 198.6 -68.3 259.1 -55.9 2.91E-06 002.3 010.1 -38.8 0.009749 0.009847 0.008732 hargrave 2018-01-28 12:05:57 
TT 684 249.0 -83.0 290.3 -53.6 1.48E-06 007.8 356.3 -25.1 0.013407 0.011621 0.022611 hargrave 2018-02-05 10:14:03 
TT 686 337.7 -61.2 320.3 -33.2 1.24E-06 008.9 334.6 -04.3 0.004009 0.011884 0.017267 hargrave 2018-02-07 12:15:47 
TT 686 039.8 -70.7 335.7 -56.6 1.14E-06 024.2 359.8  00.3 0.002583 0.050695 0.007982 hargrave 2018-02-07 15:30:18 
TT 686 340.6 -64.8 320.0 -37.1 1.34E-06 008.2 338.3 -05.2 0.002657 0.011801 0.016288 hargrave 2018-02-08 11:50:39 
TT 688 042.9 -61.2 351.5 -53.6 4.94E-07 022.4 001.2  09.7 0.008904 0.008418 0.017286 hargrave 2018-02-14 12:52:16 
TT 688 055.8 -59.5 359.7 -58.5 5.10E-07 022.4 007.9  10.4 0.008391 0.008572 0.017982 hargrave 2018-02-14 17:01:07 
TT 690 135.8 -53.6 188.7 -79.7 5.57E-07 025.4 038.5 -18.4 0.003126 0.008722 0.024957 hargrave 2018-02-26 16:53:00 
TT 690 119.4 -50.6 119.2 -82.2 6.95E-07 024.1 039.0 -07.9 0.005623 0.014861 0.027735 hargrave 2018-02-27 08:58:18 
TT 692 034.1 -15.3 025.2 -15.4 1.31E-06 009.5 349.5  55.2 0.004334 0.008276 0.031965 hargrave 2018-03-02 10:01:24 
TT 692 034.2 -16.8 024.4 -16.7 1.26E-06 008.9 350.1  53.7 0.003413 0.008233 0.027773 hargrave 2018-03-02 12:04:01 
