TR022 -Da sun compass orientation
 1745.8 139.0  66.0  29.4  31.6   1.0
NRM    341.8  21.7 357.5  42.4 1.85E-05 003.7 257.4  28.6 0.109073 0.053615 0.034282 hargrave 2017-10-13 15:15:55 
TT 100 339.2  12.3 349.2  35.1 1.18E-05 003.9 266.4  23.2 0.074627 0.032541 0.019644 hargrave 2017-10-15 14:15:27 
TT 200 334.4  02.2 339.6  27.5 9.75E-06 002.0 274.3  14.9 0.026401 0.025538 0.016738 hargrave 2017-10-16 10:10:08 
TT 300 330.9 -07.8 332.6  19.1 8.93E-06 001.9 282.0  07.6 0.022081 0.019672 0.018172 hargrave 2017-10-16 18:47:36 
TT 350 328.4 -11.5 329.0  16.3 8.60E-06 002.2 284.3  03.7 0.028724 0.017021 0.017231 hargrave 2017-10-17 15:51:59 
TT 400 324.5 -18.1 323.6  10.8 8.34E-06 003.9 288.7 -02.5 0.036477 0.014407 0.044063 hargrave 2017-10-20 12:38:22 
TT 450 324.2 -21.1 322.6  07.9 8.05E-06 003.3 291.3 -04.0 0.039211 0.014513 0.025922 hargrave 2017-10-22 16:11:05 
TT 475 321.1 -24.2 319.2  05.4 7.91E-06 002.7 293.1 -07.8 0.036527 0.014949 0.012302 hargrave 2017-10-23 16:12:24 
TT 500 319.8 -27.7 317.4  02.3 7.86E-06 001.4 295.8 -10.3 0.017794 0.012824 0.012393 hargrave 2017-10-24 14:23:09 
TT 525 316.1 -29.5 313.9  01.0 7.83E-06 001.3 296.5 -13.9 0.011755 0.016769 0.010813 hargrave 2017-10-26 14:37:07 
TT 550 314.2 -35.0 311.5 -04.2 7.85E-06 002.3 301.3 -17.2 0.028446 0.014573 0.013241 hargrave 2017-10-27 11:25:26 
TT 555 311.8 -33.5 309.8 -02.5 7.74E-06 003.8 299.2 -18.6 0.048621 0.019593 0.010943 hargrave 2017-10-28 13:57:54 
TT 560 311.0 -35.6 308.8 -04.5 7.70E-06 001.7 301.1 -19.9 0.012372 0.013470 0.018739 hargrave 2017-10-31 18:43:25 
TT 565 310.2 -37.5 308.0 -06.3 7.66E-06 002.6 302.9 -21.0 0.026968 0.018553 0.018906 hargrave 2017-11-03 19:46:50 
TT 570 310.4 -39.1 308.0 -07.9 7.72E-06 001.9 304.5 -21.3 0.014905 0.014297 0.019947 hargrave 2017-11-05 19:12:17 
TT 575 310.1 -38.6 307.8 -07.4 7.75E-06 001.7 304.0 -21.4 0.012895 0.013954 0.019125 hargrave 2017-11-09 16:10:11 
TT 580 308.7 -38.4 306.7 -07.1 7.80E-06 002.5 303.5 -22.4 0.014364 0.022481 0.025233 hargrave 2017-11-14 11:42:48 
TT 600 308.4 -44.2 306.0 -12.9 7.79E-06 002.4 309.6 -23.8 0.019948 0.018877 0.023229 hargrave 2017-11-14 20:46:52 
TT 620 304.3 -47.9 302.8 -16.4 8.25E-06 002.2 313.2 -27.2 0.019412 0.024307 0.016266 hargrave 2017-11-17 19:59:08 
TT 630 303.5 -49.4 302.2 -17.9 8.13E-06 002.3 314.8 -27.9 0.022003 0.023246 0.016592 hargrave 2017-11-19 19:32:16 
TT 640 299.0 -48.8 299.1 -17.2 8.34E-06 002.7 313.9 -30.8 0.019337 0.027124 0.024453 hargrave 2017-11-21 18:36:38 
TT 645 301.4 -52.2 300.7 -20.6 7.92E-06 002.5 317.8 -29.4 0.013129 0.018107 0.029449 hargrave 2017-11-27 18:17:05 
TT 650 297.2 -50.7 297.9 -19.1 8.58E-06 003.1 316.1 -32.0 0.012237 0.034301 0.031033 hargrave 2017-11-28 16:39:03 
TT 655 297.5 -51.6 298.1 -20.0 8.29E-06 002.6 317.1 -31.8 0.007980 0.022361 0.032595 hargrave 2017-12-11 13:40:06 
TT 660 293.4 -50.4 295.4 -18.9 8.84E-06 003.0 315.9 -34.4 0.008976 0.030943 0.036209 hargrave 2017-12-12 13:20:07 
TT 665 301.7 -48.8 301.0 -17.3 8.94E-06 001.6 314.1 -29.0 0.006374 0.020976 0.026323 hargrave 2018-01-08 12:53:47 
TT 670 287.7 -48.3 291.3 -17.2 8.56E-06 001.8 313.6 -38.3 0.009593 0.022241 0.027741 hargrave 2018-01-10 15:54:31 
TT 672 287.0 -51.8 291.2 -20.7 8.07E-06 002.2 318.1 -38.2 0.022148 0.019655 0.026875 hargrave 2018-01-11 15:01:00 
TT 674 287.5 -51.6 291.5 -20.4 8.76E-06 001.5 317.8 -38.0 0.007743 0.020065 0.027186 hargrave 2018-01-12 16:11:49 
TT 676 289.5 -52.3 292.9 -21.0 8.48E-06 003.3 318.4 -36.7 0.045791 0.026824 0.022319 hargrave 2018-01-17 10:26:24 
TT 678 279.6 -46.9 285.4 -16.6 7.99E-06 001.6 312.9 -43.9 0.006511 0.021013 0.028904 hargrave 2018-01-22 13:18:26 
TT 680 279.3 -54.0 286.7 -23.6 7.18E-06 002.1 322.4 -42.2 0.018581 0.017073 0.026996 hargrave 2018-01-25 09:59:48 
TT 682 280.2 -53.6 287.2 -23.1 7.62E-06 003.3 321.6 -41.8 0.039994 0.024731 0.017112 hargrave 2018-01-28 11:59:59 
TT 684 279.5 -57.0 287.5 -26.5 5.94E-06 003.2 326.1 -41.1 0.012605 0.018300 0.034190 hargrave 2018-02-05 10:06:25 
TT 686 281.9 -59.9 289.4 -29.1 3.86E-06 004.2 329.0 -38.9 0.009206 0.017763 0.034845 hargrave 2018-02-07 12:08:42 
TT 688 314.3 -60.5 307.7 -29.5 2.46E-06 005.8 327.8 -23.0 0.003809 0.023688 0.022024 hargrave 2018-02-14 12:46:12 
TT 690 247.2 -41.6 260.7 -19.0 2.06E-06 007.4 323.8 -66.8 0.007645 0.031260 0.046335 hargrave 2018-02-26 16:49:04 
TT 692 344.0 -29.0 337.4 -04.9 1.79E-06 017.5 306.8  08.1 0.005686 0.020056 0.053355 hargrave 2018-03-02 09:56:36 
TT 692 340.3 -32.9 333.0 -07.5 1.75E-06 017.2 308.4  03.3 0.007010 0.026332 0.048856 hargrave 2018-03-02 11:59:11 
