TR022 -Ha mag compass orientation (IGRF corrected)
 1746.2 122.3  66.0  29.4  31.6   1.0
NRM    353.4  18.2 007.2  33.9 1.89E-05 002.4 271.5  53.3 0.058722 0.047047 0.044193 hargrave 2017-10-13 15:23:29 
TT 100 000.3  08.3 008.3  22.0 1.28E-05 003.0 291.8  55.6 0.052016 0.036531 0.029621 hargrave 2017-10-15 14:23:02 
TT 200 003.0  02.5 007.8  15.6 1.04E-05 002.1 302.8  54.5 0.024300 0.024097 0.028888 hargrave 2017-10-16 10:16:16 
TT 300 004.6 -04.4 005.8  08.8 9.22E-06 002.6 312.8  50.8 0.027262 0.024022 0.030415 hargrave 2017-10-16 18:56:12 
TT 350 006.6 -11.2 004.2  01.9 8.73E-06 002.0 321.6  46.7 0.022461 0.023238 0.013881 hargrave 2017-10-17 15:59:53 
TT 400 006.8 -12.5 003.8  00.7 8.55E-06 003.2 322.9  45.8 0.025886 0.038110 0.017472 hargrave 2017-10-20 12:45:38 
TT 450 008.3 -20.1 001.3 -06.6 7.90E-06 003.6 330.0  40.1 0.025213 0.039522 0.020181 hargrave 2017-10-22 16:18:40 
TT 475 008.8 -23.4 000.1 -09.7 7.70E-06 002.2 332.6  37.4 0.019329 0.015533 0.021736 hargrave 2017-10-23 16:19:57 
TT 500 009.1 -25.9 359.0 -12.1 7.54E-06 002.3 334.3  35.2 0.018939 0.018611 0.021696 hargrave 2017-10-24 14:30:49 
TT 525 010.0 -27.9 358.7 -14.1 7.32E-06 002.2 336.2  33.8 0.015784 0.023272 0.016554 hargrave 2017-10-26 14:44:15 
TT 550 011.9 -32.2 357.8 -18.7 7.11E-06 002.3 339.9  30.5 0.017379 0.018442 0.020545 hargrave 2017-10-27 11:32:39 
TT 555 013.6 -34.3 357.9 -21.3 7.06E-06 003.7 342.4  29.0 0.017111 0.039663 0.020439 hargrave 2017-10-28 14:05:28 
TT 560 011.2 -35.7 355.3 -21.4 6.89E-06 002.5 340.9  27.0 0.014708 0.019125 0.024562 hargrave 2017-10-31 18:51:03 
TT 565 011.4 -35.9 355.4 -21.6 6.82E-06 004.5 341.1  26.9 0.021141 0.040352 0.033754 hargrave 2017-11-03 19:54:23 
TT 570 011.1 -38.3 353.7 -23.5 6.84E-06 004.0 341.8  24.6 0.019302 0.028277 0.037649 hargrave 2017-11-05 19:19:56 
TT 575 010.8 -37.7 353.8 -22.9 6.76E-06 005.4 341.3  25.0 0.021953 0.056426 0.027218 hargrave 2017-11-09 16:17:43 
TT 580 010.1 -39.4 352.4 -24.0 6.81E-06 002.4 341.5  23.3 0.015457 0.023477 0.018972 hargrave 2017-11-14 11:50:23 
TT 600 011.2 -40.5 352.5 -25.4 6.62E-06 003.0 342.8  22.6 0.014934 0.025243 0.025738 hargrave 2017-11-14 20:53:55 
TT 620 010.5 -44.3 349.6 -28.3 6.64E-06 006.0 343.7  18.8 0.021764 0.061338 0.029256 hargrave 2017-11-17 20:06:53 
TT 630 011.9 -45.2 350.0 -29.5 6.37E-06 004.5 345.0  18.3 0.014197 0.035198 0.037736 hargrave 2017-11-19 19:39:47 
TT 640 015.1 -50.9 348.0 -35.4 5.76E-06 004.9 348.9  13.6 0.009402 0.036086 0.035919 hargrave 2017-11-21 18:44:12 
TT 645 359.0 -42.7 342.7 -22.5 7.74E-06 003.7 335.1  16.6 0.025014 0.027358 0.042903 hargrave 2017-11-27 18:24:36 
TT 650 032.0 -52.7 356.3 -43.8 6.42E-06 005.8 359.8  13.3 0.009469 0.051771 0.042244 hargrave 2017-11-28 16:46:39 
TT 655 008.9 -50.7 344.3 -32.9 7.90E-06 004.3 345.0  12.5 0.008634 0.040110 0.047842 hargrave 2017-12-11 13:47:25 
TT 660 052.0 -59.8 357.6 -56.9 6.73E-06 008.3 009.8  04.6 0.016345 0.086290 0.045749 hargrave 2017-12-12 13:27:27 
TT 660 043.6 -59.6 354.2 -53.1 6.90E-06 006.5 005.7  05.9 0.017007 0.053054 0.059110 hargrave 2017-12-12 15:01:05 
TT 665 011.4 -61.2 337.5 -41.9 7.88E-06 004.5 350.1  03.2 0.007986 0.054599 0.029383 hargrave 2018-01-08 13:01:15 
TT 670 056.5 -62.9 353.9 -60.1 5.37E-06 007.0 010.8  01.0 0.015507 0.053057 0.036330 hargrave 2018-01-10 16:03:33 
TT 672 010.0 -59.6 338.2 -40.2 5.30E-06 005.4 348.9  04.4 0.010144 0.040103 0.029203 hargrave 2018-01-11 15:10:03 
TT 674 106.7 -43.3 086.3 -73.0 2.90E-06 006.2 044.8 -05.8 0.010318 0.015836 0.026263 hargrave 2018-01-12 16:19:19 
TT 676 001.9 -62.3 331.9 -39.9 3.22E-06 005.1 346.4  00.3 0.008307 0.013881 0.025569 hargrave 2018-01-17 10:35:33 
TT 678 076.3 -41.7 042.1 -58.5 2.82E-06 007.6 032.1  12.7 0.011950 0.021191 0.029392 hargrave 2018-01-22 13:25:56 
TT 680 007.6 -55.4 340.1 -36.2 2.58E-06 008.3 346.1  07.8 0.007507 0.016197 0.033907 hargrave 2018-01-25 10:07:19 
TT 680 005.6 -54.7 339.6 -35.0 2.61E-06 009.2 344.8  08.0 0.007930 0.014450 0.040763 hargrave 2018-01-26 11:50:19 
TT 680 013.7 -55.2 343.8 -38.2 2.68E-06 012.4 349.4  09.2 0.008525 0.047188 0.035776 hargrave 2018-01-26 14:28:18 
TT 682 067.7 -43.3 031.9 -55.1 2.27E-06 003.9 025.9  15.2 0.006008 0.011814 0.010768 hargrave 2018-01-28 12:07:25 
TT 684 342.7 -45.7 330.1 -20.1 2.36E-06 011.2 327.6  07.0 0.010400 0.022265 0.040765 hargrave 2018-02-05 10:15:31 
TT 684 343.3 -47.5 329.7 -21.9 2.28E-06 009.1 329.2  06.0 0.010622 0.013440 0.033131 hargrave 2018-02-05 13:54:13 
TT 684 343.0 -47.3 329.6 -21.7 2.29E-06 009.6 328.9  06.0 0.008827 0.012282 0.035843 hargrave 2018-02-05 16:23:13 
TT 686 004.4 -44.7 345.3 -26.2 2.14E-06 011.4 339.7  16.7 0.007400 0.020580 0.037296 hargrave 2018-02-07 12:17:09 
TT 686 003.6 -45.8 344.1 -26.8 2.22E-06 010.0 339.6  15.5 0.005541 0.017049 0.035448 hargrave 2018-02-07 15:31:40 
TT 686 002.4 -45.6 343.4 -26.3 2.43E-06 010.2 338.8  15.2 0.008221 0.024370 0.036911 hargrave 2018-02-08 11:52:01 
TT 688 006.2 -59.2 336.5 -38.7 2.51E-06 006.5 346.9  04.1 0.005455 0.009138 0.027248 hargrave 2018-02-14 12:53:43 
TT 690 033.9 -38.5 010.1 -34.2 1.39E-06 022.0 001.4  27.5 0.006843 0.029463 0.051727 hargrave 2018-02-26 16:54:15 
TT 690 043.5 -34.2 020.7 -35.7 1.66E-06 020.8 010.8  30.9 0.007187 0.041441 0.059151 hargrave 2018-02-27 08:59:36 
TT 692 338.3 -49.8 325.5 -22.7 2.48E-06 013.0 328.5  02.1 0.007584 0.021226 0.053433 hargrave 2018-03-02 10:02:56 
TT 692 336.7 -54.2 322.7 -26.6 2.42E-06 012.1 331.2 -01.6 0.006255 0.022217 0.048068 hargrave 2018-03-02 12:05:32 
