TR022 -Fa mag compass orientation (IGRF corrected)
   1746 123.3  64.0  29.4  31.6   1.0
NRM    036.5  52.8 068.1  39.8 1.53E-05 002.3 175.8  63.1 0.039566 0.045130 0.030797 hargrave 2017-10-13 15:20:30 
TT 100 076.8  49.8 090.9  23.7 9.65E-06 002.9 137.3  49.1 0.034087 0.031718 0.020685 hargrave 2017-10-15 14:20:02 
TT 200 097.9  39.5 102.8  09.5 7.92E-06 002.3 121.5  35.2 0.024804 0.016877 0.016068 hargrave 2017-10-16 10:13:54 
TT 300 109.7  31.0 111.1 -00.2 7.38E-06 002.3 114.2  24.0 0.026083 0.014330 0.014440 hargrave 2017-10-16 18:53:26 
TT 350 113.5  26.1 114.1 -05.4 7.20E-06 003.4 110.4  19.3 0.039988 0.017345 0.013807 hargrave 2017-10-17 15:57:05 
TT 400 119.2  25.8 119.2 -05.8 7.13E-06 003.8 112.0  14.4 0.044330 0.017650 0.012198 hargrave 2017-10-20 12:42:46 
TT 450 126.9  20.4 126.6 -11.0 7.14E-06 002.5 109.9  05.7 0.024954 0.010614 0.020195 hargrave 2017-10-22 16:15:43 
TT 475 126.4  14.0 126.6 -17.4 7.08E-06 002.8 103.9  03.3 0.034112 0.010984 0.009490 hargrave 2017-10-23 16:16:57 
TT 500 129.4  12.4 129.8 -18.7 7.16E-06 002.2 103.8  00.0 0.026337 0.011896 0.009101 hargrave 2017-10-24 14:27:46 
TT 525 131.1  09.2 131.8 -21.7 7.24E-06 002.7 101.7 -02.8 0.033535 0.011814 0.009168 hargrave 2017-10-26 14:41:28 
TT 550 134.6  06.2 136.0 -24.2 7.28E-06 003.1 100.6 -07.3 0.038701 0.014320 0.009613 hargrave 2017-10-27 11:29:50 
TT 555 134.9  04.6 136.6 -25.8 7.35E-06 005.9 099.3 -08.3 0.075745 0.015056 0.009953 hargrave 2017-10-28 14:02:29 
TT 560 135.2  02.8 137.3 -27.6 7.26E-06 003.4 097.8 -09.5 0.038757 0.014142 0.018519 hargrave 2017-10-31 18:48:05 
TT 565 136.7  02.9 139.0 -27.1 7.20E-06 004.3 098.6 -10.7 0.051295 0.015190 0.016807 hargrave 2017-11-03 19:51:25 
TT 570 137.7  02.9 140.0 -27.0 7.18E-06 005.7 099.1 -11.6 0.069710 0.016502 0.016738 hargrave 2017-11-05 19:16:55 
TT 575 138.1  01.8 140.6 -28.0 7.08E-06 003.7 098.2 -12.4 0.042716 0.015440 0.016676 hargrave 2017-11-09 16:14:46 
TT 580 138.1  01.5 140.7 -28.3 7.10E-06 003.9 098.0 -12.6 0.043640 0.018225 0.019347 hargrave 2017-11-14 11:47:22 
TT 600 139.4  01.3 142.2 -28.2 7.07E-06 007.5 098.4 -13.8 0.091074 0.018761 0.018348 hargrave 2017-11-14 20:51:10 
TT 620 144.0 -02.1 148.3 -30.4 7.36E-06 004.0 097.5 -19.5 0.049848 0.016910 0.011374 hargrave 2017-11-17 20:03:49 
TT 630 145.9 -01.8 150.3 -29.7 7.26E-06 001.9 098.6 -21.0 0.020543 0.016246 0.011934 hargrave 2017-11-19 19:36:49 
TT 640 146.4 -06.8 152.5 -34.4 7.34E-06 004.9 094.0 -23.7 0.062293 0.015564 0.011305 hargrave 2017-11-21 18:41:13 
TT 645 145.9 -07.6 152.2 -35.2 7.33E-06 003.4 093.0 -23.6 0.042361 0.016806 0.014892 hargrave 2017-11-27 18:21:39 
TT 650 146.8 -11.0 154.6 -38.3 7.16E-06 003.8 090.0 -25.9 0.045921 0.018526 0.013658 hargrave 2017-11-28 16:43:40 
TT 655 144.3 -12.6 152.1 -40.6 7.23E-06 003.4 087.3 -24.2 0.040599 0.016236 0.013312 hargrave 2017-12-11 13:44:29 
TT 660 148.5 -11.3 156.7 -38.0 7.39E-06 002.0 090.4 -27.5 0.023738 0.018916 0.012939 hargrave 2017-12-12 13:24:31 
TT 665 147.3 -15.0 156.7 -41.9 7.20E-06 002.6 086.1 -27.8 0.028485 0.017585 0.014129 hargrave 2018-01-08 12:58:17 
TT 670 150.0 -13.0 159.1 -39.1 7.61E-06 002.9 089.3 -29.4 0.035830 0.019126 0.013414 hargrave 2018-01-10 16:00:34 
TT 672 148.9 -14.3 158.4 -40.7 7.44E-06 003.3 087.5 -29.0 0.040518 0.018677 0.012395 hargrave 2018-01-11 15:07:04 
TT 674 150.1 -16.4 160.9 -42.3 7.52E-06 003.2 085.7 -30.8 0.038182 0.021781 0.011402 hargrave 2018-01-12 16:16:20 
TT 676 151.1 -14.9 161.3 -40.5 7.41E-06 003.3 087.7 -31.2 0.038828 0.021968 0.011038 hargrave 2018-01-17 10:32:32 
TT 678 152.9 -17.5 164.8 -42.3 7.39E-06 002.2 085.6 -33.7 0.022916 0.019817 0.012252 hargrave 2018-01-22 13:22:53 
TT 680 152.0 -16.3 163.0 -41.5 7.31E-06 003.8 086.6 -32.5 0.046022 0.018338 0.011624 hargrave 2018-01-25 10:04:21 
TT 682 157.3 -23.9 173.8 -46.3 4.58E-06 003.3 079.6 -39.6 0.022396 0.013023 0.009304 hargrave 2018-01-28 12:04:26 
TT 684 150.2 -15.9 160.8 -41.8 3.93E-06 004.3 086.3 -30.8 0.024668 0.013149 0.013566 hargrave 2018-02-05 10:12:32 
TT 686 142.5 -24.0 154.9 -51.9 1.94E-06 005.1 074.8 -26.7 0.011276 0.006587 0.011873 hargrave 2018-02-07 12:14:23 
TT 688 138.4 -12.6 144.7 -42.0 4.62E-07 011.3 084.9 -18.9 0.004847 0.003416 0.007545 hargrave 2018-02-14 12:50:42 
TT 688 137.9 -11.6 143.7 -41.2 4.69E-07 011.0 085.6 -18.0 0.004530 0.003508 0.007510 hargrave 2018-02-14 16:59:33 
TT 690 198.1  09.2 195.0  02.0 1.21E-06 005.0 155.3 -51.8 0.006315 0.008013 0.008738 hargrave 2018-02-26 16:51:42 
TT 692 333.8  12.1 343.1  37.0 8.59E-07 009.4 271.9  32.5 0.004521 0.007884 0.010994 hargrave 2018-03-02 09:59:49 
TT 692 332.6  12.1 341.7  37.4 8.35E-07 008.9 271.5  31.4 0.004195 0.007558 0.009855 hargrave 2018-03-02 12:02:25 
