TR022 -Ba sun compass orientation
 1745.6 135.5  61.0  29.4  31.6   1.0
NRM    005.0  68.4 076.2  60.6 1.50E-05 004.2 199.4  44.1 0.053820 0.097143 0.030015 hargrave 2017-10-13 15:12:52 
TT 100 090.0  69.9 106.7  40.0 8.84E-06 003.1 161.1  42.0 0.022227 0.043870 0.037956 hargrave 2017-10-15 14:12:26 
TT 200 120.7  60.8 120.1  29.2 6.96E-06 002.9 146.1  32.2 0.024779 0.012572 0.037438 hargrave 2017-10-16 10:07:38 
TT 300 136.0  51.6 130.4  20.8 6.20E-06 003.5 137.9  22.0 0.018885 0.019187 0.035816 hargrave 2017-10-16 18:44:48 
TT 350 139.3  43.6 134.1  13.4 5.95E-06 003.3 131.0  17.0 0.017933 0.011873 0.033890 hargrave 2017-10-17 15:49:08 
TT 400 146.6  38.3 140.7  09.4 5.64E-06 004.1 128.6  09.7 0.013870 0.009843 0.040066 hargrave 2017-10-20 12:35:29 
TT 450 147.0  33.2 142.3  04.5 5.61E-06 003.6 124.3  06.8 0.027556 0.014006 0.022756 hargrave 2017-10-22 16:08:05 
TT 475 147.5  29.7 143.5  01.2 5.63E-06 003.6 121.5  04.8 0.022942 0.010736 0.028158 hargrave 2017-10-23 16:09:23 
TT 500 149.6  27.0 146.0 -01.0 5.59E-06 003.1 120.1  01.7 0.017759 0.010569 0.026791 hargrave 2017-10-24 14:20:06 
TT 525 148.7  26.6 145.3 -01.6 5.54E-06 002.3 119.4  02.2 0.016295 0.017580 0.011377 hargrave 2017-10-26 14:34:17 
TT 550 148.3  22.0 146.2 -06.1 5.50E-06 001.8 115.3  00.1 0.016544 0.011799 0.010703 hargrave 2017-10-27 11:22:37 
TT 555 149.5  20.7 147.6 -07.1 5.47E-06 003.5 114.8 -01.5 0.032271 0.012346 0.011479 hargrave 2017-10-28 13:54:49 
TT 560 150.8  19.3 149.2 -08.0 5.31E-06 002.1 114.3 -03.3 0.012779 0.014616 0.014935 hargrave 2017-10-31 18:40:20 
TT 565 150.8  19.4 149.1 -08.0 5.34E-06 004.1 114.3 -03.2 0.037521 0.013166 0.014445 hargrave 2017-11-03 19:43:49 
TT 570 150.5  16.5 149.7 -10.8 5.31E-06 003.6 111.7 -04.5 0.031120 0.012741 0.014884 hargrave 2017-11-05 19:09:17 
TT 575 152.1  16.7 151.1 -10.2 5.28E-06 002.3 112.7 -05.7 0.019419 0.013116 0.013510 hargrave 2017-11-09 16:07:10 
TT 580 153.1  15.0 152.6 -11.6 5.13E-06 003.1 111.8 -07.5 0.018244 0.019265 0.016988 hargrave 2017-11-14 11:39:47 
TT 600 154.0  12.6 154.2 -13.6 5.24E-06 002.4 110.2 -09.5 0.015493 0.015209 0.017196 hargrave 2017-11-14 20:44:03 
TT 620 158.1  09.5 159.1 -15.2 5.30E-06 003.8 109.8 -14.5 0.035220 0.013200 0.013041 hargrave 2017-11-17 19:56:06 
TT 630 157.8  06.5 159.9 -18.2 5.12E-06 003.9 107.0 -16.0 0.032977 0.012890 0.018289 hargrave 2017-11-19 19:29:11 
TT 640 159.9  03.6 163.1 -20.1 5.22E-06 003.3 105.7 -19.3 0.025838 0.016759 0.024515 hargrave 2017-11-21 18:33:35 
TT 645 156.4  02.5 160.0 -22.4 5.08E-06 003.8 102.7 -16.9 0.028591 0.020998 0.029904 hargrave 2017-11-27 18:14:00 
TT 650 161.9 -01.2 167.0 -23.9 4.52E-06 004.4 102.4 -23.5 0.029400 0.021616 0.032741 hargrave 2017-11-28 16:35:53 
TT 655 154.8  03.6 157.9 -21.8 5.23E-06 003.9 102.9 -14.9 0.014960 0.022529 0.039436 hargrave 2017-12-11 13:37:05 
TT 660 167.5 -01.1 172.5 -21.5 4.53E-06 003.3 105.8 -28.2 0.014837 0.026038 0.034615 hargrave 2017-12-12 13:17:08 
TT 665 167.4  03.3 170.5 -17.5 3.75E-06 005.0 109.9 -25.7 0.016495 0.016464 0.027379 hargrave 2018-01-08 12:50:47 
TT 670 173.8 -00.9 178.4 -18.5 4.55E-06 003.8 110.1 -33.3 0.018851 0.019010 0.020860 hargrave 2018-01-10 15:51:30 
TT 672 163.3 -01.3 168.5 -23.4 5.08E-06 003.9 103.1 -24.8 0.018604 0.022543 0.024701 hargrave 2018-01-11 14:57:59 
TT 674 171.4 -06.0 178.6 -24.2 4.42E-06 004.2 103.4 -34.0 0.018462 0.020078 0.021606 hargrave 2018-01-12 16:08:47 
TT 676 168.0 -03.3 174.0 -23.2 4.49E-06 004.0 104.0 -29.8 0.014344 0.021770 0.022163 hargrave 2018-01-17 10:23:20 
TT 678 171.3 -03.2 177.2 -21.7 4.73E-06 004.0 106.1 -32.6 0.018308 0.019922 0.023608 hargrave 2018-01-22 13:15:21 
TT 680 164.0 -03.8 170.3 -25.4 5.20E-06 004.0 101.2 -26.7 0.017888 0.026368 0.023537 hargrave 2018-01-25 09:56:43 
TT 682 168.2 -03.3 174.2 -23.2 4.53E-06 003.7 104.1 -30.0 0.015124 0.025764 0.014236 hargrave 2018-01-28 11:56:57 
TT 684 161.3 -11.9 171.4 -33.9 3.67E-06 004.7 091.7 -28.2 0.014184 0.016212 0.025044 hargrave 2018-02-05 10:03:20 
TT 686 164.1 -04.7 170.8 -26.2 3.50E-06 004.9 100.3 -27.2 0.015919 0.016576 0.022048 hargrave 2018-02-07 12:05:54 
TT 688 159.9 -30.7 182.0 -51.0 2.27E-06 006.2 070.7 -33.9 0.011665 0.014394 0.018224 hargrave 2018-02-14 12:43:11 
TT 690 196.4 -18.4 208.4 -22.3 1.52E-06 011.4 105.3 -61.4 0.010773 0.014857 0.035302 hargrave 2018-02-26 16:46:37 
TT 690 182.0 -22.5 198.3 -33.3 1.41E-06 020.6 089.1 -50.5 0.009137 0.027811 0.048724 hargrave 2018-02-27 08:54:18 
TT 692 024.3  51.8 060.1  44.3 4.39E-07 045.5 208.7  62.3 0.007799 0.009101 0.043634 hargrave 2018-03-02 09:53:34 
TT 692 008.3  59.2 060.9  55.9 3.36E-07 050.4 209.2  50.6 0.006602 0.007706 0.037744 hargrave 2018-03-02 11:56:08 
