TR022 -Ca mag compass orientation (IGRF corrected)
 1745.7 137.3  69.0  29.4  31.6   1.0
NRM    339.0  62.8 059.0  70.4 1.54E-05 004.6 208.9  28.5 0.057147 0.109887 0.031250 hargrave 2017-10-13 15:14:22 
TT 100 337.0  65.2 066.2  71.3 7.97E-06 005.3 206.4  27.2 0.031942 0.067112 0.015346 hargrave 2017-10-15 14:13:55 
TT 200 316.9  68.8 090.0  77.1 5.25E-06 002.1 202.6  19.4 0.013849 0.016503 0.010571 hargrave 2017-10-16 10:08:50 
TT 300 291.2  64.3 149.8  82.9 3.71E-06 002.6 203.2  08.3 0.012871 0.015073 0.009456 hargrave 2017-10-16 18:46:11 
TT 350 273.6  61.0 187.3  76.8 3.17E-06 002.6 200.5 -00.0 0.011932 0.012483 0.009777 hargrave 2017-10-17 15:50:32 
TT 400 257.2  46.2 216.6  62.1 2.70E-06 008.5 201.2 -17.5 0.010434 0.011279 0.038606 hargrave 2017-10-20 12:36:55 
TT 400 257.6  49.9 210.4  64.6 2.64E-06 004.2 199.6 -14.1 0.011881 0.006183 0.016113 hargrave 2017-10-20 13:46:03 
TT 450 245.1  45.3 207.1  55.1 2.07E-06 005.2 193.4 -21.7 0.006481 0.013122 0.016542 hargrave 2017-10-22 16:09:33 
TT 475 235.2  26.0 216.7  35.4 2.19E-06 002.7 189.7 -42.3 0.010456 0.008197 0.005219 hargrave 2017-10-23 16:10:52 
TT 500 230.0  16.1 218.4  24.4 2.17E-06 002.8 184.3 -52.8 0.011155 0.006519 0.005293 hargrave 2017-10-24 14:21:36 
TT 525 227.9  09.1 220.5  17.4 2.19E-06 002.2 181.1 -59.9 0.008825 0.004369 0.004040 hargrave 2017-10-26 14:35:40 
TT 550 223.3 -01.8 222.3  05.7 2.34E-06 003.2 168.1 -70.4 0.012183 0.007184 0.005090 hargrave 2017-10-27 11:24:00 
TT 555 220.7 -03.2 220.7  03.2 2.35E-06 002.9 159.3 -71.1 0.010688 0.007182 0.004406 hargrave 2017-10-28 13:56:18 
TT 560 219.3 -04.4 220.2  01.4 2.32E-06 003.0 153.9 -71.7 0.010530 0.007118 0.003265 hargrave 2017-10-31 18:41:53 
TT 565 216.0 -03.8 217.0  00.2 2.30E-06 004.2 145.8 -69.6 0.015829 0.008018 0.004578 hargrave 2017-11-03 19:45:19 
TT 570 216.1 -06.3 218.4 -01.9 2.33E-06 004.3 141.9 -71.8 0.016386 0.008513 0.005065 hargrave 2017-11-05 19:10:46 
TT 575 215.1 -07.0 217.9 -03.0 2.36E-06 004.1 138.0 -71.7 0.016329 0.007742 0.005460 hargrave 2017-11-09 16:08:39 
TT 580 211.8 -06.7 215.0 -04.4 2.40E-06 002.8 131.5 -69.3 0.009708 0.007657 0.003596 hargrave 2017-11-14 11:41:16 
TT 600 213.7 -09.2 217.9 -05.6 2.33E-06 003.3 129.9 -72.4 0.011531 0.008574 0.004817 hargrave 2017-11-14 20:45:26 
TT 620 213.3 -15.2 220.8 -10.9 2.49E-06 003.6 111.3 -75.5 0.013614 0.008442 0.006831 hargrave 2017-11-17 19:57:35 
TT 630 212.2 -18.1 221.5 -13.9 2.59E-06 002.8 098.8 -75.5 0.010708 0.008594 0.011258 hargrave 2017-11-19 19:30:44 
TT 640 217.3 -25.1 229.5 -17.2 3.00E-06 003.4 064.2 -79.9 0.013149 0.013129 0.018088 hargrave 2017-11-21 18:35:03 
TT 645 204.8 -25.6 219.8 -23.9 2.71E-06 003.8 073.2 -68.9 0.013149 0.014583 0.023436 hargrave 2017-11-27 18:15:29 
TT 650 221.2 -36.4 239.2 -24.8 3.05E-06 004.8 017.8 -73.7 0.012329 0.019787 0.027560 hargrave 2017-11-28 16:37:23 
TT 655 207.2 -34.3 227.4 -29.7 2.69E-06 004.2 048.9 -67.9 0.009001 0.020358 0.031939 hargrave 2017-12-11 13:38:34 
TT 660 223.6 -34.6 239.9 -22.2 3.48E-06 004.0 012.5 -76.0 0.008934 0.020503 0.033486 hargrave 2017-12-12 13:18:36 
TT 665 228.0 -39.4 246.0 -24.3 3.35E-06 003.2 358.2 -71.6 0.007993 0.014768 0.024729 hargrave 2018-01-08 12:52:15 
TT 670 219.6 -35.4 237.4 -24.7 3.89E-06 003.6 023.6 -74.1 0.011542 0.018271 0.022407 hargrave 2018-01-10 15:52:59 
TT 672 206.8 -38.2 229.9 -33.1 3.42E-06 004.6 041.2 -65.3 0.008680 0.020011 0.026817 hargrave 2018-01-11 14:59:28 
TT 674 224.0 -38.9 242.8 -25.7 3.87E-06 003.3 008.3 -71.8 0.009027 0.018134 0.022659 hargrave 2018-01-12 16:10:16 
TT 676 222.6 -41.3 243.4 -28.2 3.77E-06 003.1 010.0 -69.3 0.009229 0.017949 0.022989 hargrave 2018-01-17 10:24:52 
TT 678 225.4 -31.5 239.5 -18.8 4.14E-06 003.3 008.6 -79.4 0.014100 0.016343 0.025938 hargrave 2018-01-22 13:16:54 
TT 680 207.8 -33.5 227.3 -28.9 4.13E-06 004.3 050.0 -68.7 0.011511 0.024541 0.023283 hargrave 2018-01-25 09:58:12 
TT 682 219.7 -32.1 235.5 -21.9 4.13E-06 003.4 029.7 -77.0 0.011137 0.020990 0.009266 hargrave 2018-01-28 11:58:26 
TT 684 208.3 -37.8 230.8 -32.0 3.24E-06 004.0 040.1 -66.5 0.010898 0.016782 0.029835 hargrave 2018-02-05 10:04:49 
TT 686 188.0 -37.1 214.7 -41.7 2.26E-06 006.5 055.9 -52.4 0.009885 0.014694 0.025471 hargrave 2018-02-07 12:07:16 
TT 688 171.9 -52.9 221.8 -60.7 1.52E-06 008.4 038.6 -37.2 0.006150 0.015055 0.018054 hargrave 2018-02-14 12:44:40 
TT 688 168.4 -52.4 218.6 -62.2 1.53E-06 009.6 039.8 -35.3 0.007116 0.017085 0.020544 hargrave 2018-02-14 16:56:14 
TT 690 198.7  03.7 198.4 -02.4 1.61E-06 015.0 128.1 -52.6 0.007629 0.025886 0.039256 hargrave 2018-02-26 16:47:49 
TT 690 189.8 -00.6 192.8 -10.7 1.44E-06 021.6 114.2 -48.1 0.009722 0.031201 0.051173 hargrave 2018-02-27 08:55:35 
TT 692 008.0  10.7 016.6  20.3 8.82E-07 028.0 279.0  50.9 0.005655 0.016279 0.050815 hargrave 2018-03-02 09:55:05 
TT 692 003.4  09.2 011.6  21.3 7.66E-07 029.8 278.8  46.2 0.005733 0.019682 0.041859 hargrave 2018-03-02 11:57:39 
