TR022 -Ea sun compass orientation
   1746 134.4  66.0  29.4  31.6   1.0
NRM    042.8  35.5 059.8  23.3 7.19E-06 002.4 186.5  78.4 0.019008 0.021434 0.018777 hargrave 2017-10-13 15:18:56 
TT 100 102.9 -00.1 100.1 -30.3 3.76E-06 003.5 075.9  28.5 0.018581 0.006554 0.015228 hargrave 2017-10-15 14:18:28 
TT 200 132.3 -26.2 140.7 -56.5 4.56E-06 002.3 065.1 -08.6 0.006522 0.007363 0.016506 hargrave 2017-10-16 10:12:38 
TT 300 144.4 -35.0 165.6 -61.3 5.98E-06 002.8 060.0 -21.3 0.020901 0.016753 0.017149 hargrave 2017-10-16 18:51:58 
TT 350 150.0 -36.1 174.8 -60.0 6.71E-06 002.2 060.0 -26.0 0.016412 0.017900 0.017131 hargrave 2017-10-17 15:55:37 
TT 400 154.1 -37.8 182.1 -59.6 7.49E-06 003.9 058.7 -29.5 0.038459 0.035296 0.011917 hargrave 2017-10-20 12:41:18 
TT 450 158.7 -39.6 189.8 -58.7 8.33E-06 003.7 057.2 -33.3 0.039168 0.037640 0.009378 hargrave 2017-10-22 16:14:09 
TT 475 161.0 -42.5 196.0 -59.8 8.71E-06 002.4 053.8 -35.2 0.025732 0.028374 0.010451 hargrave 2017-10-23 16:15:23 
TT 500 162.0 -41.6 196.1 -58.7 9.10E-06 002.4 054.8 -35.9 0.027806 0.027726 0.011299 hargrave 2017-10-24 14:26:11 
TT 525 163.0 -42.5 198.3 -58.8 9.56E-06 002.0 053.8 -36.7 0.020498 0.026529 0.012274 hargrave 2017-10-26 14:40:00 
TT 550 164.5 -44.2 202.0 -59.2 9.93E-06 002.5 051.6 -37.7 0.036714 0.023662 0.010611 hargrave 2017-10-27 11:28:18 
TT 555 164.9 -43.3 201.2 -58.4 1.00E-05 003.1 052.8 -38.1 0.038017 0.039990 0.011286 hargrave 2017-10-28 14:00:56 
TT 560 165.5 -41.9 199.9 -57.0 9.92E-06 002.4 054.6 -38.5 0.026529 0.029902 0.017839 hargrave 2017-10-31 18:46:31 
TT 565 166.2 -43.3 202.4 -57.7 9.88E-06 002.5 052.7 -39.0 0.028339 0.031528 0.017309 hargrave 2017-11-03 19:49:52 
TT 570 167.8 -40.3 200.2 -54.7 1.00E-05 004.1 056.6 -40.3 0.052757 0.050222 0.018782 hargrave 2017-11-05 19:15:22 
TT 575 168.1 -42.3 202.9 -56.0 1.00E-05 002.5 053.9 -40.4 0.027345 0.032156 0.019252 hargrave 2017-11-09 16:13:12 
TT 580 167.4 -42.7 202.8 -56.6 1.01E-05 002.9 053.5 -39.9 0.032716 0.036320 0.022140 hargrave 2017-11-14 11:45:48 
TT 600 167.6 -43.0 203.4 -56.8 1.00E-05 002.8 053.0 -40.0 0.029376 0.038445 0.019349 hargrave 2017-11-14 20:49:43 
TT 620 171.0 -43.1 206.6 -55.1 1.08E-05 007.9 052.6 -42.5 0.112965 0.101545 0.013618 hargrave 2017-11-17 20:02:12 
TT 630 169.6 -44.6 207.2 -56.8 1.11E-05 003.5 050.9 -41.3 0.044202 0.055788 0.017547 hargrave 2017-11-19 19:35:16 
TT 640 173.3 -46.6 213.1 -56.2 1.13E-05 004.0 047.6 -43.6 0.048231 0.067287 0.020805 hargrave 2017-11-21 18:39:39 
TT 645 170.2 -46.1 209.8 -57.5 1.10E-05 003.9 048.8 -41.6 0.067582 0.038769 0.031558 hargrave 2017-11-27 18:20:05 
TT 650 174.5 -46.8 214.3 -55.7 1.12E-05 002.5 047.1 -44.4 0.024841 0.047635 0.031415 hargrave 2017-11-28 16:42:05 
TT 655 166.9 -45.6 206.2 -58.9 1.13E-05 001.9 049.8 -39.3 0.019796 0.047731 0.035310 hargrave 2017-12-11 13:42:56 
TT 660 177.6 -46.3 216.0 -53.7 1.15E-05 006.1 047.2 -46.6 0.072621 0.105252 0.038388 hargrave 2017-12-12 13:22:58 
TT 665 178.3 -51.1 223.1 -56.4 1.04E-05 002.2 040.3 -45.6 0.034371 0.028717 0.030555 hargrave 2018-01-08 12:56:42 
TT 670 181.0 -43.8 215.8 -50.3 1.16E-05 002.9 049.8 -49.5 0.037483 0.046191 0.036745 hargrave 2018-01-10 15:59:00 
TT 672 170.3 -42.2 204.9 -54.8 1.14E-05 003.0 053.9 -42.1 0.039993 0.044184 0.031949 hargrave 2018-01-11 15:05:30 
TT 674 180.7 -47.0 219.3 -52.6 1.18E-05 004.7 045.2 -48.4 0.063770 0.073754 0.031984 hargrave 2018-01-12 16:14:46 
TT 676 174.2 -44.5 211.1 -54.4 1.10E-05 003.1 050.3 -44.6 0.034546 0.050541 0.035106 hargrave 2018-01-17 10:30:53 
TT 678 180.8 -43.6 215.3 -50.3 1.17E-05 002.5 050.1 -49.4 0.029923 0.034563 0.043762 hargrave 2018-01-22 13:21:19 
TT 680 176.2 -48.5 217.9 -55.9 1.11E-05 004.2 044.4 -45.1 0.062740 0.050611 0.041108 hargrave 2018-01-25 10:02:47 
TT 682 179.8 -44.4 215.5 -51.4 9.70E-06 003.6 049.2 -48.5 0.045259 0.038144 0.023503 hargrave 2018-01-28 12:02:52 
TT 684 172.9 -45.4 211.2 -55.6 8.61E-06 004.1 049.3 -43.6 0.030991 0.045462 0.060027 hargrave 2018-02-05 10:10:59 
TT 686 160.3 -45.7 200.2 -62.4 5.45E-06 006.6 049.8 -34.7 0.022305 0.025680 0.056802 hargrave 2018-02-07 12:12:56 
TT 688 127.6 -54.5 172.7 -84.0 2.99E-06 008.4 036.7 -15.6 0.009840 0.021996 0.037562 hargrave 2018-02-14 12:49:08 
TT 688 128.0 -51.1 157.0 -81.2 3.06E-06 008.7 040.2 -14.6 0.008437 0.019471 0.042607 hargrave 2018-02-14 16:57:59 
TT 690 172.4 -25.6 191.3 -40.7 2.62E-06 018.8 076.6 -43.1 0.017814 0.048458 0.075816 hargrave 2018-02-26 16:50:23 
TT 690 161.5 -30.7 183.9 -50.2 2.57E-06 022.6 068.2 -34.5 0.009272 0.054629 0.092016 hargrave 2018-02-27 08:56:56 
TT 692 002.7  04.5 008.5  17.5 1.31E-06 032.7 289.2  45.4 0.013986 0.028562 0.085525 hargrave 2018-03-02 09:58:11 
TT 692 355.9  03.6 001.7  20.0 1.12E-06 035.9 285.8  39.0 0.013548 0.032789 0.075385 hargrave 2018-03-02 12:00:46 
