TR022 -Ia sun compass orientation
 1746.3 131.0  74.0  29.4  31.6   1.0
NRM    016.6  42.7 046.2  41.5 1.83E-05 003.1 213.0  56.1 0.063152 0.075819 0.026436 hargrave 2017-10-13 15:24:54 
TT 100 031.3  39.5 054.1  31.9 1.27E-05 002.6 197.9  65.0 0.037795 0.045096 0.025304 hargrave 2017-10-15 14:24:26 
TT 200 039.7  36.3 058.0  25.4 1.07E-05 002.1 183.1  69.7 0.028356 0.027922 0.009037 hargrave 2017-10-16 10:17:24 
TT 300 043.2  32.9 058.6  21.0 9.24E-06 002.0 173.7  73.0 0.023353 0.021812 0.014332 hargrave 2017-10-16 18:57:29 
TT 350 045.1  31.2 059.0  18.7 8.92E-06 001.9 167.0  74.3 0.023325 0.019770 0.034858 hargrave 2017-10-17 16:01:12 
TT 400 047.3  29.7 059.9  16.4 8.09E-06 002.0 158.1  75.1 0.018853 0.017512 0.035056 hargrave 2017-10-20 12:46:57 
TT 450 051.0  26.4 061.0  11.9 7.47E-06 002.1 139.8  76.1 0.020779 0.016091 0.012274 hargrave 2017-10-22 16:20:04 
TT 475 053.1  24.9 062.1  09.6 7.16E-06 001.4 130.1  75.5 0.012667 0.011291 0.009390 hargrave 2017-10-23 16:21:22 
TT 500 054.4  23.3 062.3  07.7 6.81E-06 001.7 122.3  75.4 0.014230 0.013723 0.008319 hargrave 2017-10-24 14:32:13 
TT 525 055.9  21.3 062.6  05.3 6.58E-06 001.6 112.9  74.9 0.013830 0.011449 0.009316 hargrave 2017-10-26 14:45:34 
TT 550 056.7  20.6 062.9  04.2 6.25E-06 001.5 109.4  74.4 0.011558 0.010293 0.007399 hargrave 2017-10-27 11:33:58 
TT 555 057.4  19.8 063.1  03.2 6.21E-06 001.6 106.0  73.9 0.014985 0.008575 0.009407 hargrave 2017-10-28 14:06:56 
TT 560 057.3  19.3 062.8  02.8 6.02E-06 002.2 104.3  74.1 0.017184 0.013814 0.013966 hargrave 2017-10-31 18:52:28 
TT 565 057.9  19.2 063.2  02.5 5.96E-06 002.1 103.8  73.6 0.016186 0.013334 0.011913 hargrave 2017-11-03 19:55:47 
TT 570 058.5  18.5 063.4  01.7 5.85E-06 002.2 101.1  73.1 0.015743 0.014157 0.012225 hargrave 2017-11-05 19:21:24 
TT 575 060.4  17.4 064.5 -00.2 5.88E-06 002.3 097.0  71.4 0.015254 0.015309 0.012074 hargrave 2017-11-09 16:19:07 
TT 580 058.3  17.4 062.7  00.8 5.79E-06 003.5 097.3  73.4 0.030070 0.014826 0.017622 hargrave 2017-11-14 11:51:47 
TT 600 061.6  16.2 065.0 -01.8 5.46E-06 003.3 093.4  70.2 0.025474 0.013997 0.020244 hargrave 2017-11-14 20:55:13 
TT 620 062.5  13.1 064.5 -04.9 5.34E-06 002.8 085.0  69.0 0.015043 0.014657 0.022329 hargrave 2017-11-17 20:08:18 
TT 630 062.9  13.6 065.0 -04.6 5.18E-06 002.9 086.5  68.7 0.011427 0.014997 0.028726 hargrave 2017-11-19 19:41:11 
TT 640 065.3  15.5 067.9 -04.0 4.78E-06 004.0 092.0  66.6 0.012137 0.020818 0.031347 hargrave 2017-11-21 18:45:37 
TT 645 076.8  12.9 077.2 -10.7 5.51E-06 004.6 089.6  55.2 0.013312 0.025732 0.039212 hargrave 2017-11-27 18:25:59 
TT 650 053.5  04.1 052.2 -08.8 4.42E-06 005.2 047.0  72.9 0.013444 0.031203 0.040990 hargrave 2017-11-28 16:48:05 
TT 655 065.9  13.4 067.6 -06.0 4.90E-06 005.3 087.3  65.8 0.013250 0.026180 0.049817 hargrave 2017-12-11 13:48:48 
TT 660 100.3  06.3 098.6 -23.5 4.77E-06 005.5 087.7  31.3 0.015758 0.020848 0.040469 hargrave 2017-12-12 13:28:51 
TT 665 047.4 -27.1 029.1 -32.1 3.84E-06 003.7 008.3  46.5 0.009599 0.014654 0.026941 hargrave 2018-01-08 13:02:38 
TT 670 313.7  59.3 042.4  82.6 5.53E-07 037.3 211.9  15.1 0.009708 0.011686 0.039997 hargrave 2018-01-10 16:06:34 
TT 670 338.9  57.2 043.2  69.2 5.53E-07 045.5 213.0  28.4 0.008876 0.012560 0.054471 hargrave 2018-01-10 17:47:50 
TT 670 335.5  56.9 040.6  70.9 5.35E-07 046.8 213.8  26.6 0.008624 0.013906 0.054745 hargrave 2018-01-10 18:35:23 
TT 672 108.8 -39.6 095.0 -70.0 1.91E-06 007.1 045.8  06.0 0.007941 0.012750 0.020311 hargrave 2018-01-11 15:11:28 
TT 674 122.1  00.3 122.6 -31.2 2.35E-06 006.3 087.9  08.6 0.009911 0.014352 0.024939 hargrave 2018-01-12 16:20:44 
TT 676 351.0 -44.3 336.4 -21.3 3.13E-06 006.0 325.6  14.4 0.016898 0.013965 0.026072 hargrave 2018-01-17 10:36:58 
TT 678 295.2  24.7 292.6  56.1 1.61E-06 009.8 241.8 -07.1 0.010768 0.014999 0.024235 hargrave 2018-01-22 13:27:20 
TT 678 297.9  22.8 297.0  54.4 1.59E-06 014.0 244.4 -05.4 0.010382 0.015376 0.037579 hargrave 2018-01-22 15:31:51 
TT 678 295.9  25.9 293.5  57.4 1.56E-06 013.4 240.8 -06.1 0.009152 0.013204 0.035223 hargrave 2018-01-22 18:15:29 
TT 680 136.5  48.3 131.2  17.6 1.88E-06 008.9 138.0  08.3 0.009147 0.027726 0.024245 hargrave 2018-01-25 10:08:45 
TT 680 138.8  56.5 131.1  26.0 1.78E-06 008.9 146.4  09.1 0.009828 0.013556 0.026320 hargrave 2018-01-26 11:51:43 
TT 680 131.6  54.4 127.1  23.2 1.72E-06 010.3 143.4  12.6 0.009453 0.010120 0.030993 hargrave 2018-01-26 14:29:42 
TT 682 311.7  08.0 315.1  38.7 1.02E-06 010.0 262.5  02.9 0.013380 0.016457 0.007989 hargrave 2018-01-28 12:08:49 
TT 682 292.4  18.6 289.0  49.8 7.44E-07 028.4 246.6 -11.7 0.007993 0.019759 0.038130 hargrave 2018-01-31 11:30:03 
TT 682 299.6  17.5 299.6  49.1 7.90E-07 027.6 249.9 -05.7 0.008088 0.017522 0.038641 hargrave 2018-01-31 13:09:12 
TT 684 103.1 -52.2 056.1 -78.9 1.27E-06 018.9 032.8  03.3 0.005686 0.009381 0.041988 hargrave 2018-02-05 10:16:55 
TT 684 109.3 -51.5 075.1 -81.0 1.32E-06 015.6 035.3  00.3 0.008930 0.010875 0.035040 hargrave 2018-02-05 13:55:38 
TT 684 108.6 -51.2 074.0 -80.5 1.31E-06 016.8 035.4  00.8 0.009806 0.010879 0.038033 hargrave 2018-02-05 16:24:38 
TT 686 140.5  50.8 133.4  20.6 2.69E-06 007.0 141.2  06.5 0.009564 0.021843 0.031550 hargrave 2018-02-07 12:18:27 
TT 688 005.2 -71.8 324.5 -47.9 2.25E-06 007.2 349.5 -01.1 0.005714 0.015208 0.024212 hargrave 2018-02-14 12:55:08 
TT 690 249.1  83.4 130.4  62.2 2.08E-06 014.2 183.2  10.1 0.011517 0.022523 0.048537 hargrave 2018-02-26 16:55:28 
TT 690 086.7  87.8 117.2  56.5 1.95E-06 017.5 178.3  17.6 0.012690 0.030339 0.055299 hargrave 2018-02-27 09:00:52 
TT 692 082.9  25.8 087.0 -00.5 1.88E-06 010.0 111.2  49.8 0.011105 0.022960 0.060373 hargrave 2018-03-02 10:30:20 
TT 692 087.0  27.4 091.0 -00.0 1.87E-06 009.2 113.1  46.0 0.010006 0.023262 0.052607 hargrave 2018-03-02 12:07:02 
