TR022 -Aa sun compass orientation
 1745.5 142.1  67.0  29.4  31.6   1.0
NRM    033.0  47.3 061.3  37.1 2.39E-05 002.9 207.5  61.3 0.064211 0.102824 0.026428 hargrave 2017-10-13 15:11:26 
TT 100 052.7  41.4 070.4  24.1 1.74E-05 002.9 178.7  71.6 0.052240 0.069809 0.028708 hargrave 2017-10-15 14:11:00 
TT 200 059.5  38.5 073.7  19.0 1.49E-05 003.4 159.6  73.2 0.063557 0.058608 0.026527 hargrave 2017-10-16 10:06:30 
TT 300 064.2  35.8 075.8  14.8 1.35E-05 003.1 143.4  73.5 0.043883 0.056634 0.028421 hargrave 2017-10-16 18:43:28 
TT 350 066.8  33.9 077.0  12.2 1.29E-05 003.1 133.7  73.1 0.043027 0.054481 0.028548 hargrave 2017-10-17 15:47:48 
TT 400 069.2  32.6 078.3  10.2 1.20E-05 003.3 126.3  72.1 0.043572 0.051908 0.024902 hargrave 2017-10-20 12:34:05 
TT 450 071.7  30.2 079.3  07.1 1.15E-05 002.8 116.4  71.1 0.043861 0.032076 0.022116 hargrave 2017-10-22 16:06:39 
TT 475 074.0  28.6 080.5  04.9 1.12E-05 003.2 110.5  69.6 0.036554 0.049971 0.020920 hargrave 2017-10-23 16:07:58 
TT 500 076.5  27.3 082.2  02.8 1.08E-05 003.0 106.0  67.5 0.037981 0.042154 0.012131 hargrave 2017-10-24 14:17:52 
TT 525 077.7  25.3 082.4  00.5 1.05E-05 003.3 100.7  66.6 0.041489 0.050043 0.020177 hargrave 2017-10-26 14:32:55 
TT 550 079.3  23.2 083.1 -01.9 1.02E-05 003.3 095.9  65.0 0.040909 0.047694 0.022646 hargrave 2017-10-27 11:21:18 
TT 555 079.7  22.0 083.0 -03.1 1.01E-05 003.6 093.2  64.6 0.048501 0.046777 0.019947 hargrave 2017-10-28 13:53:24 
TT 560 080.6  20.6 083.3 -04.7 9.58E-06 003.4 090.3  63.5 0.038283 0.049538 0.020548 hargrave 2017-10-31 18:38:54 
TT 565 080.7  21.3 083.6 -04.1 9.54E-06 003.7 091.9  63.5 0.044339 0.048429 0.021979 hargrave 2017-11-03 19:42:24 
TT 570 081.0  20.0 083.5 -05.5 9.25E-06 003.4 089.1  63.0 0.036554 0.048449 0.021522 hargrave 2017-11-05 19:07:47 
TT 575 081.4  18.6 083.4 -06.8 9.21E-06 003.5 086.5  62.3 0.038465 0.048970 0.022385 hargrave 2017-11-09 16:05:45 
TT 580 080.7  19.5 083.0 -05.8 8.86E-06 003.3 087.9  63.2 0.041763 0.030180 0.016588 hargrave 2017-11-14 11:38:22 
TT 600 081.9  16.9 083.3 -08.6 8.80E-06 003.6 083.3  61.4 0.037963 0.047357 0.019138 hargrave 2017-11-14 20:42:43 
TT 620 082.4  15.2 083.2 -10.4 8.89E-06 003.6 080.2  60.4 0.042170 0.046239 0.016454 hargrave 2017-11-17 19:54:40 
TT 630 083.0  13.7 083.3 -12.0 8.53E-06 003.5 077.9  59.3 0.038259 0.044395 0.014131 hargrave 2017-11-19 19:27:46 
TT 640 084.8  11.7 084.3 -14.5 8.08E-06 003.5 075.6  56.9 0.034039 0.046292 0.012479 hargrave 2017-11-21 18:32:09 
TT 645 084.2  11.3 083.6 -14.6 7.81E-06 003.9 074.6  57.3 0.036562 0.047658 0.011096 hargrave 2017-11-27 18:12:34 
TT 650 083.7  08.2 082.2 -17.4 7.01E-06 003.6 069.2  56.3 0.023515 0.035763 0.030706 hargrave 2017-11-28 16:34:27 
TT 655 086.6  10.8 085.8 -15.8 7.88E-06 004.1 075.5  55.0 0.036092 0.049596 0.016086 hargrave 2017-12-11 13:35:40 
TT 660 084.2  09.4 083.0 -16.4 6.89E-06 004.2 071.4  56.5 0.022791 0.038795 0.036850 hargrave 2017-12-12 13:15:43 
TT 665 078.2  11.9 078.2 -12.1 7.10E-06 004.1 070.5  62.8 0.034603 0.043380 0.011555 hargrave 2018-01-08 12:49:21 
TT 670 082.7  09.8 081.8 -15.6 6.40E-06 004.2 070.8  57.9 0.032541 0.042725 0.011000 hargrave 2018-01-10 15:50:04 
TT 672 090.5  11.0 089.7 -16.7 7.33E-06 003.6 078.4  51.5 0.032261 0.044630 0.013731 hargrave 2018-01-11 14:56:33 
TT 674 086.4  09.3 085.1 -17.2 6.30E-06 004.3 073.0  54.4 0.033666 0.043960 0.011591 hargrave 2018-01-12 16:07:20 
TT 676 087.2  10.3 086.2 -16.4 6.42E-06 004.5 075.2  54.2 0.036738 0.044119 0.011008 hargrave 2018-01-17 10:21:49 
TT 678 100.1  08.4 098.9 -21.4 6.35E-06 004.6 080.4  41.8 0.026955 0.033463 0.050798 hargrave 2018-01-22 13:13:54 
TT 680 100.7  05.4 098.8 -24.4 6.67E-06 004.1 077.2  40.0 0.040079 0.045366 0.012836 hargrave 2018-01-25 09:55:16 
TT 682 094.8  06.0 092.7 -22.7 5.70E-06 004.3 074.3  45.5 0.032796 0.041719 0.014668 hargrave 2018-01-28 11:55:31 
TT 684 106.8  08.0 105.9 -22.9 4.48E-06 003.4 083.2  35.5 0.011542 0.010723 0.029313 hargrave 2018-02-05 10:01:55 
TT 686 109.0  14.3 108.9 -16.8 3.44E-06 003.5 091.5  35.7 0.011793 0.014472 0.024472 hargrave 2018-02-07 12:04:35 
TT 688 107.2  09.1 106.5 -21.8 2.64E-06 003.4 084.7  35.5 0.011440 0.013523 0.016568 hargrave 2018-02-14 12:41:45 
TT 690 173.6  33.4 163.2  12.3 7.97E-07 029.2 133.6 -10.7 0.006678 0.013034 0.042053 hargrave 2018-02-26 16:45:23 
TT 690 170.6  33.0 161.1  10.9 7.51E-07 035.0 131.7 -08.9 0.005487 0.017276 0.049262 hargrave 2018-02-27 08:53:00 
TT 692 334.2  28.2 353.1  51.4 1.11E-06 024.4 247.1  20.7 0.007342 0.011153 0.049485 hargrave 2018-03-02 09:50:24 
TT 692 326.4  19.7 337.8  46.7 1.07E-06 022.4 253.2  11.3 0.005773 0.013597 0.042242 hargrave 2018-03-02 11:52:59 
