TR022 -Ja mag compass orientation (IGRF corrected)
 1746.3 133.3  69.0  29.4  31.6   1.0
NRM    008.7  39.2 037.0  43.0 2.18E-05 002.4 230.7  55.3 0.058203 0.060823 0.047023 hargrave 2017-10-13 15:26:19 
TT 100 019.9  36.9 043.8  35.5 1.38E-05 002.5 226.9  64.2 0.042335 0.038496 0.034668 hargrave 2017-10-15 14:25:51 
TT 200 024.6  34.1 045.3  30.9 1.03E-05 002.4 227.6  68.9 0.032336 0.027162 0.028236 hargrave 2017-10-16 10:18:34 
TT 300 030.2  30.2 046.9  24.9 8.47E-06 002.3 229.6  75.1 0.022471 0.024538 0.017911 hargrave 2017-10-16 18:58:48 
TT 350 031.9  28.7 047.3  22.9 7.72E-06 002.6 231.2  77.1 0.027475 0.020170 0.017324 hargrave 2017-10-17 16:02:32 
TT 400 034.2  25.5 047.2  19.1 7.27E-06 002.4 240.3  80.5 0.024062 0.018834 0.012028 hargrave 2017-10-20 12:48:16 
TT 450 036.2  22.6 047.2  15.7 6.43E-06 002.4 254.8  83.2 0.021595 0.015376 0.014546 hargrave 2017-10-22 16:21:28 
TT 475 038.8  22.3 049.1  14.1 5.77E-06 001.9 252.0  85.6 0.014704 0.012130 0.006765 hargrave 2017-10-23 16:22:45 
TT 500 038.8  20.8 048.3  12.9 5.50E-06 002.0 271.9  85.8 0.015266 0.011771 0.007212 hargrave 2017-10-24 14:33:39 
TT 525 040.6  19.3 049.0  10.7 5.20E-06 002.6 303.4  86.9 0.020577 0.012475 0.007550 hargrave 2017-10-26 14:46:53 
TT 550 043.8  14.0 048.9  04.5 4.97E-06 002.0 004.2  83.0 0.014998 0.010403 0.005562 hargrave 2017-10-27 11:35:16 
TT 555 044.6  13.4 049.3  03.7 4.88E-06 002.1 009.7  82.3 0.016273 0.008262 0.005836 hargrave 2017-10-28 14:08:21 
TT 560 046.0  12.8 050.1  02.4 4.62E-06 003.1 018.0  81.4 0.022550 0.013100 0.007939 hargrave 2017-10-31 18:53:52 
TT 565 050.0  12.1 053.1 -00.1 4.57E-06 002.5 036.7  79.0 0.015161 0.013980 0.006480 hargrave 2017-11-03 19:57:12 
TT 570 047.8  11.8 051.2  00.7 4.38E-06 002.5 026.1  79.9 0.014874 0.012636 0.007273 hargrave 2017-11-05 19:22:48 
TT 575 051.2  09.5 052.9 -03.0 4.25E-06 003.1 034.6  76.2 0.020159 0.012448 0.005602 hargrave 2017-11-09 16:20:32 
TT 580 051.0  07.0 051.5 -05.1 4.14E-06 004.3 029.1  74.1 0.030679 0.011900 0.007324 hargrave 2017-11-14 11:53:11 
TT 600 049.8  05.2 049.6 -06.0 3.92E-06 003.5 022.6  73.0 0.023236 0.011644 0.008103 hargrave 2017-11-14 20:56:31 
TT 620 050.3  08.2 051.5 -03.7 3.37E-06 003.1 028.9  75.5 0.011495 0.014293 0.012124 hargrave 2017-11-17 20:09:42 
TT 630 050.9  11.5 053.7 -01.0 3.24E-06 002.3 038.8  78.1 0.008459 0.009115 0.016990 hargrave 2017-11-19 19:42:39 
TT 640 053.4  11.0 055.6 -02.7 2.70E-06 003.7 045.8  76.1 0.009803 0.012531 0.024231 hargrave 2017-11-21 18:47:01 
TT 645 053.0  11.9 055.7 -01.7 2.97E-06 003.8 047.3  77.0 0.012469 0.013371 0.028040 hargrave 2017-11-27 18:27:23 
TT 650 030.6 -00.5 030.1 -01.0 2.84E-06 002.7 328.3  65.2 0.010760 0.016620 0.030277 hargrave 2017-11-28 16:49:30 
TT 655 070.1  17.6 073.0 -03.9 2.69E-06 004.9 087.0  64.5 0.015187 0.008107 0.029252 hargrave 2017-12-11 13:50:11 
TT 660 089.8 -10.1 082.0 -36.7 2.09E-06 006.1 060.4  34.8 0.008390 0.008041 0.023731 hargrave 2017-12-12 13:30:14 
TT 665 016.0 -50.2 349.0 -35.2 2.27E-06 004.4 342.3  14.8 0.005946 0.009862 0.015082 hargrave 2018-01-08 13:04:03 
TT 670 255.4  36.4 227.5  53.9 1.14E-06 008.0 208.2 -25.1 0.007247 0.007413 0.016002 hargrave 2018-01-10 16:07:59 
TT 672 084.3 -31.2 062.9 -53.9 1.20E-06 006.2 038.2  24.7 0.005800 0.006776 0.012015 hargrave 2018-01-11 15:12:52 
TT 674 133.1  36.0 130.5  05.0 1.95E-06 005.4 124.0  12.3 0.011256 0.011118 0.012894 hargrave 2018-01-12 16:22:09 
TT 676 354.6 -31.7 344.8 -11.1 1.39E-06 005.8 317.3  19.6 0.011050 0.006591 0.008501 hargrave 2018-01-17 10:38:22 
TT 678 073.8 -45.9 033.7 -60.1 1.04E-06 009.1 021.7  17.6 0.003305 0.014605 0.009547 hargrave 2018-01-22 13:28:48 
TT 678 074.3 -45.4 035.0 -60.0 1.06E-06 008.5 022.3  17.9 0.004520 0.007785 0.016100 hargrave 2018-01-22 15:34:24 
TT 678 074.6 -45.9 034.4 -60.5 1.06E-06 008.4 022.2  17.3 0.002242 0.009201 0.014515 hargrave 2018-01-22 18:18:05 
TT 680 128.2  59.9 124.4  28.5 1.51E-06 007.6 147.8  20.6 0.006293 0.016158 0.014853 hargrave 2018-01-25 10:11:15 
TT 680 129.3  67.8 124.0  36.4 1.46E-06 006.9 156.2  20.9 0.006382 0.007684 0.015517 hargrave 2018-01-26 11:53:08 
TT 682 112.3 -17.9 109.0 -49.1 1.24E-06 005.5 065.3  12.1 0.012992 0.006880 0.006318 hargrave 2018-01-28 12:10:14 
TT 684 009.9 -41.6 350.9 -25.8 1.52E-06 007.6 334.0  20.2 0.007079 0.008039 0.017664 hargrave 2018-02-05 10:18:24 
TT 686 322.0 -55.3 313.4 -25.2 1.25E-06 007.5 324.8 -12.4 0.003387 0.006902 0.016501 hargrave 2018-02-07 12:19:44 
TT 688 351.5 -41.4 338.1 -18.7 9.08E-07 011.7 323.0  11.3 0.003196 0.013452 0.014595 hargrave 2018-02-14 12:56:32 
TT 688 352.6 -42.9 338.2 -20.4 9.04E-07 011.4 324.7  10.9 0.004320 0.011182 0.015125 hargrave 2018-02-14 17:03:44 
TT 690 140.5 -26.3 153.2 -54.6 9.78E-07 019.1 067.2 -15.3 0.004637 0.014409 0.030401 hargrave 2018-02-26 16:56:42 
TT 690 134.3 -25.6 143.6 -55.5 1.01E-06 019.0 066.2 -09.8 0.003186 0.014427 0.032025 hargrave 2018-02-27 09:02:11 
TT 692 177.3  77.7 135.9  50.6 1.64E-06 013.3 171.0  12.2 0.005827 0.013800 0.036731 hargrave 2018-03-02 10:31:53 
TT 692 185.5  77.6 137.9  51.9 1.65E-06 012.6 172.3  11.1 0.005297 0.018950 0.032026 hargrave 2018-03-02 12:08:34 
