Name          Field         Freq.         Km            L             F             P             Pj            T             U             K1dec         K1inc         K2dec         K2inc         K3dec         K3inc         K11           K22           K33           K12           K23           K13
16TR001A1      200          F1             262.2548      1.041         1.014         1.056         1.058        -0.477        -0.488         34.4          60.1          151.8         14.8          249           25.4          0.99652       0.98431       1.01917       0.00089       0.01506       0.01653 
16TR001B1      200          F1             285.055       1.043         1.019         1.063         1.064        -0.39         -0.403         32.9          59.6          143           11.4          239.1         27.8          0.99577       0.98453       1.0197       -0.00127       0.01663       0.01955 
16TR001C1      200          F1             213.3984      1.038         1.027         1.065         1.066        -0.174        -0.189         28.5          50.4          144.3         19.8          247.7         32.7          1.00519       0.98387       1.01094       0.00001       0.01966       0.02074 
16TR001D1      200          F1             257.9028      1.039         1.023         1.063         1.064        -0.258        -0.273         33.1          50.8          147.3         18.5          249.9         33.1          1.0035        0.98525       1.01125       0.00207       0.02004       0.01953 
16TR001E1      200          F1             265.3212      1.037         1.023         1.061         1.062        -0.234        -0.248         36.1          60.6          146.9         11.3          242.7         26.8          0.99717       0.98407       1.01876      -0.00302       0.01743       0.01701 
16TR001F1      200          F1             330.0439      1.039         1.027         1.067         1.067        -0.178        -0.194         37.1          58.1          149.4         13.3          246.8         28.4          0.99955       0.98261       1.01784      -0.00212       0.02062       0.01822 
16TR001G1      200          F1             276.6722      1.039         1.024         1.065         1.065        -0.23         -0.244         35.2          53.5          145.7         14.5          245.2         32.6          1.00115       0.98557       1.01328       0.00009       0.02055       0.0198 
16TR001H1      200          F1             345.2471      1.034         1.028         1.063         1.063        -0.089        -0.104         27.8          54.3          133.2         10.8          230.5         33.5          0.99916       0.98898       1.01186      -0.00462       0.0173        0.0223 
16TR001I1      200          F1             317.9272      1.04          1.013         1.054         1.056        -0.52         -0.529         31.6          53.7          150.8         19.7          252.3         29.1          1.00007       0.98603       1.01391       0.00353       0.015         0.01789 
16TR001J1      200          F1             280.6257      1.034         1.029         1.064         1.064        -0.09         -0.106         21.4          54.9          135.4         16            235.1         30.4          1.0009        0.98548       1.01363      -0.00582       0.01578       0.02192 
16TR003A1      200          F1             309.4655      1.044         1.02          1.065         1.067        -0.365        -0.379         349           41.6          151.5         47.1          251.1         8.9           1.01362       0.97557       1.0108       -0.0105       -0.0013        0.02237 
16TR003B1      200          F1             301.5958      1.051         1.016         1.068         1.071        -0.519        -0.531         352           41.2          186.1         48            88.2          7             1.0164        0.9736        1.01         -0.00442      -0.00536       0.02478 
16TR003C1      200          F1             313.9158      1.04          1.026         1.068         1.068        -0.208        -0.224         26            46.8          141.1         21.6          247.3         35.2          1.00774       0.98426       1.008         0.00136       0.01983       0.0226 
16TR003D1      200          F1             281.4553      1.046         1.028         1.075         1.076        -0.248        -0.265         27.9          54.2          144.6         18            245.3         29.8          1.00234       0.98031       1.01735      -0.00116       0.02072       0.02418 
16TR003E1      200          F1             319.4295      1.043         1.028         1.073         1.073        -0.2          -0.216         26.9          47.4          146.2         24.2          252.9         32.6          1.00883       0.98107       1.0101        0.00241       0.0216        0.02269 
16TR003F1      200          F1             229.9568      1.056         1.016         1.073         1.077        -0.549        -0.561         30.2          50.2          149           21.8          253.1         31.4          1.00271       0.98208       1.01521       0.00674       0.02037       0.02558 
16TR003G1      200          F1             320.1053      1.044         1.024         1.069         1.07         -0.282        -0.297         22.1          51.4          134.2         16.7          235.8         33.6          1.00268       0.98466       1.01266      -0.0017        0.01687       0.02562 
16TR003H1      200          F1             307.0705      1.044         1.026         1.071         1.072        -0.254        -0.27          31.1          54.8          160.9         24.3          262.4         23.8          1.00408       0.97702       1.0189        0.00366       0.01982       0.01886 
16TR003I1      200          F1             279.5479      1.047         1.015         1.062         1.065        -0.513        -0.524         25.4          57.1          146.4         18.5          245.9         26.2          0.99863       0.98224       1.01913       0.00095       0.01425       0.02139 
16TR003J1      200          F1             295.7229      1.046         1.025         1.072         1.073        -0.295        -0.311         22.5          53            145.3         22.2          247.8         27.9          1.00424       0.97901       1.01674      -0.0007        0.01771       0.02416 
16TR003K1      200          F1             276.5595      1.047         1.018         1.066         1.068        -0.439        -0.452         24.4          56.4          155.9         23.8          256.3         22.3          1.00133       0.97845       1.02021       0.00191       0.01494       0.02112 
16TR006AA1     200          F1             387.2131      1.052         1.031         1.085         1.086        -0.252        -0.271         14.9          48.4          129.6         20.3          234.3         34.5          1.00715       0.98072       1.01213      -0.00391       0.018         0.03314 
16TR007A1      200          F1             275.2009      1.053         1.034         1.089         1.09         -0.216        -0.237         23.4          49.4          125.6         10.2          223.9         38.7          1.00177       0.98717       1.01106      -0.00179       0.0215        0.03562 
16TR007AA1     200          F1             366.8508      1.049         1.021         1.071         1.073        -0.384        -0.398         23.3          52.1          139.7         19.1          241.8         31.4          1.00283       0.98195       1.01522       0.00034       0.0174        0.02583 
16TR007B2      200          F1             450.1171      1.057         1.026         1.084         1.086        -0.367        -0.385         23.5          47.9          129.3         13.9          230.7         38.8          1.00477       0.98449       1.01074       0.0018        0.0206        0.0334 
16TR007C1      200          F1             386.526       1.053         1.029         1.084         1.085        -0.285        -0.304         32.8          54.6          154.3         20.4          255.5         27.6          1.00296       0.97621       1.02083       0.00273       0.02478       0.02391 
16TR007D1      200          F1             397.8035      1.057         1.022         1.08          1.083        -0.433        -0.448         25.4          41            119.2         4.3           214.1         48.6          1.0081        0.99132       1.00058       0.00806       0.01793       0.03399 
16TR007E2      200          F1             413.7859      1.056         1.026         1.084         1.085        -0.363        -0.38          22.6          45            120.8         8.1           218.7         43.9          1.00559       0.98883       1.00558       0.00354       0.01849       0.03541 
16TR007F1      200          F1             401.1544      1.056         1.028         1.085         1.087        -0.334        -0.352         23.6          48.5          127.6         12.1          227.5         38.9          1.00347       0.98553       1.011         0.00089       0.02055       0.03395 
16TR007G!      200          F1             335.9366      1.041         1.038         1.081         1.081        -0.039        -0.059         20            48.3          123.7         11.9          223.7         39.3          1.00308       0.99019       1.00673      -0.00508       0.01933       0.0321 
16TR007H1      200          F1             316.2025      1.042         1.032         1.075         1.075        -0.132        -0.15          9.1           51.6          125.8         19.5          228.3         31.5          1.00214       0.98428       1.01358      -0.0086        0.01348       0.02917 
16TR007I1      200          F1             382.9662      1.053         1.02          1.075         1.077        -0.447        -0.462         23.4          47.4          134.2         18            238.4         37            1.00586       0.98369       1.01045       0.0033        0.01845       0.02907 
16TR007J1      200          F1             418.4425      1.048         1.025         1.074         1.075        -0.299        -0.315         27.3          46.2          126.7         8.9           225           42.5          1.00363       0.99056       1.00582       0.00255       0.01947       0.02959 
16TR007K1      200          F1             406.8999      1.049         1.037         1.087         1.087        -0.138        -0.158         30.1          49.2          131.1         9.3           228.8         39.3          1.00191       0.9889        1.00919      -0.00146       0.02492       0.03201 
16TR007L1      200          F1             406.9724      1.048         1.029         1.079         1.08         -0.248        -0.266         19.5          49.9          138.4         22.1          242.8         31.5          1.00676       0.97944       1.0138       -0.00196       0.01895       0.02799 
16TR007M1      200          F1             348.7332      1.054         1.031         1.087         1.088        -0.263        -0.282         25.4          43.6          121.3         6.1           217.6         45.7          1.00587       0.99183       1.0023        0.00383       0.02075       0.03623 
16TR007N1      200          F1             371.8385      1.052         1.034         1.088         1.089        -0.198        -0.218         26.9          57.1          146.6         17.8          245.9         26.7          1.00152       0.97496       1.02353      -0.00374       0.02272       0.02637 
16TR007P1      200          F1             399.5337      1.049         1.037         1.088         1.088        -0.14         -0.161         21.9          50.5          125.6         11            224.1         37.3          1.00093       0.98737       1.0117       -0.00435       0.02089       0.03464 
16TR007Q1      200          F1             292.7556      1.057         1.033         1.092         1.093        -0.26         -0.28          29.4          54.2          126.4         5             220           35.3          0.99404       0.98769       1.01826      -0.00214       0.02274       0.03481 
16TR007R1      200          F1             426.3684      1.057         1.024         1.082         1.084        -0.393        -0.41          20.1          53.2          135.8         18            237           30.9          1.00178       0.9794        1.01883      -0.00137       0.01791       0.03084 
16TR007S1      200          F1             321.3787      1.05          1.042         1.094         1.094        -0.08         -0.103         14.8          49            122.8         15.1          224.6         37.1          1.00388       0.98563       1.01049      -0.00758       0.01997       0.03766 
16TR007T1      200          F1             444.7752      1.057         1.027         1.085         1.087        -0.346        -0.364         18.8          47.7          128.7         17.2          232.2         37.2          1.00653       0.98231       1.01116      -0.00028       0.01894       0.03413 
16TR007U1      200          F1             402.7834      1.055         1.029         1.085         1.087        -0.31         -0.329         17.4          49.5          126.1         15.3          227.7         36.4          1.00386       0.9833        1.01284      -0.0023        0.01781       0.03454 
16TR007V1      200          F1             397.3903      1.052         1.038         1.092         1.092        -0.147        -0.169         21.1          49.7          130.6         15.8          232.5         35.9          1.00487       0.98276       1.01236      -0.00436       0.02288       0.03422 
16TR007W2      200          F1             456.47        1.046         1.022         1.07          1.071        -0.352        -0.366         28.5          54.5          158.6         24.7          260.3         23.9          1.00327       0.97793       1.0188        0.00356       0.01821       0.02049 
16TR007X1      200          F1             344.2148      1.053         1.014         1.067         1.071        -0.584        -0.595         20.8          44.8          123.9         12.9          225.9         42.4          1.00648       0.98662       1.0069        0.00508       0.01395       0.02893 
16TR007Y1      200          F1             266.0067      1.056         1.022         1.079         1.081        -0.438        -0.453         28.7          39.6          144.1         27.4          258.1         38.2          1.01324       0.98378       1.00298       0.01126       0.02295       0.0259 
16TR007Z1      200          F1             399.619       1.052         1.025         1.078         1.08         -0.339        -0.355         13.2          48.3          127.6         20.2          232.3         34.6          1.00632       0.98192       1.01176      -0.00296       0.01478       0.03168 
16TR009A2      423          F1             170.9781      1.05          1.037         1.089         1.089        -0.153        -0.173         26.7          46.5          128.4         10.9          228.2         41.5          1.00525       0.98885       1.0059       -0.00031       0.02424       0.03396 
16TR009B3      423          F1             254.6012      1.04          1.021         1.061         1.062        -0.309        -0.322         22.2          54.1          159           27.8          260.5         20.8          1.00471       0.97839       1.0169        0.00187       0.01369       0.0184 
16TR009C2      423          F1             206.0834      1.036         1.017         1.054         1.055        -0.353        -0.365         17.7          50.5          153.6         30.6          257.7         22.4          1.00614       0.98122       1.01264       0.00121       0.01115       0.01812 
16TR009D1      423          F1             216.2274      1.049         1.033         1.083         1.084        -0.191        -0.21          21.3          38.1          121.8         13            227.1         48.9          1.01407       0.99103       0.99491       0.00334       0.02001       0.03256 
16TR009E1      423          F1             258.7574      1.047         1.038         1.087         1.087        -0.102        -0.123         10            38.9          106.9         8.4           207           49.8          1.01195       0.99432       0.99372      -0.00129       0.01212       0.03851 
16TR009F1      423          F1             266.7867      1.039         1.024         1.064         1.064        -0.244        -0.259         24.5          53.3          160.1         28            262.2         21.6          1.00582       0.97756       1.01663       0.00259       0.01554       0.01807 
16TR009G1      423          F1             278.0473      1.049         1.029         1.079         1.08         -0.251        -0.269         16.4          46.7          122.3         14.5          224.7         39.7          1.00575       0.98678       1.00747      -0.00209       0.01649       0.03298 
16TR009H1      423          F1             227.4155      1.048         1.036         1.086         1.086        -0.131        -0.151         11.7          40.4          111.7         11.5          214.4         47.3          1.01124       0.99186       0.9969       -0.00202       0.01457       0.03722 
16TR009I1      423          F1             166.8785      1.056         1.022         1.08          1.082        -0.419        -0.435         14            46            116           11.3          216.3         41.8          1.00608       0.98618       1.00774       0.00051       0.01309       0.03549 
16TR009J3      423          F1             254.9709      1.045         1.037         1.084         1.084        -0.101        -0.121         12.1          43.4          113.1         11.4          214.4         44.3          1.00717       0.99204       1.0008       -0.00355       0.01469       0.03658 
16TR009K1      423          F1             228.9597      1.049         1.031         1.082         1.083        -0.225        -0.244         8             45.9          107.9         9.5           206.7         42.6          1.00402       0.99078       1.0052       -0.00323       0.01009       0.03756 
16TR009L3      423          F1             236.083       1.048         1.02          1.069         1.071        -0.405        -0.419         18.4          50.8          126.8         14.4          227.3         35.5          1.00179       0.98551       1.01269      -0.00075       0.01415       0.02842 
16TR009M1      423          F1             223.6192      1.044         1.027         1.072         1.073        -0.232        -0.248         15.8          45.3          116           10            215.5         43            1.00491       0.9911        1.00399      -0.00097       0.01352       0.03163 
16TR009N1      423          F1             229.0998      1.048         1.037         1.087         1.087        -0.129        -0.149         13.6          47.2          109.6         5.6           204.7         42.2          1.00068       0.99366       1.00566      -0.00236       0.013         0.0393 
16TR011A1      200          F1             322.8705      1.042         1.022         1.065         1.066        -0.317        -0.331         26.6          45.3          142.2         23.1          250           35.7          1.00804       0.98483       1.00713       0.00385       0.0189        0.0223 
16TR011B1      200          F1             307.0331      1.046         1.016         1.062         1.065        -0.49         -0.502         22.8          51.8          136.6         17.6          238.3         32.6          1.00166       0.98467       1.01367       0.00142       0.01447       0.02409 
16TR011C1      200          F1             250.4653      1.039         1.02          1.06          1.061        -0.307        -0.321         21.7          49.5          134.7         18.5          238           34.6          1.00404       0.98629       1.00967      -0.00045       0.01493       0.02263 
16TR011D1      200          F1             256.7817      1.043         1.009         1.053         1.056        -0.643        -0.65          9.6           44.1          155.3         40.4          261.3         17.9          1.00993       0.98149       1.00858       0.00236       0.00613       0.02133 
16TR011E1      200          F1             305.7031      1.037         1.02          1.058         1.059        -0.287        -0.3           17.1          46.1          132.2         22.2          239.2         35.5          1.00708       0.98614       1.00678      -0.00082       0.01348       0.02245 
16TR011F1      200          F1             292.6252      1.043         1.016         1.059         1.061        -0.45         -0.461         18.7          46.9          132.5         20.7          238.4         35.8          1.00601       0.98572       1.00827       0.00142       0.01303       0.02382 
16TR011G2      200          F1             297.3352      1.042         1.021         1.064         1.065        -0.333        -0.347         25.5          52.2          136           15.2          236.4         33.6          1.00129       0.98598       1.01272      -0.00038       0.01649       0.02343 
16TR011H1      200          F1             291.4634      1.047         1.013         1.061         1.064        -0.563        -0.573         22            47.5          132.9         18.2          237.1         36.9          1.00465       0.98585       1.00951       0.00372       0.01388       0.02501 
16TR011I1      200          F1             285.7559      1.04          1.019         1.06          1.062        -0.346        -0.359         18.9          48.7          133.1         19.7          237.3         34.5          1.0048        0.98573       1.00947      -0.00047       0.01384       0.02349 
16TR011J1      200          F1             274.8025      1.045         1.007         1.052         1.057        -0.737        -0.743         19.9          53.7          124.3         10.4          221.5         34.3          0.9986        0.98717       1.01423       0.00276       0.00927       0.02228 
16TR011K1      200          F1             194.9382      1.044         1.017         1.062         1.064        -0.434        -0.446         29.9          61.3          144.9         13            241.1         25.1          0.99542       0.98308       1.0215       -0.00144       0.01475       0.019 
16TR013A2      200          F1             533.6473      1.049         1.009         1.058         1.063        -0.679        -0.687         191.1         29            62            48.7          297.2         26.6          1.02095       0.98263       0.99642       0.00986      -0.00074      -0.02167 
16TR013B2      200          F1             544.9868      1.046         1.005         1.051         1.056        -0.804        -0.809         11.6          30.9          210.7         57.7          106.8         8.7           1.01799       0.98369       0.99832       0.00777       0.00328       0.01957 
16TR013C1      200          F1             464.0176      1.05          1.004         1.055         1.061        -0.85         -0.853         10            28.9          253.5         39            125.1         37.5          1.02079       0.98429       0.99492       0.00767       0.0021        0.02174 
16TR013D1      200          F1             513.9899      1.045         1.009         1.054         1.058        -0.664        -0.671         8.7           30.5          178.4         59.1          276           4.5           1.02006       0.98046       0.99948       0.00579       0.00359       0.01895 
16TR013E2      200          F1             574.599       1.058         1.009         1.068         1.074        -0.738        -0.745         16.5          26.4          277.6         17.2          158.3         57.7          1.02396       0.98701       0.98903       0.01335       0.00509       0.02548 
16TR013F1      200          F1             547.6318      1.064         1.007         1.071         1.079        -0.81         -0.816         18.3          30.9          135.4         37.3          261           37.4          1.02275       0.98182       0.99542       0.01311       0.01169       0.02674 
16TR013H1      200          F1             565.7902      1.053         1.003         1.056         1.063        -0.901        -0.904         16.8          31.1          123.4         25.3          245           47.9          1.01835       0.9857        0.99595       0.01016       0.00788       0.02267 
16TR013I1      200          F1             551.0544      1.06          1.011         1.072         1.077        -0.683        -0.692         16.2          29.4          247.9         47.8          123.1         27.4          1.02264       0.9815        0.99586       0.01585       0.00336       0.02656 
16TR013J1      200          F1             525.6243      1.06          1.013         1.073         1.078        -0.63         -0.641         19.9          28.3          244.3         53            122.3         21.8          1.02178       0.98211       0.99611       0.01955       0.00458       0.02534 
16TR013K1      200          F1             639.4672      1.049         1.023         1.074         1.075        -0.347        -0.363         16.9          33.4          212.4         55.6          111.7         7.2           1.01932       0.97493       1.00576       0.01709       0.00385       0.02242 
16TR013L1      200          F1             555.7883      1.036         1.031         1.069         1.069        -0.069        -0.085         26.3          36.6          176.3         49.4          284.8         15.1          1.01493       0.97624       1.00882       0.01621       0.01505       0.01349 
16TR013M2      200          F1             401.9494      1.052         1.001         1.053         1.061        -0.979        -0.98          14.9          30            198.5         60            105.8         1.6           1.0191        0.98505       0.99585       0.00972       0.0057        0.02155 
16TR015A1      200          F1             381.6304      1.043         1.006         1.049         1.054        -0.758        -0.763         11.2          28.3          261.9         31.6          133.8         45            1.01809       0.9875        0.99442       0.00771       0.00139       0.01937 
16TR015B1      200          F1             312.9388      1.04          1.013         1.053         1.056        -0.502        -0.512         14.5          26.6          275.6         17.2          156.4         57.6          1.01764       0.99246       0.98989       0.00902       0.00165       0.02061 
16TR015C1      200          F1             372.9231      1.039         1.008         1.048         1.051        -0.664        -0.67          18.8          33.9          263.6         32.3          142.3         39.3          1.01074       0.99063       0.99863       0.01042       0.00351       0.0201 
16TR015D2      200          F1             346.5025      1.051         1.005         1.056         1.062        -0.825        -0.83          9.2           24.8          236.4         55.7          110           22            1.02442       0.98249       0.99309       0.00778       0.00153       0.01929 
16TR015E1      200          F1             403.7336      1.044         1.003         1.047         1.053        -0.862        -0.865         28.2          28.4          132.6         24.6          256.8         50.8          1.01257       0.99292       0.99451       0.01371       0.01009       0.01634 
16TR015F2      200          F1             371.1017      1.043         1.005         1.047         1.052        -0.797        -0.801         10.5          28.4          259.2         33.9          130.6         42.8          1.01793       0.98718       0.99489       0.00708       0.00146       0.0188 
16TR015G1      200          F1             297.7034      1.05          1.003         1.053         1.06         -0.899        -0.902         7.2           26.9          124.2         41.8          255.3         36.3          1.0229        0.9835        0.99361       0.00448       0.00367       0.02002 
16TR015H1      200          F1             357.76        1.046         1.009         1.055         1.059        -0.674        -0.681         15.6          27.6          259.7         39.9          129.4         37.7          1.01867       0.98709       0.99424       0.01186       0.00178       0.0206 
16TR015I2      200          F1             416.3315      1.034         1.005         1.039         1.042        -0.721        -0.726         10.2          24            100.6         1             192.8         66            1.01676       0.99149       0.99174       0.00464       0.00262       0.01407 
16TR015J2      200          F1             391.5921      1.048         1.012         1.06          1.064        -0.607        -0.617         9.4           23.6          273           14.3          154.4         61.9          1.02481       0.98847       0.98672       0.00745       0.00083       0.02151 
16TR015K1      200          F1             376.4917      1.045         1.013         1.059         1.062        -0.547        -0.557         14.6          28.5          258.3         39.2          129.3         37.7          1.01854       0.98672       0.99474       0.01234      -0.00005       0.0221 
16TR017A1      423          F1             226.9814      1.012         1.047         1.059         1.063         0.598         0.589         173.8         30.3          57.4          37.2          291           38            1.01629       0.98674       0.99697       0.0085        0.02117      -0.01302 
16TR017B1      423          F1             236.508       1.015         1.044         1.06          1.062         0.491         0.48          182.2         36.3          40            47            287.4         19.7          1.01559       0.97475       1.00966       0.0112        0.01269      -0.01124 
16TR017C1      423          F1             281.9095      1.012         1.044         1.056         1.059         0.571         0.562         183.4         25.6          67.1          42.7          294.1         36.4          1.01518       0.98737       0.99745       0.01079       0.01818      -0.01289 
16TR017D1      423          F1             271.6447      1.015         1.029         1.045         1.046         0.311         0.301         181.8         28.5          61.2          43.1          292.9         33.5          1.0132        0.98758       0.99922       0.00747       0.01187      -0.01152 
16TR017E2      423          F1             274.876       1.013         1.033         1.046         1.047         0.433         0.424         181.3         29            62.1          41.3          294.1         34.9          1.01258       0.98851       0.99891       0.00821       0.01351      -0.01158 
16TR017F1      423          F1             338.7113      1.014         1.04          1.054         1.056         0.47          0.459         183.1         23            72.1          40            294.9         41.2          1.01626       0.99015       0.99358       0.00898       0.01704      -0.01316 
16TR017G1      423          F1             272.5365      1.012         1.032         1.044         1.046         0.472         0.463         181.3         28.6          56            46.7          289.2         29.4          1.01301       0.98531       1.00168       0.00765       0.01266      -0.00932 
16TR017H2      423          F1             260.7224      1.014         1.04          1.054         1.056         0.483         0.473         179.4         30.5          60.4          39.5          294.3         35.6          1.01422       0.98705       0.99873       0.00946       0.01673      -0.01356 
16TR017I2      423          F1             307.7256      1.012         1.031         1.044         1.045         0.421         0.413         179.7         34.8          46.1          44.8          288.6         24.9          1.01181       0.98358       1.00461       0.00746       0.01096      -0.00956 
16TR017J1      423          F1             319.3965      1.02          1.061         1.082         1.086         0.501         0.486         161.9         50.8          39.8          23.4          295.7         29.4          1.01167       0.97755       1.01078       0.01492       0.02556      -0.02023 
16TR017K1      423          F1             200.1908      1.029         1.043         1.073         1.073         0.197         0.18          168.9         41.3          53.6          26            301.6         37.6          1.01271       0.986         1.00128       0.0085        0.01975      -0.02442 
16TR017L1      423          F1             274.4337      1.021         1.062         1.084         1.087         0.49          0.474         171.3         42.9          51.1          28.5          299.8         33.8          1.01364       0.98227       1.00409       0.01588       0.02526      -0.02395 
16TR017M1      423          F1             160.7888      1.019         1.015         1.034         1.034        -0.136        -0.144         155.3         56.9          3.5           29.9          265.9         12.9          1.00304       0.98589       1.01107      -0.00313       0.00675      -0.00772 
16TR017N2      423          F1             276.0329      1.008         1.017         1.025         1.025         0.371         0.365         193.8         14.9          88.8          44.1          297.7         42.1          1.00778       0.9962        0.99601       0.00541       0.00685      -0.00568 
16TR019A1      200          F1             457.6713      1.012         1.03          1.042         1.043         0.429         0.421         350.8         5.9           232           78            81.9          10.5          1.01669       0.97838       1.00493      -0.00579      -0.00536       0.00046 
16TR019J1      200          F1             451.8284      1.022         1.039         1.062         1.062         0.275         0.261         25.9          12.8          276.9         55.2          124           31.7          1.01364       0.99049       0.99587       0.02088      -0.01187       0.01369 
16TR027A1      200          F1             532.627       1.035         1.031         1.067         1.067        -0.067        -0.083         193.8         20.4          71.6          55.1          294.7         27            1.02321       0.98045       0.99634       0.01617       0.00821      -0.01622 
16TR027C1      200          F1             516.0582      1.018         1.052         1.072         1.074         0.472         0.458         185.6         13.2          80.8          47.3          286.8         39.7          1.02551       0.98345       0.99103       0.00992       0.02318      -0.01125 
16TR027D2      200          F1             414.269       1.028         1.026         1.055         1.055        -0.033        -0.046         211.3         10.4          7.8           78.6          120.4         4.4           1.01252       0.98753       0.99994       0.02323      -0.00431      -0.00329 
16TR027E1      200          F1             529.4788      1.033         1.03          1.065         1.065        -0.047        -0.063         211.2         2.6           115.8         64.3          302.5         25.6          1.0161        0.99061       0.99329       0.02559       0.00886      -0.00746 
16TR027F1      200          F1             562.2552      1.024         1.037         1.062         1.062         0.196         0.181         188.4         10.1          93.6          25            298.7         62.8          1.02517       0.99842       0.97641       0.00654       0.01201      -0.01109 
16TR027G1      200          F1             430.3706      1.05          1.026         1.078         1.079        -0.305        -0.322         280.9         47.8          44.8          26.8          151.7         29.8          0.97796       1.0092        1.01284       0.00381      -0.02939       0.01433 
16TR027H1      200          F1             543.7018      1.039         1.035         1.075         1.075        -0.057        -0.075         171.7         24.3          67.3          28.8          295.2         50.7          1.02723       0.98791       0.98486       0.00057       0.01688      -0.02133 
16TR027I1      200          F1             595.2067      1.045         1.027         1.074         1.075        -0.248        -0.265         184.2         29.1          69.7          36.7          301.7         39.6          1.02367       0.98261       0.99372       0.00952       0.00956      -0.02594 
16TR027J1      200          F1             609.871       1.027         1.028         1.056         1.056         0.019         0.006         158.3         26.5          46            37.3          274.2         41.2          1.01859       0.98773       0.99368      -0.00626       0.01738      -0.01094 
16TR027K2      200          F1             594.4705      1.044         1.032         1.077         1.078        -0.154        -0.173         163.9         28            39.6          46.7          271.8         30            1.02721       0.97516       0.99763      -0.00834       0.01838      -0.01786 
16TR029A2      200          F1             477.927       1.028         1.073         1.103         1.107         0.436         0.416         178.4         38.1          43.5          42            289.3         24.5          1.02487       0.96259       1.01254       0.01739       0.02495      -0.02243 
16TR029B2      200          F1             478.7894      1.027         1.087         1.117         1.122         0.516         0.496         186.5         27.3          59.8          49.2          292.2         27.7          1.03042       0.96342       1.00616       0.02494       0.02994      -0.02394 
16TR029C1      200          F1             410.1853      1.026         1.091         1.12          1.126         0.543         0.522         181.9         27.4          60.8          44.9          291.3         32.6          1.0326        0.9669        1.0005        0.0212        0.0357       -0.02497 
16TR029D2      200          F1             458.4951      1.027         1.087         1.116         1.121         0.518         0.497         184.4         21.3          71.5          44.9          291.7         37.4          1.03447       0.97398       0.99155       0.01934       0.03566      -0.02363 
16TR029E1      200          F1             647.1653      1.027         1.094         1.123         1.13          0.545         0.524         197.8         16.9          3.4           72.6          106.6         4.1           1.0357        0.94235       1.02196       0.03116      -0.00831      -0.00546 
16TR029F2      200          F1             473.5585      1.024         1.086         1.112         1.117         0.556         0.538         177.3         34.6          49.9          41.3          290.2         29.4          1.02781       0.96504       1.00715       0.01901       0.03286      -0.02318 
16TR029G2      200          F1             480.3783      1.033         1.09          1.126         1.131         0.448         0.424         178.1         28.1          61.3          40.2          291.8         37            1.03559       0.97052       0.99389       0.01761       0.03785      -0.02908 
16TR029H1      200          F1             477.326       1.028         1.094         1.124         1.13          0.529         0.508         180.4         25.1          65.4          42.1          291.4         37.5          1.0357        0.97198       0.99231       0.01883       0.03924      -0.02636 
16TR029I1      200          F1             451.131       1.014         1.102         1.118         1.129         0.746         0.733         185.9         24            68            46.4          293.3         33.8          1.02863       0.97157       0.9998        0.02507       0.0398       -0.02277 
16TR029J1      200          F1             502.5773      1.018         1.095         1.115         1.124         0.67          0.655         186.8         22.5          67.3          49.9          291.4         31.2          1.03043       0.96721       1.00236       0.02395       0.03589      -0.02086 
16TR029K1      200          F1             440.137       1.038         1.071         1.112         1.114         0.294         0.27          193.4         12.7          88.2          49.4          293.5         37.8          1.03762       0.97622       0.98616       0.02364       0.0279       -0.02106 
16TR029L1      200          F1             461.2681      1.032         1.076         1.11          1.113         0.392         0.37          186.8         21.7          66.1          52            289.8         29.5          1.0345        0.96541       1.0001        0.02049       0.02736      -0.0215 
16TR029M1      200          F1             487.1931      1.027         1.092         1.121         1.127         0.54          0.52          190.5         19.6          75.6          49.8          294.1         33.5          1.0328        0.9707        0.9965        0.02645       0.03438      -0.02446 
16TR031A1      200          F1             243.8067      1.032         1.025         1.059         1.059        -0.115        -0.129         17            3.7           107.8         12.2          270.5         77.3          1.02684       0.99907       0.97408       0.00895       0.00593       0.00192 
16TR031B1      200          F1             332.8819      1.031         1.023         1.054         1.054        -0.146        -0.159         14.4          3.9           105.8         19.7          273.5         69.9          1.02567       0.99649       0.97785       0.00744       0.00764       0.00159 
16TR031C1      200          F1             348.6048      1.026         1.015         1.042         1.043        -0.256        -0.265         15.1          5.1           106.6         16.2          268           73            1.02054       0.99681       0.98265       0.0065        0.00486       0.0024 
16TR031D1      200          F1             287.9694      1.025         1.016         1.042         1.042        -0.211        -0.221         15            11.2          109.1         20            257.4         66.8          1.01947       0.99621       0.98432       0.00553       0.00692       0.00592 
16TR031E1      200          F1             297.5818      1.023         1.02          1.044         1.044        -0.066        -0.077         17.5          10.6          111.2         19.1          260           67.9          1.01928       0.99819       0.98253       0.00598       0.00812       0.00523 
16TR031F1      200          F1             299.7411      1.023         1.02          1.043         1.043        -0.078        -0.088         10.9          6.8           104           24.6          266.6         64.4          1.02043       0.99602       0.98355       0.00396       0.00794       0.00307 
16TR031G1      200          F1             333.9587      1.03          1.017         1.047         1.048        -0.262        -0.273         20.2          14.9          114.4         15.3          247.9         68.4          1.01977       0.9971        0.98313       0.00817       0.00791       0.00909 
16TR031H1      200          F1             343.2503      1.026         1.014         1.04          1.041        -0.294        -0.303         17.3          6.5           111.5         32.8          277.4         56.4          1.01922       0.99408       0.9867        0.00781       0.0072        0.00195 
16TR031I2      200          F1             298.1005      1.032         1.017         1.05          1.051        -0.312        -0.322         11.4          4.1           103.8         30.3          274.5         59.4          1.0255        0.99177       0.98272       0.00655       0.00766       0.00168 
16TR031J2      200          F1             313.3349      1.028         1.016         1.045         1.045        -0.262        -0.272         187.3         0.7           96.9          26.2          278.7         63.8          1.02339       0.99343       0.98318       0.00396       0.00621      -0.00128 
16TR031L1      200          F1             275.7062      1.027         1.02          1.048         1.048        -0.141        -0.152         8.5           7.3           101.9         25            263.4         63.9          1.02336       0.99444       0.9822        0.0034        0.00824       0.00423 
16TR031M2      200          F1             315.5282      1.023         1.021         1.044         1.044        -0.035        -0.046         186.5         0.2           96.4          23.9          277           66.1          1.02172       0.99628       0.98199       0.00298       0.00761      -0.00102 
16TR031N2      200          F1             341.6188      1.031         1.023         1.054         1.054        -0.144        -0.157         11.9          8.3           103.5         11.1          245.8         76            1.02567       0.99743       0.97691       0.00554       0.00567       0.00643 
16TR031P1      200          F1             287.8498      1.028         1.012         1.04          1.041        -0.386        -0.394         13.4          10            108.3         25.7          263.8         62.2          1.02009       0.99365       0.98625       0.00576       0.00602       0.00514 
16TR031Q2      200          F1             336.8764      1.029         1.019         1.049         1.049        -0.222        -0.233         11.6          8             104.2         18            258.7         70.1          1.02382       0.99544       0.98073       0.00526       0.00653       0.00511 
16TR031R2      200          F1             338.2308      1.024         1.024         1.048         1.048         0.005        -0.006         6.2           6             99.7          30.5          266.2         58.8          1.02313       0.9939        0.98297       0.0021        0.01065       0.00312 
16TR031S1      200          F1             303.5108      1.027         1.021         1.049         1.049        -0.113        -0.125         9.2           7.7           101.8         18.4          257.4         70            1.02356       0.99636       0.98008       0.00366       0.00712       0.00497 
16TR031T1      200          F1             289.2664      1.026         1.024         1.051         1.051        -0.036        -0.049         11            6.6           102.7         13.9          256.1         74.6          1.02371       0.99857       0.97772       0.0044        0.00641       0.00435 
16TR031U1      200          F1             343.8804      1.032         1.019         1.052         1.053        -0.247        -0.259         11.7          2.5           103           28.2          277           61.7          1.0263        0.99271       0.98099       0.00687       0.00813       0.00044 
16TR031V1      200          F1             333.698       1.035         1.019         1.055         1.055        -0.296        -0.308         18.4          6.8           111.1         21.7          271.9         67.1          1.02548       0.99516       0.97936       0.01038       0.0079        0.0037 
16TR031W1      200          F1             266.2172      1.023         1.023         1.046         1.046        -0.006        -0.017         8.5           4.8           100.6         23.8          267.8         65.7          1.02215       0.99647       0.98138       0.00322       0.00865       0.00221 
16TR031X1      200          F1             334.2799      1.025         1.018         1.043         1.043        -0.164        -0.174         7             5.4           99.5          24.3          265.3         65            1.02157       0.99487       0.98357       0.00272       0.00689       0.00284 
16TR031Y1      200          F1             357.3727      1.025         1.021         1.047         1.047        -0.083        -0.095         7.6           0.3           97.7          22.1          276.9         67.9          1.02322       0.99608       0.9807        0.00366       0.00722      -0.00073 
16TR031Z1      200          F1             298.7928      1.033         1.024         1.058         1.059        -0.147        -0.161         174.5         8.2           82.7          12.5          296.8         75            1.02863       0.99597       0.9754       -0.00243       0.00576      -0.00729 
16TR033A2      200          F1             343.5384      1.034         1.032         1.067         1.067        -0.034        -0.051         5.4           2.8           95.9          10            259.9         79.6          1.0326        0.99823       0.96917       0.00302       0.00556       0.00263 
16TR033B1      200          F1             367.8722      1.029         1.026         1.056         1.056        -0.045        -0.059         11.4          4.9           102.3         10.4          256.6         78.5          1.02645       0.99908       0.97448       0.00533       0.00538       0.00357 
16TR033C1      200          F1             364.3634      1.033         1.029         1.063         1.063        -0.052        -0.067         12.7          11.5          104.6         9.6           233.7         74.9          1.02766       0.99889       0.97345       0.00576       0.00713       0.01039 
16TR033D1      200          F1             350.799       1.033         1.028         1.062         1.062        -0.077        -0.092         3.2           18.6          97.2          11.7          217.7         67.8          1.02519       0.99677       0.97804      -0.00025       0.00642       0.01752 
16TR033E2      200          F1             365.1487      1.034         1.025         1.06          1.06         -0.143        -0.157         145.7         85.5          285.8         3.5           16            2.9           0.97433       0.99512       1.03055      -0.00663       0.00116      -0.00341 
16TR033F1      200          F1             365.2779      1.033         1.022         1.055         1.056        -0.198        -0.211         12.8          6.3           104.6         16.2          262.2         72.6          1.02689       0.99591       0.9772        0.00671       0.00681       0.0043 
16TR033G1      200          F1             342.4538      1.032         1.024         1.056         1.057        -0.139        -0.153         13.6          8.5           106           15.7          256.1         72            1.02636       0.99682       0.97682       0.00656       0.00773       0.00615 
16TR033H1      200          F1             338.6871      1.03          1.023         1.054         1.054        -0.12         -0.133         189.3         6.5           96.6          22            294.8         66.9          1.02563       0.99556       0.97881       0.00601       0.00691      -0.00676 
16TR033I1      200          F1             335.1962      1.031         1.02          1.052         1.053        -0.211        -0.223         9.8           4.7           101.8         23.3          269           66.2          1.02626       0.99387       0.97987       0.00511       0.00774       0.00264 
16TR033J2      200          F1             346.1505      1.031         1.022         1.053         1.054        -0.154        -0.166         9.6           2.7           100.5         17.1          270.8         72.7          1.02661       0.99603       0.97736       0.00503       0.00641       0.00135 
16TR033K2      200          F1             324.6385      1.027         1.024         1.052         1.052        -0.063        -0.076         12.9          6.3           105.2         19.5          265.8         69.4          1.02419       0.99719       0.97862       0.00564       0.00833       0.00345 
16TR033L1      200          F1             330.3849      1.037         1.017         1.055         1.056        -0.366        -0.378         10.2          9.2           103.1         17.1          253           70.5          1.02804       0.99265       0.97931       0.00578       0.00609       0.00731 
16TR033M1      200          F1             360.5179      1.031         1.016         1.048         1.048        -0.299        -0.31          17.2          2.4           108.3         24.3          281.9         65.6          1.02289       0.99523       0.98188       0.00919       0.00631      -0.00002 
16TR033N1      200          F1             350.2667      1.033         1.017         1.05          1.051        -0.326        -0.337         16.8          8.4           109.1         15.2          258.7         72.6          1.02391       0.99576       0.98034       0.00862       0.00595       0.00546 
16TR033P1      200          F1             350.4397      1.03          1.02          1.051         1.051        -0.185        -0.196         18.7          14            114.8         22.8          259.6         62.8          1.02161       0.99561       0.98278       0.00773       0.01018       0.00806 
16TR033Q1      200          F1             344.7869      1.031         1.018         1.05          1.051        -0.261        -0.273         16.9          12.9          112.3         22.4          259.2         63.8          1.02262       0.99469       0.98268       0.00763       0.00892       0.00782 
16TR033R1      200          F1             288.6482      1.028         1.02          1.049         1.05         -0.163        -0.174         16.7          7.1           109.3         19.8          268           68.9          1.02281       0.99692       0.98027       0.00761       0.0077        0.00355 
16TR033S1      200          F1             300.4291      1.028         1.021         1.05          1.05         -0.135        -0.147         193.9         0.6           103.6         26.3          285.1         63.6          1.02372       0.9954        0.98089       0.00757       0.00792      -0.00246 
16TR033V2      200          F1             328.507       1.03          1.016         1.047         1.048        -0.303        -0.314         15.1          5.3           107.8         26.7          274.7         62.7          1.02315       0.9939        0.98295       0.00782       0.00715       0.00216 
16TR033W1      200          F1             193.3599      1.03          1.014         1.044         1.045        -0.378        -0.388         17.1          13.3          115.1         30.3          266.3         56.3          1.02047       0.99277       0.98677       0.00777       0.00813       0.00687 
16TR033X1      200          F1             324.3738      1.03          1.02          1.051         1.051        -0.208        -0.22          9.3           1.7           100.2         28.4          276.1         61.6          1.02562       0.99285       0.98153       0.00527       0.00816       0.00003 
16TR033Y1      200          F1             346.9179      1.034         1.011         1.045         1.047        -0.502        -0.51          192.6         3.2           101.7         15.6          293.8         74.1          1.02418       0.99334       0.98248       0.00742       0.00222      -0.00296 
16TR033Z1      200          F1             348.0374      1.031         1.014         1.045         1.046        -0.377        -0.387         15.7          4.8           108.2         27.5          276.6         62.1          1.02235       0.99362       0.98402       0.00822       0.00623       0.0018 
16TR037A2      200          F1             374.5854      1.026         1.034         1.061         1.061         0.142         0.127         13.1          1.9           103.7         18.6          277.6         71.3          1.02687       1.00045       0.97268       0.00612       0.01023      -0.00051 
16TR037B1      200          F1             362.6953      1.023         1.023         1.046         1.046        -0.009        -0.021         12.8          11.2          112.7         40.9          270.6         46.9          1.02068       0.9905        0.98882       0.00486       0.01194       0.00416 
16TR037C1      200          F1             301.7966      1.017         1.02          1.037         1.037         0.082         0.073         195.8         3.2           101.4         54.8          288.1         35            1.0151        0.99036       0.99453       0.00823       0.00842      -0.00372 
16TR037D1      200          F1             387.9841      1.029         1.04          1.07          1.071         0.149         0.133         195.6         1.3           105           23.5          288.7         66.4          1.02962       0.99961       0.97076       0.00949       0.01316      -0.00517 
16TR037E1      200          F1             303.5872      1.012         1.021         1.034         1.034         0.27          0.262         15.5          8.8           131.7         70.7          282.8         17            1.0131        0.9855        1.0014        0.00723       0.00622       0.00048 
16TR037F1      200          F1             344.6207      1.015         1.017         1.032         1.032         0.054         0.047         20.3          5.3           133           76.4          289.1         12.4          1.01176       0.98838       0.99986       0.00956       0.00371       0.00017 
16TR037G1      200          F1             221.2617      1.02          1.011         1.031         1.031        -0.286        -0.294         9.3           3.2           106.1         64.6          277.8         25.2          1.01607       0.98882       0.99511       0.00435       0.0043        0.00052 
16TR037H2      200          F1             299.385       1.028         1.015         1.043         1.044        -0.285        -0.295         187           0.4           96.7          36.1          277.4         53.9          1.0229        0.99108       0.98601       0.00398       0.00707      -0.00109 
16TR037I1      200          F1             391.6025      1.026         1.025         1.051         1.051        -0.028        -0.04          16.9          7.6           111.6         31.8          274.9         57.1          1.02268       0.99444       0.98287       0.00771       0.01191       0.00234 
16TR037J1      200          F1             355.2136      1.036         1.037         1.075         1.075         0.012        -0.006         194.4         0.2           104.4         14.2          285.1         75.8          1.03361       1.0001        0.96629       0.00926       0.00819      -0.00231 
16TR037K1      200          F1             307.9388      1.026         1.023         1.05          1.05         -0.061        -0.073         20.6          3.2           112.3         28.1          284.7         61.7          1.02152       0.99727       0.9812        0.00993       0.00971      -0.00105 
16TR037L1      200          F1             284.9366      1.03          1.045         1.077         1.077         0.206         0.188         13.5          1.9           104.2         21.1          278.7         68.8          1.03267       1.00066       0.96666       0.00762       0.01476      -0.00128 
16TR037M1      200          F1             290.5344      1.018         1.01          1.028         1.029        -0.28         -0.287         8.8           19.1          119.7         45.9          263.1         37.9          1.01286       0.99162       0.99551       0.00168       0.00563       0.00606 
16TR037N1      200          F1             329.3223      1.027         1.025         1.052         1.052        -0.034        -0.047         193.6         1.6           102.6         30.9          286.3         59            1.02391       0.99474       0.98135       0.00781       0.01012      -0.00375 
16TR037P1      200          F1             354.1118      1.03          1.03          1.061         1.061        -0.003        -0.018         11.5          8.2           104.6         20.7          261.2         67.6          1.02811       0.99667       0.97522       0.00518       0.01106       0.00576 
16TR037Q1      200          F1             319.9401      1.037         1.047         1.086         1.086         0.12          0.1           11.8          0.7           101.9         11.9          278.7         78.1          1.03824       1.0024        0.95936       0.00771       0.00916      -0.00097 
16TR037R1      200          F1             313.1799      1.04          1.043         1.085         1.085         0.027         0.006         11            2.5           101.4         9.3           266.1         80.4          1.03905       1.0005        0.96045       0.00748       0.00708       0.0022 
16TR037S2      200          F1             244.8962      1.023         1.018         1.042         1.042        -0.112        -0.122         9.3           4.9           101           19.2          265.5         70.1          1.0207        0.99683       0.98246       0.00349       0.0061        0.0024 
16TR037T1      200          F1             330.6373      1.035         1.041         1.077         1.077         0.076         0.058         15.7          2.1           107.1         33.2          282.4         56.7          1.0331        0.99273       0.97417       0.01154       0.01786      -0.00262 
16TR037U1      200          F1             336.444       1.024         1.02          1.044         1.044        -0.108        -0.118         9.8           5.3           104.1         38.6          273.3         50.9          1.02164       0.99139       0.98697       0.00449       0.00974       0.00166 
16TR037W1      200          F1             326.9067      1.028         1.015         1.044         1.044        -0.29         -0.3           16.2          8.2           111.2         30.9          273           57.8          1.02081       0.99361       0.98559       0.00752       0.00785       0.00342 
16TR037X1      200          F1             292.5644      1.039         1.042         1.082         1.082         0.035         0.016         22            5.3           114.2         23.2          280           66.2          1.03325       0.99946       0.9673        0.01444       0.01588       0.00072 
16TR037Y1      200          F1             268.5806      1.035         1.033         1.069         1.069        -0.018        -0.034         16            3.7           107.1         17.5          274.3         72.1          1.03111       0.9988        0.97009       0.00935       0.01006       0.00144 
16TR037Z1      200          F1             316.7668      1.029         1.037         1.066         1.067         0.117         0.102         21.1          2.4           111.8         15.6          282.5         74.2          1.02709       1.00339       0.96952       0.01022       0.00949      -0.00088 
16TR039B1      423          F1             93.59103      1.044         1.037         1.083         1.083        -0.082        -0.101         13.1          7.8           105.7         17.8          260.3         70.5          1.03799       0.99565       0.96636       0.00886       0.01246       0.00767 
16TR039C1      423          F1             176.5779      1.031         1.015         1.046         1.047        -0.346        -0.355         11.3          13.9          110.8         33.6          262.3         52.8          1.0221        0.99063       0.98728       0.00481       0.00828       0.00789 
16TR039D1      423          F1             168.1666      1.039         1.045         1.086         1.086         0.066         0.045         9.5           8.3           100.8         8.7           236.5         77.9          1.03825       1.00098       0.96077       0.00544       0.0083        0.01043 
16TR039E2      423          F1             254.705       1.034         1.039         1.075         1.075         0.064         0.046         4.3           3.3           274.2         1.6           158.6         86.4          1.03519       1.00128       0.96352       0.00261      -0.00073       0.0042 
16TR039F1      423          F1             188.5723      1.027         1.038         1.066         1.067         0.16          0.144         358.6         8.8           92.6          24.1          249.9         64.2          1.02908       0.99695       0.97397      -0.0029        0.01342       0.00909 
16TR039G2      423          F1             208.3198      1.028         1.022         1.05          1.05         -0.114        -0.126         6.2           7.2           99.1          22.1          259           66.7          1.02458       0.99503       0.98039       0.00226       0.008         0.0049 
16TR039H2      423          F1             237.6244      1.034         1.049         1.085         1.085         0.179         0.159         8.5           8.2           100.9         16.3          252.7         71.7          1.03651       1.00079       0.96271       0.00355       0.01407       0.00893 
16TR039I1      423          F1             219.1035      1.03          1.037         1.068         1.068         0.099         0.083         3.6           2.6           94.6          21.6          267.1         68.3          1.03163       0.99707       0.9713        0.00161       0.01225       0.00196 
16TR039J1      423          F1             161.534       1.039         1.028         1.067         1.068        -0.167        -0.183         11.8          10.1          104.7         15.8          250.5         71.2          1.03154       0.99513       0.97333       0.00663       0.00904       0.00922 
16TR039K1      423          F1             175.9388      1.03          1.03          1.061         1.061         0.007        -0.008         12.9          9.6           106.7         21.7          260.5         66.1          1.02716       0.99662       0.97623       0.00549       0.01176       0.00654 
16TR039L2      423          F1             247.7191      1.029         1.03          1.061         1.061         0.016         0.002         8.9           1.7           99.7          25.5          275.3         64.4          1.02868       0.99527       0.97605       0.005         0.01159      -0.00017 
16TR039M1      423          F1             210.3965      1.025         1.029         1.055         1.055         0.074         0.061         6.1           5.4           99.1          28.5          266.3         60.9          1.02583       0.99465       0.97952       0.00224       0.01236       0.00313 
16TR039N1      423          F1             207.5178      1.032         1.021         1.054         1.054        -0.2          -0.213         8.3           3.4           99.4          18.1          267.9         71.5          1.02749       0.99482       0.97769       0.00446       0.00651       0.00211 
16TR039P1      423          F1             203.383       1.035         1.036         1.072         1.072         0.019         0.002         6             7.7           98.3          16.5          252           71.7          1.03325       0.99731       0.96944       0.00254       0.01033       0.00776 
16TR039Q1      423          F1             169.1236      1.036         1.047         1.085         1.085         0.128         0.108         32.8          42.4          133.8         11.9          236           45.1          1.0099        0.99329       0.99681      -0.0014        0.02851       0.02783 
16TR039R1      423          F1             208.7255      1.036         1.02          1.057         1.057        -0.268        -0.281         180.3         2.8           89.5          16.3          279.8         73.4          1.03013       0.99325       0.97662       0.00048       0.00535      -0.00266 
16TR039S1      423          F1             237.5079      1.035         1.042         1.078         1.078         0.085         0.066         6             2.5           96.6          14.4          266.3         75.4          1.03635       0.9995        0.96416       0.00347       0.00993       0.00215 
16TR039T1      423          F1             116.3441      1.036         1.045         1.083         1.083         0.113         0.094         6.8           4.1           98.3          19.5          265.5         70.1          1.03766       0.99797       0.96437       0.00382       0.01415       0.00359 
16TR039U1      423          F1             104.0065      1.027         1.039         1.067         1.068         0.173         0.158         6.7           4.7           99.5          30.9          268.9         58.7          1.03027       0.99363       0.9761        0.00296       0.01698       0.00255 
16TR039X1      423          F1             112.0582      1.033         1.041         1.075         1.075         0.113         0.095         5.4           7.9           98.7          22.5          257.2         66            1.03379       0.99635       0.96986       0.00157       0.01476       0.0077 
16TR041A1      423          F1             82.70865      1.027         1.018         1.045         1.045        -0.208        -0.218         188.2         7.5           93.7          31.1          290.2         57.8          1.02214       0.993         0.98486       0.00534       0.00682      -0.00613 
16TR041B1      423          F1             141.0553      1.022         1.009         1.031         1.032        -0.435        -0.441         18.7          3.1           110.5         30            283.3         59.8          1.01505       0.99572       0.98923       0.00712       0.00398       0.00028 
16TR041C2      423          F1             108.8765      1.025         1.013         1.038         1.039        -0.293        -0.301         280.4         11.7          149           72.6          13            12.7          0.98502       1.01841       0.99657      -0.00694      -0.00543      -0.00188 
16TR041D1      423          F1             92.50354      1.03          1.016         1.046         1.047        -0.29         -0.3           188.5         3.7           96.1          32.7          284.2         57.1          1.02395       0.99168       0.98437       0.00542       0.00675      -0.00366 
16TR041E1      423          F1             218.7214      1.024         1.01          1.034         1.035        -0.41         -0.417         188.2         2.6           96.7          30.5          282.7         59.4          1.01839       0.99343       0.98817       0.0039        0.00402      -0.00201 
16TR041F1      423          F1             236.8484      1.024         1.013         1.038         1.038        -0.285        -0.293         13.7          0.2           103.9         34.5          283.5         55.5          1.01885       0.99372       0.98742       0.00651       0.00599      -0.00136 
16TR041G1      423          F1             185.5366      1.028         1.008         1.036         1.038        -0.532        -0.538         188.4         5.6           96.2          22            291.8         67.2          1.02017       0.99307       0.98676       0.0044        0.00236      -0.00373 
16TR041I1      423          F1             203.9469      1.022         1.011         1.034         1.034        -0.32         -0.328         187.1         7.7           92.4          31.3          289.4         57.6          1.01742       0.99381       0.98876       0.00367       0.00443      -0.0046 
16TR041J1      423          F1             133.4647      1.022         1.013         1.036         1.036        -0.239        -0.248         186.2         7.6           91.4          32            288           56.9          1.01807       0.99376       0.98817       0.00349       0.00546      -0.00475 
16TR041K2      423          F1             191.2679      1.02          1.009         1.029         1.03         -0.384        -0.39          12.7          4.7           107.6         46            278.2         43.7          1.01521       0.99265       0.99214       0.00495       0.00474       0.00098 
16TR041L1      423          F1             112.9596      1.024         1.009         1.033         1.034        -0.464        -0.47          12.9          2.8           104.3         26.7          277.5         63.1          1.01764       0.99433       0.98803       0.00547       0.00373       0.00067 
16TR041M1      423          F1             208.7355      1.024         1.009         1.034         1.035        -0.464        -0.471         15.8          5.4           108           22.8          273.3         66.5          1.01714       0.9952        0.98766       0.0064        0.00382       0.00199 
16TR041N1      423          F1             222.454       1.028         1.014         1.042         1.043        -0.337        -0.346         187.7         5.7           95.2          23.9          290.2         65.4          1.02205       0.99365       0.98431       0.00443       0.00445      -0.00448 
16TR041P1      423          F1             104.9633      1.023         1.008         1.031         1.032        -0.457        -0.463         13.9          4.2           105           14.3          268           75.1          1.01646       0.99596       0.98757       0.00524       0.00247       0.00167 
16TR041R1      423          F1             173.6944      1.021         1.009         1.03          1.03         -0.393        -0.399         17.2          15.2          123.4         45.7          273.8         40.3          1.01351       0.99266       0.99383       0.00573       0.00588       0.00468 
16TR043A1      423          F1             91.69453      1.031         1.038         1.07          1.07          0.106         0.089         183.5         6.5           74.8          70.5          275.7         18.3          1.03183       0.9694        0.99876       0.00508       0.01068      -0.00452 
16TR043B1      423          F1             141.1064      1.026         1.028         1.055         1.055         0.027         0.014         184.4         6.4           92.9          13.3          299.6         75.1          1.02561       0.99906       0.97533       0.00274       0.0056       -0.00622 
16TR043C1      423          F1             98.99107      1.025         1.016         1.041         1.042        -0.22         -0.229         184.2         8.4           91.2          20            295.9         68.2          1.02076       0.99529       0.98395       0.00264       0.00458      -0.00593 
16TR043D1      423          F1             115.019       1.019         1.02          1.039         1.039         0.012         0.002         178.9         6.6           85.7          25.7          282.2         63.3          1.01887       0.99631       0.98482       0.00043       0.00763      -0.00384 
16TR043E       423          F1             159.3488      1.03          1.026         1.058         1.058        -0.072        -0.085         181           6.2           86.8          33.7          280.1         55.6          1.02817       0.9905        0.98133       0.00191       0.01169      -0.00536 
16TR043F1      423          F1             241.4051      1.028         1.023         1.052         1.052        -0.086        -0.098         180.2         4.4           87.7          30            277.8         59.6          1.02579       0.99264       0.98157       0.0009        0.00982      -0.00348 
16TR043H2      423          F1             142.0076      1.016         1.006         1.022         1.023        -0.47         -0.474         170.2         22.1          262           4.4           2.8           67.4          1.00918       0.99692       0.99389      -0.00236       0.00086      -0.0076 
16TR043I1      423          F1             99.03046      1.018         1.002         1.02          1.022        -0.766        -0.768         176           15.2          62.1          56.2          274.8         29.4          1.01119       0.99325       0.99556      -0.001         0.0013       -0.00451 
16TR043J1      423          F1             179.999       1.013         1.008         1.021         1.021        -0.237        -0.242         185.5         5.2           94.1          15.3          293.7         73.8          1.01073       0.99796       0.99131       0.00142       0.00179      -0.00197 
16TR044A1      200          F1             308.6669      1.035         1.008         1.043         1.046        -0.605        -0.611         3.1           8.4           94.8          11.2          237.2         75.9          1.02468       0.99107       0.98425       0.0016        0.00191       0.006 
16TR044B1      200          F1             421.6442      1.016         1.046         1.063         1.065         0.465         0.453         184.5         61.5          351.5         27.9          84.4          5.5           1.01252       0.96587       1.02161      -0.00395      -0.0047       -0.00736 
16TR044C1      200          F1             335.7144      1.039         1.02          1.06          1.061        -0.308        -0.321         173.6         4.5           264.5         11.6          62.9          77.5          1.03134       0.9935        0.97515      -0.00461      -0.00338      -0.00486 
16TR044C1      200          F1             388.6269      1.012         1.044         1.056         1.059         0.567         0.558         43.3          55.9          158.1         15.8          257.2         29.3          1.01052       0.98125       1.00822      -0.00508       0.02146       0.00806 
16TR044D1      200          F1             295.72        1.01          1.015         1.025         1.025         0.229         0.223         153.3         66            310.7         22.4          44.1          8.4           0.99552       0.99503       1.00946      -0.00798       0.00009      -0.00472 
16TR044E1      200          F1             359.0086      1.023         1.028         1.051         1.051         0.095         0.082         336.2         6.4           218.9         76.3          67.6          12.1          1.01661       0.98292       1.00047      -0.0175       -0.00615       0.00021 
16TR044G1      200          F1             405.0908      1.033         1.033         1.067         1.067        -0.007        -0.023         341.2         61.9          168.5         27.9          76.9          3             1.00448       0.9703        1.02522      -0.00921      -0.00605       0.01267 
16TR044H1      200          F1             213.9178      1.024         1.021         1.045         1.045        -0.074        -0.085         354.9         0             84.9          34.7          264.8         55.3          1.02237       0.99249       0.98514      -0.00271       0.00937       0.00086 
16TR044H1      200          F1             374.0542      1.023         1.031         1.055         1.055         0.159         0.146         123.3         69.9          263.4         15.7          356.9         12.2          0.9743        1.00438       1.02132       0.00037       0.0065       -0.01036 
16TR044I1      200          F1             226.8224      1.032         1.004         1.036         1.04         -0.779        -0.783         159           13.1          68.3          3.1           325.3         76.5          1.01677       0.99453       0.98871      -0.00996       0.003        -0.00724 
16TR044I1      200          F1             461.9553      1.02          1.029         1.05          1.05          0.194         0.182         48.7          6.2           153.3         66.8          316.2         22.2          0.9987        1.00224       0.99906       0.02201       0.00855      -0.00586 
16TR044J1      200          F1             234.1984      1.037         1.004         1.042         1.046        -0.785        -0.789         182.6         5.8           90            23.7          285.5         65.5          1.02566       0.98848       0.98586       0.00185       0.00142      -0.00418 
16TR044K1      200          F1             112.4258      1.031         1.009         1.04          1.042        -0.551        -0.558         178           3.8           80.4          63.5          269.8         26.1          1.0232        0.98569       0.99111      -0.0011        0.00352      -0.002 
16TR044L1      200          F1             168.6779      1.034         1.001         1.035         1.04         -0.951        -0.952         179.9         9.2           71.2          63.2          274.2         25            1.02193       0.98834       0.98973      -0.00003       0.00033      -0.00534 
16TR044M1      200          F1             194.7367      1.022         1.019         1.041         1.041        -0.068        -0.078         191           9.6           98.7          13.2          316           73.5          1.01854       0.999         0.98246       0.00472       0.00282      -0.00716 
16TR044N1      200          F1             198.6738      1.037         1.01          1.047         1.049        -0.578        -0.586         180.4         4.9           271.2         9.3           63.1          79.5          1.02713       0.99078       0.98209       0.00013      -0.00155      -0.00385 
16TR044P1      200          F1             169.4697      1.04          1.003         1.043         1.048        -0.862        -0.865         356           2.3           264.5         32.3          89.6          57.6          1.02692       0.98721       0.98587      -0.00277      -0.0014        0.00158 
