TR026 -Ba mag compass orientation (IGRF corrected)
   1156  94.3  71.0  23.9  30.7   1.0
NRM    037.2 -60.4 348.1 -53.7 4.64E-05 001.5 015.7  06.3 0.063260 0.070533 0.099057 hargrave 2017-10-13 15:45:35 
TT 100 034.0 -65.5 339.3 -55.1 4.78E-05 002.5 011.9  02.5 0.078770 0.184201 0.090705 hargrave 2017-10-15 14:44:22 
TT 200 041.2 -66.1 340.8 -57.9 4.87E-05 002.2 014.1  00.5 0.076566 0.166623 0.083770 hargrave 2017-10-16 10:33:30 
TT 300 046.4 -66.8 341.0 -60.1 4.94E-05 003.6 015.4 -01.3 0.109618 0.287415 0.086788 hargrave 2017-10-16 19:16:40 
TT 350 035.0 -70.7 331.1 -57.6 4.97E-05 002.7 009.7 -02.2 0.106775 0.210365 0.086724 hargrave 2017-10-17 16:19:54 
TT 400 061.7 -62.8 353.3 -65.2 5.02E-05 004.2 022.7 -03.2 0.108004 0.348789 0.094286 hargrave 2017-10-20 13:06:30 
TT 450 052.3 -69.4 336.7 -62.9 5.02E-05 004.7 015.2 -04.7 0.106417 0.394211 0.087873 hargrave 2017-10-22 16:39:49 
TT 475 047.8 -71.3 332.2 -61.7 5.00E-05 001.5 012.8 -05.0 0.085193 0.112084 0.063796 hargrave 2017-10-23 16:41:01 
TT 500 054.0 -69.8 336.1 -63.6 4.97E-05 001.2 015.4 -05.4 0.084542 0.063979 0.069894 hargrave 2017-10-24 14:52:25 
TT 525 052.5 -71.1 333.1 -63.2 4.91E-05 002.1 014.1 -06.0 0.077521 0.144518 0.104306 hargrave 2017-10-26 15:07:27 
TT 550 054.5 -71.0 333.3 -63.8 4.80E-05 005.1 014.5 -06.4 0.126426 0.412789 0.072948 hargrave 2017-10-27 11:53:26 
TT 555 058.0 -69.8 336.5 -64.9 4.75E-05 005.8 016.3 -06.4 0.136012 0.460984 0.098719 hargrave 2017-10-28 14:27:44 
TT 560 050.0 -72.7 329.4 -62.6 4.62E-05 003.5 012.4 -06.6 0.080803 0.246932 0.128008 hargrave 2017-10-31 19:13:07 
TT 565 053.2 -72.0 331.1 -63.5 4.59E-05 001.9 013.6 -06.7 0.083865 0.111603 0.105697 hargrave 2017-11-03 20:15:35 
TT 570 054.9 -71.7 331.7 -64.0 4.55E-05 003.3 014.1 -07.0 0.101690 0.233753 0.110223 hargrave 2017-11-05 19:41:14 
TT 575 044.0 -74.8 324.5 -61.2 4.55E-05 001.7 009.7 -07.1 0.088866 0.081809 0.108731 hargrave 2017-11-09 16:38:59 
TT 580 048.4 -73.8 326.8 -62.2 4.56E-05 002.9 011.3 -07.1 0.062505 0.135672 0.181307 hargrave 2017-11-14 12:12:20 
TT 600 050.3 -73.6 327.5 -62.7 4.53E-05 002.4 011.8 -07.3 0.075006 0.128624 0.140046 hargrave 2017-11-14 21:13:45 
TT 620 059.5 -71.6 332.2 -65.5 4.61E-05 007.3 015.2 -07.9 0.176770 0.568190 0.067811 hargrave 2017-11-17 20:28:01 
TT 630 051.7 -74.5 325.4 -63.2 4.66E-05 003.9 011.5 -08.2 0.107207 0.299307 0.069745 hargrave 2017-11-19 20:01:01 
TT 640 051.2 -75.1 324.1 -63.0 4.68E-05 002.7 010.9 -08.5 0.104061 0.209743 0.062950 hargrave 2017-11-21 19:05:21 
TT 645 053.6 -75.0 324.4 -63.6 4.69E-05 002.6 011.5 -08.9 0.105480 0.195359 0.063027 hargrave 2017-11-27 18:45:56 
TT 650 056.3 -74.5 325.4 -64.4 4.70E-05 003.2 012.3 -09.1 0.108429 0.248627 0.062926 hargrave 2017-11-28 17:08:00 
TT 655 055.2 -75.2 323.8 -64.0 4.79E-05 001.5 011.6 -09.3 0.062821 0.108771 0.061326 hargrave 2017-12-11 14:09:02 
TT 660 058.4 -74.6 324.9 -64.9 4.75E-05 002.9 012.6 -09.6 0.078995 0.237679 0.038047 hargrave 2017-12-12 13:49:10 
TT 665 057.8 -74.9 324.3 -64.7 4.70E-05 002.9 012.2 -09.7 0.075566 0.204640 0.107354 hargrave 2018-01-08 13:22:28 
TT 670 056.2 -76.4 321.1 -64.1 4.58E-05 001.6 010.9 -10.3 0.085890 0.092725 0.076837 hargrave 2018-01-10 16:27:12 
TT 672 062.7 -74.9 323.8 -66.0 4.53E-05 001.3 013.0 -10.7 0.085566 0.038408 0.082070 hargrave 2018-01-11 15:32:05 
TT 674 055.5 -76.7 320.4 -63.9 4.40E-05 001.4 010.5 -10.4 0.086516 0.066449 0.076089 hargrave 2018-01-12 16:40:36 
TT 676 061.1 -76.9 319.2 -65.1 3.97E-05 002.5 011.1 -11.5 0.051960 0.138214 0.095395 hargrave 2018-01-17 10:59:12 
TT 678 066.7 -77.6 316.8 -66.1 2.91E-05 003.0 011.3 -12.9 0.072689 0.140502 0.047606 hargrave 2018-01-22 13:46:26 
TT 680 082.4 -71.2 328.2 -72.6 1.70E-05 003.0 019.0 -14.2 0.038680 0.078989 0.027458 hargrave 2018-01-25 10:28:57 
TT 682 058.6 -77.3 318.8 -64.5 9.11E-06 005.8 010.5 -11.3 0.018213 0.090466 0.016014 hargrave 2018-01-31 09:29:44 
TT 684 133.5 -72.6 271.8 -74.6 3.18E-06 003.6 015.4 -29.3 0.008904 0.016164 0.009036 hargrave 2018-02-05 10:37:34 
TT 686 115.0 -17.3 115.4 -48.0 1.79E-06 005.2 079.1 -24.5 0.012174 0.004718 0.010451 hargrave 2018-02-07 12:37:33 
TT 688 089.1  45.9 096.1  17.2 7.77E-07 004.4 133.6  17.1 0.002259 0.001944 0.005659 hargrave 2018-02-14 13:14:04 
TT 690 243.1  20.3 228.5  37.0 5.29E-07 011.6 238.8 -20.2 0.006003 0.004523 0.008875 hargrave 2018-02-26 17:13:40 
TT 690 244.0  20.3 229.4  37.3 5.06E-07 010.6 239.3 -19.6 0.004735 0.003178 0.008174 hargrave 2018-02-27 09:07:44 
TT 692 156.5  38.9 146.9  14.3 1.72E-06 003.8 156.1 -26.5 0.007931 0.006672 0.009464 hargrave 2018-03-02 10:51:08 
