TR026 -Ia mag compass orientation (IGRF corrected)
   1157 104.3  67.0  23.9  30.7   1.0
NRM    082.7 -46.9 044.0 -67.8 6.33E-05 003.9 039.5 -03.1 0.252600 0.339846 0.121308 hargrave 2017-10-13 15:56:21 
TT 100 088.2 -47.0 051.6 -70.5 6.60E-05 003.8 041.3 -06.4 0.278529 0.299473 0.160844 hargrave 2017-10-15 14:55:59 
TT 200 090.3 -47.9 053.1 -72.1 6.83E-05 001.6 041.1 -08.1 0.100816 0.132404 0.157937 hargrave 2017-10-16 10:43:00 
TT 300 092.1 -47.9 056.2 -72.9 6.80E-05 002.3 041.6 -09.2 0.194652 0.159619 0.149916 hargrave 2017-10-16 19:29:09 
TT 350 093.7 -46.9 060.9 -72.8 6.83E-05 001.4 042.9 -09.8 0.082229 0.054311 0.157825 hargrave 2017-10-17 16:31:37 
TT 400 094.9 -46.4 064.2 -72.9 6.86E-05 004.3 043.7 -10.3 0.351032 0.366970 0.108437 hargrave 2017-10-20 13:18:11 
TT 450 095.2 -47.9 061.8 -74.2 6.82E-05 000.9 042.5 -11.1 0.054366 0.045030 0.100771 hargrave 2017-10-22 16:52:10 
TT 475 094.0 -50.9 051.7 -75.9 6.79E-05 001.4 039.3 -11.5 0.103116 0.080571 0.134420 hargrave 2017-10-23 16:52:33 
TT 500 096.4 -47.9 064.3 -74.6 6.73E-05 001.3 042.8 -11.8 0.099756 0.047153 0.136132 hargrave 2017-10-24 15:04:13 
TT 525 095.9 -49.8 058.8 -75.9 6.63E-05 001.3 040.8 -12.2 0.091075 0.082724 0.110102 hargrave 2017-10-26 15:18:33 
TT 550 097.3 -48.7 064.3 -75.7 6.54E-05 001.6 042.2 -12.7 0.109694 0.098766 0.129951 hargrave 2017-10-27 12:05:12 
TT 555 098.0 -47.8 067.7 -75.2 6.47E-05 002.2 043.2 -12.8 0.165258 0.169225 0.094736 hargrave 2017-10-28 14:39:19 
TT 560 097.4 -48.7 064.4 -75.7 6.28E-05 001.6 042.2 -12.7 0.076113 0.059990 0.167341 hargrave 2017-10-31 19:24:41 
TT 565 097.7 -47.7 067.4 -75.0 6.23E-05 003.2 043.2 -12.6 0.227186 0.187250 0.207100 hargrave 2017-11-03 20:27:09 
TT 570 098.4 -47.2 069.9 -74.8 6.19E-05 002.0 043.9 -12.8 0.085407 0.054015 0.208711 hargrave 2017-11-05 19:52:51 
TT 575 097.2 -49.0 063.2 -75.9 6.18E-05 002.2 041.8 -12.7 0.125679 0.083302 0.203899 hargrave 2017-11-09 16:50:35 
TT 580 096.9 -47.8 065.3 -74.8 6.17E-05 001.7 042.9 -12.1 0.073331 0.081557 0.157437 hargrave 2017-11-14 12:23:55 
TT 600 096.0 -50.1 058.0 -76.2 6.15E-05 002.4 040.6 -12.4 0.133140 0.130639 0.187330 hargrave 2017-11-14 21:24:38 
TT 620 097.4 -50.7 059.2 -77.3 6.29E-05 002.3 040.3 -13.4 0.172047 0.148509 0.138118 hargrave 2017-11-17 20:39:37 
TT 630 097.5 -50.8 059.2 -77.4 6.28E-05 003.7 040.2 -13.5 0.291102 0.270497 0.132865 hargrave 2017-11-19 20:12:42 
TT 640 098.5 -50.7 061.5 -77.8 6.28E-05 002.4 040.5 -14.1 0.192432 0.162139 0.119037 hargrave 2017-11-21 19:16:57 
TT 645 097.4 -52.6 052.9 -78.6 6.28E-05 001.5 038.5 -14.1 0.091080 0.084003 0.141201 hargrave 2017-11-27 18:57:31 
TT 650 099.6 -49.9 066.5 -77.5 6.25E-05 001.4 041.6 -14.5 0.082490 0.074854 0.127672 hargrave 2017-11-28 17:19:42 
TT 655 097.5 -52.4 053.8 -78.5 6.35E-05 000.8 038.7 -14.0 0.070037 0.044938 0.067025 hargrave 2017-12-11 14:20:19 
TT 660 098.8 -51.8 058.7 -78.7 6.31E-05 001.2 039.5 -14.7 0.064112 0.068418 0.116442 hargrave 2017-12-12 14:00:31 
TT 665 099.3 -49.7 066.5 -77.2 6.17E-05 001.5 041.7 -14.3 0.106551 0.092239 0.097810 hargrave 2018-01-08 13:33:59 
TT 670 098.5 -51.9 058.0 -78.6 6.05E-05 001.6 039.4 -14.5 0.117491 0.061981 0.138204 hargrave 2018-01-10 16:41:18 
TT 672 099.4 -50.5 064.5 -77.9 5.98E-05 001.7 041.0 -14.6 0.137202 0.067980 0.127915 hargrave 2018-01-11 15:45:11 
TT 674 099.7 -50.7 064.4 -78.2 5.78E-05 002.7 040.7 -14.8 0.200678 0.156156 0.130677 hargrave 2018-01-12 16:52:05 
TT 676 099.2 -50.8 063.1 -78.1 5.59E-05 002.6 040.6 -14.6 0.182765 0.169523 0.087677 hargrave 2018-01-17 11:13:10 
TT 678 103.4 -47.4 081.8 -76.5 4.57E-05 003.0 044.8 -16.1 0.147351 0.174733 0.103918 hargrave 2018-01-22 13:57:58 
TT 680 102.6 -50.6 072.4 -79.2 3.42E-05 001.8 041.4 -16.6 0.082282 0.023357 0.082339 hargrave 2018-01-25 10:39:52 
TT 682 108.5 -45.6 098.1 -75.9 2.04E-05 004.5 047.6 -19.0 0.113147 0.109522 0.042585 hargrave 2018-01-31 09:39:07 
TT 684 105.9 -46.7 089.8 -76.5 1.00E-05 004.9 046.0 -17.6 0.063411 0.040869 0.051069 hargrave 2018-02-05 10:49:50 
TT 686 104.0 -41.7 090.2 -71.3 5.34E-06 005.2 050.6 -14.8 0.030607 0.025025 0.033650 hargrave 2018-02-07 12:49:49 
TT 688 101.6 -43.7 082.8 -72.7 3.60E-06 005.0 048.1 -13.8 0.020922 0.020042 0.017354 hargrave 2018-02-14 13:24:51 
TT 690 186.5 -18.6 198.8 -24.7 9.82E-07 005.5 119.8 -81.5 0.008053 0.004885 0.008145 hargrave 2018-02-26 17:20:33 
TT 692 098.4  29.1 100.4 -00.7 1.87E-06 003.4 115.4  15.8 0.007571 0.006878 0.006851 hargrave 2018-03-02 11:00:42 
