TR026 -Ha mag compass orientation (IGRF corrected)
 1156.9 105.3  67.0  23.9  30.7   1.0
NRM    057.2 -41.5 025.3 -51.2 3.75E-05 002.4 031.1  14.8 0.090359 0.123960 0.069689 hargrave 2017-10-13 15:54:54 
TT 100 061.1 -46.7 022.4 -56.9 3.84E-05 002.6 029.9  09.0 0.080955 0.144253 0.101068 hargrave 2017-10-15 14:54:32 
TT 200 066.2 -48.6 023.8 -60.7 3.97E-05 002.5 031.0  05.2 0.133752 0.146439 0.099794 hargrave 2017-10-16 10:41:50 
TT 300 069.1 -50.4 023.4 -63.3 3.96E-05 001.6 031.0  02.7 0.090594 0.061978 0.093788 hargrave 2017-10-16 19:27:47 
TT 350 068.6 -51.7 020.5 -63.8 3.97E-05 001.9 029.8  02.0 0.074583 0.105869 0.084109 hargrave 2017-10-17 16:30:15 
TT 400 075.6 -49.1 031.7 -65.8 3.99E-05 004.8 034.6  00.2 0.167197 0.288702 0.071621 hargrave 2017-10-20 13:16:49 
TT 450 076.8 -51.6 027.7 -68.0 3.98E-05 002.7 033.1 -01.9 0.080741 0.177039 0.050773 hargrave 2017-10-22 16:50:42 
TT 475 074.7 -55.0 018.3 -68.6 3.98E-05 002.2 029.6 -02.9 0.069524 0.144062 0.060558 hargrave 2017-10-23 16:51:06 
TT 500 076.1 -55.8 017.3 -69.7 3.97E-05 001.5 029.5 -04.0 0.070001 0.099512 0.061682 hargrave 2017-10-24 15:02:42 
TT 525 078.1 -56.0 018.0 -70.8 3.91E-05 001.5 029.9 -05.1 0.061656 0.101871 0.050755 hargrave 2017-10-26 15:17:07 
TT 550 081.4 -55.4 022.3 -72.2 3.86E-05 003.5 031.5 -06.3 0.111746 0.216767 0.052798 hargrave 2017-10-27 12:03:50 
TT 555 083.8 -54.9 026.0 -73.2 3.81E-05 002.0 032.7 -07.2 0.055939 0.128308 0.050074 hargrave 2017-10-28 14:37:51 
TT 560 082.8 -56.8 019.2 -73.5 3.69E-05 001.8 030.7 -07.7 0.055678 0.080504 0.096086 hargrave 2017-10-31 19:23:14 
TT 565 082.9 -57.4 017.3 -73.8 3.66E-05 001.9 030.2 -08.0 0.070503 0.058428 0.118478 hargrave 2017-11-03 20:25:42 
TT 570 087.2 -53.8 032.9 -74.4 3.61E-05 002.7 034.6 -08.4 0.096619 0.125068 0.105782 hargrave 2017-11-05 19:51:24 
TT 575 084.7 -57.0 019.8 -74.5 3.62E-05 003.0 031.1 -08.7 0.092806 0.150839 0.113259 hargrave 2017-11-09 16:49:08 
TT 580 085.1 -56.3 022.6 -74.5 3.61E-05 001.6 031.8 -08.6 0.055124 0.053076 0.093184 hargrave 2017-11-14 12:22:28 
TT 600 085.9 -56.6 022.2 -75.0 3.60E-05 003.2 031.8 -09.1 0.087867 0.165932 0.101150 hargrave 2017-11-14 21:23:16 
TT 620 089.9 -53.4 037.5 -75.6 3.90E-05 005.0 035.7 -09.7 0.705006 0.069890 0.057516 hargrave 2017-11-17 20:38:11 
TT 630 088.8 -56.9 023.5 -76.6 3.71E-05 001.4 032.2 -10.6 0.084277 0.068401 0.051669 hargrave 2017-11-19 20:11:11 
TT 640 090.0 -57.0 023.9 -77.3 3.72E-05 001.1 032.4 -11.3 0.073065 0.062354 0.046294 hargrave 2017-11-21 19:15:29 
TT 645 089.2 -59.3 013.4 -77.4 3.73E-05 001.9 030.1 -11.8 0.086894 0.106142 0.055356 hargrave 2017-11-27 18:56:04 
TT 650 090.5 -59.5 013.0 -78.1 3.71E-05 001.0 030.2 -12.5 0.070824 0.050145 0.049813 hargrave 2017-11-28 17:18:14 
TT 655 090.0 -60.3 009.1 -78.0 3.76E-05 002.2 029.4 -12.6 0.064287 0.138904 0.029280 hargrave 2017-12-11 14:18:52 
TT 660 093.1 -58.6 018.8 -79.3 3.76E-05 002.2 031.6 -13.4 0.077687 0.131638 0.036130 hargrave 2017-12-12 13:59:04 
TT 665 092.4 -60.3 009.3 -79.2 3.70E-05 001.6 029.8 -13.8 0.063250 0.086631 0.054157 hargrave 2018-01-08 13:32:27 
TT 670 093.5 -62.0 359.9 -79.7 3.62E-05 001.5 028.4 -14.9 0.059113 0.080303 0.052766 hargrave 2018-01-10 16:39:51 
TT 672 091.4 -65.1 345.4 -78.1 3.61E-05 006.0 025.1 -15.1 0.164061 0.342697 0.055911 hargrave 2018-01-11 15:43:43 
TT 674 097.3 -59.1 018.2 -81.5 3.41E-05 001.3 031.9 -15.6 0.066531 0.036075 0.057150 hargrave 2018-01-12 16:50:38 
TT 676 099.0 -60.0 012.5 -82.5 3.16E-05 002.4 031.3 -16.7 0.104427 0.105472 0.044912 hargrave 2018-01-17 11:11:43 
TT 678 099.9 -59.8 013.7 -82.9 2.49E-05 003.3 031.6 -17.1 0.070943 0.127078 0.033583 hargrave 2018-01-22 13:56:30 
TT 680 085.7 -69.4 332.0 -74.4 1.75E-05 006.6 020.0 -14.9 0.072936 0.191457 0.028909 hargrave 2018-01-25 10:38:21 
TT 680 094.1 -61.4 003.2 -80.0 1.75E-05 005.4 029.1 -14.9 0.083021 0.147605 0.027874 hargrave 2018-01-26 11:58:04 
TT 682 108.3 -48.0 095.1 -78.2 8.28E-06 005.0 044.9 -18.8 0.048833 0.054068 0.013560 hargrave 2018-01-31 09:37:40 
TT 684 097.8 -52.4 054.2 -78.7 4.48E-06 004.4 038.5 -13.6 0.023917 0.022673 0.016163 hargrave 2018-02-05 10:48:21 
TT 686 102.7 -16.7 098.2 -46.7 2.12E-06 002.6 073.6 -04.2 0.005108 0.003625 0.008285 hargrave 2018-02-07 12:48:25 
TT 688 119.0 -26.4 122.2 -56.9 1.99E-06 003.7 069.4 -21.6 0.010513 0.006550 0.006421 hargrave 2018-02-14 13:23:19 
TT 690 184.0  40.8 165.9  25.5 1.13E-06 005.1 170.5 -25.3 0.002803 0.009195 0.003392 hargrave 2018-02-26 17:19:26 
TT 692 297.8  44.8 304.9  75.3 4.70E-07 009.1 229.6  24.6 0.003761 0.003496 0.009457 hargrave 2018-03-02 10:59:15 
TT 692 296.1  44.9 300.1  75.5 4.73E-07 008.0 229.3  23.4 0.003268 0.003470 0.008605 hargrave 2018-03-02 12:14:20 
