TR026 -Ca mag compass orientation (IGRF corrected)
 1156.1  93.3  64.0  23.9  30.7   1.0
NRM    092.7 -45.1 062.6 -70.9 4.27E-05 003.4 047.8 -17.7 0.089046 0.202164 0.134206 hargrave 2017-10-13 15:47:04 
TT 100 100.6 -46.7 076.0 -75.1 4.48E-05 004.6 047.9 -23.4 0.203322 0.284721 0.105832 hargrave 2017-10-15 14:45:51 
TT 200 104.4 -48.0 083.4 -77.4 4.65E-05 002.4 047.0 -26.2 0.173030 0.160248 0.097064 hargrave 2017-10-16 10:34:44 
TT 300 108.2 -47.3 095.9 -77.5 4.67E-05 001.9 048.3 -28.6 0.081963 0.112900 0.096879 hargrave 2017-10-16 19:18:03 
TT 350 109.8 -46.8 101.1 -77.3 4.72E-05 002.0 049.0 -29.6 0.141771 0.060504 0.091518 hargrave 2017-10-17 16:21:19 
TT 400 112.3 -45.3 109.3 -75.9 4.77E-05 004.5 051.0 -31.2 0.200896 0.294540 0.119025 hargrave 2017-10-20 13:07:54 
TT 450 115.4 -46.9 118.6 -77.6 4.79E-05 002.2 049.3 -33.4 0.069265 0.107925 0.138390 hargrave 2017-10-22 16:41:17 
TT 475 115.7 -50.9 121.5 -81.5 4.81E-05 003.5 044.6 -33.8 0.182745 0.211034 0.098037 hargrave 2017-10-23 16:42:33 
TT 500 117.7 -45.2 124.8 -75.7 4.74E-05 002.5 051.5 -34.9 0.105195 0.159008 0.095721 hargrave 2017-10-24 14:53:55 
TT 525 119.6 -47.1 131.8 -77.4 4.70E-05 002.2 049.2 -36.3 0.093025 0.112251 0.121717 hargrave 2017-10-26 15:08:51 
TT 550 122.0 -43.9 135.3 -73.9 4.63E-05 003.7 053.2 -38.0 0.164805 0.235615 0.100150 hargrave 2017-10-27 11:54:49 
TT 555 123.0 -46.2 140.5 -75.8 4.63E-05 003.0 050.4 -38.7 0.224235 0.050634 0.100015 hargrave 2017-10-28 14:29:13 
TT 560 122.5 -44.7 137.3 -74.5 4.47E-05 003.4 052.3 -38.3 0.116334 0.214765 0.118705 hargrave 2017-10-31 19:14:36 
TT 565 123.2 -47.2 142.5 -76.7 4.41E-05 004.8 049.0 -38.8 0.230731 0.282742 0.083245 hargrave 2017-11-03 20:17:04 
TT 570 123.7 -45.7 141.6 -75.1 4.39E-05 002.2 051.0 -39.2 0.131511 0.075618 0.096989 hargrave 2017-11-05 19:42:43 
TT 575 124.0 -47.2 144.5 -76.5 4.39E-05 003.2 049.0 -39.3 0.145974 0.184382 0.093982 hargrave 2017-11-09 16:40:29 
TT 580 122.8 -45.9 139.6 -75.5 4.42E-05 002.9 050.8 -38.6 0.144583 0.121545 0.137079 hargrave 2017-11-14 12:13:49 
TT 600 123.3 -46.7 142.1 -76.2 4.38E-05 002.5 049.6 -38.9 0.111514 0.123969 0.110821 hargrave 2017-11-14 21:15:07 
TT 620 125.6 -46.8 148.1 -75.7 4.52E-05 002.5 049.5 -40.4 0.122423 0.158659 0.065951 hargrave 2017-11-17 20:29:29 
TT 630 125.8 -47.8 150.4 -76.6 4.56E-05 001.6 048.1 -40.5 0.115780 0.054284 0.065943 hargrave 2017-11-19 20:02:30 
TT 640 126.2 -46.4 149.1 -75.2 4.56E-05 002.3 049.9 -40.9 0.119877 0.142150 0.062722 hargrave 2017-11-21 19:06:50 
TT 645 126.8 -45.4 148.9 -74.1 4.52E-05 001.7 051.2 -41.4 0.110448 0.063579 0.068806 hargrave 2017-11-27 18:47:25 
TT 650 126.8 -46.3 150.2 -74.9 4.53E-05 002.3 050.1 -41.3 0.117198 0.133537 0.062578 hargrave 2017-11-28 17:09:30 
TT 655 126.7 -46.0 149.5 -74.6 4.62E-05 001.9 050.5 -41.3 0.090895 0.101990 0.084521 hargrave 2017-12-11 14:10:30 
TT 660 127.5 -50.5 161.4 -78.3 4.62E-05 002.2 044.4 -41.3 0.091496 0.152435 0.053778 hargrave 2017-12-12 13:50:39 
TT 665 128.4 -46.4 154.2 -74.5 4.52E-05 002.5 049.8 -42.4 0.123298 0.123209 0.098403 hargrave 2018-01-08 13:23:58 
TT 670 130.3 -46.2 157.8 -73.7 4.41E-05 002.2 049.8 -43.7 0.125852 0.103447 0.064362 hargrave 2018-01-10 16:28:41 
TT 672 130.5 -45.0 156.1 -72.5 4.38E-05 002.1 051.6 -44.0 0.130230 0.061972 0.076362 hargrave 2018-01-11 15:33:34 
TT 674 133.4 -51.6 177.2 -76.6 4.18E-05 002.0 042.0 -44.7 0.123880 0.076825 0.059614 hargrave 2018-01-12 16:42:06 
TT 676 132.5 -47.3 164.5 -73.7 3.98E-05 002.4 048.0 -45.0 0.109413 0.110245 0.078653 hargrave 2018-01-17 11:00:40 
TT 678 134.4 -45.4 164.4 -71.4 3.07E-05 004.0 050.4 -46.6 0.117660 0.178411 0.040663 hargrave 2018-01-22 13:47:55 
TT 680 130.8 -40.4 150.8 -68.3 2.02E-05 002.8 057.9 -44.5 0.071098 0.072222 0.024122 hargrave 2018-01-25 10:30:31 
TT 682 137.4 -41.9 164.1 -67.3 1.15E-05 003.3 055.2 -49.3 0.035976 0.054705 0.019636 hargrave 2018-01-31 09:31:13 
TT 684 154.5 -11.6 163.8 -33.5 4.80E-06 002.9 112.6 -59.3 0.015326 0.019089 0.007963 hargrave 2018-02-05 10:39:03 
TT 686 110.9 -17.0 109.7 -47.7 2.69E-06 004.7 081.5 -22.9 0.019587 0.007695 0.008952 hargrave 2018-02-07 12:38:55 
TT 688 181.4  30.3 169.7  15.3 1.11E-06 004.8 178.0 -33.7 0.006107 0.006178 0.005666 hargrave 2018-02-14 13:15:33 
TT 690 249.8 -23.0 254.1  00.1 1.16E-06 002.5 282.7 -30.0 0.003219 0.003761 0.004202 hargrave 2018-02-26 17:14:55 
TT 692 162.3  38.1 151.5  15.3 2.74E-06 002.7 162.2 -22.9 0.008182 0.009211 0.007687 hargrave 2018-03-02 10:52:41 
