TR026 -Ga mag compass orientation (IGRF corrected)
 1156.8 111.3  66.0  23.9  30.7   1.0
NRM    052.2 -20.7 037.7 -32.0 3.17E-05 010.1 036.5  36.1 0.338606 0.449839 0.050524 hargrave 2017-10-13 15:53:24 
NRM    051.6 -21.6 036.4 -32.5 3.23E-05 002.6 035.3  35.7 0.103260 0.104891 0.052513 hargrave 2017-10-13 16:38:36 
TT 100 054.2 -27.6 034.9 -38.8 3.20E-05 005.7 033.6  29.4 0.179937 0.261734 0.068712 hargrave 2017-10-15 14:53:01 
TT 200 060.0 -29.8 038.8 -43.6 3.22E-05 004.4 036.6  24.6 0.112903 0.222327 0.069641 hargrave 2017-10-16 10:40:37 
TT 300 062.6 -32.3 039.3 -46.9 3.14E-05 002.8 036.8  21.2 0.079094 0.122512 0.068706 hargrave 2017-10-16 19:26:23 
TT 350 064.7 -33.1 040.8 -48.5 3.15E-05 002.6 037.7  19.5 0.074247 0.110327 0.068836 hargrave 2017-10-17 16:28:50 
TT 400 065.3 -36.0 038.7 -51.1 3.16E-05 002.4 036.0  17.0 0.085180 0.097392 0.046305 hargrave 2017-10-20 13:15:24 
TT 450 066.2 -40.5 034.9 -55.1 3.12E-05 003.7 033.5  13.2 0.135687 0.155685 0.051127 hargrave 2017-10-22 16:49:12 
TT 475 069.8 -40.9 038.0 -57.2 3.11E-05 002.2 035.2  11.0 0.056488 0.078899 0.077497 hargrave 2017-10-23 16:49:36 
TT 500 071.5 -42.0 038.5 -58.8 3.07E-05 002.2 035.4  09.3 0.058483 0.084496 0.083225 hargrave 2017-10-24 15:01:11 
TT 525 069.0 -46.5 029.7 -60.7 3.04E-05 002.0 030.9  07.4 0.029389 0.099074 0.054391 hargrave 2017-10-26 15:15:38 
TT 550 076.7 -43.2 042.7 -62.2 2.97E-05 004.6 037.1  05.7 0.165949 0.166694 0.059323 hargrave 2017-10-27 12:02:24 
TT 555 078.6 -42.9 045.3 -63.0 2.94E-05 004.4 038.2  04.8 0.164546 0.161457 0.045961 hargrave 2017-10-28 14:36:21 
TT 560 072.1 -49.1 028.2 -64.1 2.89E-05 002.9 030.5  04.0 0.062700 0.123961 0.078167 hargrave 2017-10-31 19:21:44 
TT 565 074.6 -48.4 032.0 -64.9 2.86E-05 003.0 032.2  03.3 0.085209 0.103814 0.086979 hargrave 2017-11-03 20:24:11 
TT 570 078.4 -46.2 039.9 -65.3 2.83E-05 002.9 035.5  02.9 0.058357 0.097956 0.098734 hargrave 2017-11-05 19:49:53 
TT 575 076.8 -48.4 034.3 -65.9 2.84E-05 002.5 033.2  02.3 0.066631 0.066547 0.102483 hargrave 2017-11-09 16:47:37 
TT 580 077.5 -47.2 037.2 -65.5 2.85E-05 002.1 034.4  02.7 0.074067 0.055873 0.075673 hargrave 2017-11-14 12:20:57 
TT 600 077.7 -48.4 035.2 -66.5 2.84E-05 002.5 033.6  01.8 0.093112 0.062631 0.080402 hargrave 2017-11-14 21:21:52 
TT 620 079.1 -49.5 034.7 -67.8 2.86E-05 005.2 033.4  00.4 0.163506 0.199351 0.070465 hargrave 2017-11-17 20:36:41 
TT 630 081.8 -48.7 039.5 -68.6 2.89E-05 004.0 035.1 -00.5 0.126113 0.152952 0.073518 hargrave 2017-11-19 20:09:41 
TT 640 080.5 -51.3 032.1 -69.7 2.90E-05 005.2 032.5 -01.4 0.162756 0.209867 0.052480 hargrave 2017-11-21 19:13:58 
TT 645 083.3 -50.8 036.6 -70.7 2.92E-05 002.8 034.0 -02.5 0.115786 0.078344 0.077830 hargrave 2017-11-27 18:54:33 
TT 650 084.0 -51.1 036.8 -71.3 2.89E-05 002.8 034.0 -03.1 0.113346 0.087898 0.073480 hargrave 2017-11-28 17:16:42 
TT 655 084.5 -51.4 036.6 -71.7 2.95E-05 002.1 033.9 -03.5 0.080784 0.067116 0.052689 hargrave 2017-12-11 14:17:23 
TT 660 087.2 -50.4 042.5 -72.4 2.96E-05 003.2 035.7 -04.3 0.097378 0.128927 0.061744 hargrave 2017-12-12 13:57:34 
TT 665 085.7 -53.2 033.0 -73.4 2.94E-05 001.7 032.9 -05.1 0.064441 0.067502 0.045939 hargrave 2018-01-08 13:30:57 
TT 670 087.9 -52.9 036.6 -74.3 2.93E-05 003.3 033.9 -06.1 0.114091 0.124572 0.052228 hargrave 2018-01-10 16:38:20 
TT 672 082.9 -57.8 015.7 -73.9 2.91E-05 005.2 028.1 -06.5 0.138312 0.227362 0.049299 hargrave 2018-01-11 15:42:11 
TT 674 091.4 -51.8 044.7 -75.3 2.73E-05 001.6 035.9 -07.3 0.049806 0.054579 0.044474 hargrave 2018-01-12 16:49:07 
TT 676 087.0 -57.4 020.1 -75.9 2.38E-05 003.0 029.8 -08.1 0.072608 0.099740 0.041283 hargrave 2018-01-17 11:10:12 
TT 678 095.6 -52.9 048.1 -78.0 1.79E-05 003.2 036.1 -10.1 0.070572 0.067438 0.040746 hargrave 2018-01-22 13:54:56 
TT 680 094.8 -54.7 039.7 -78.6 1.14E-05 005.4 034.3 -10.5 0.072471 0.080153 0.028032 hargrave 2018-01-25 10:36:48 
TT 682 093.6 -45.3 063.7 -71.5 5.28E-06 006.8 042.3 -05.4 0.047566 0.040836 0.014236 hargrave 2018-01-31 09:36:08 
TT 684 092.1 -58.7 017.7 -78.8 3.10E-06 003.2 030.0 -11.0 0.009909 0.008895 0.012658 hargrave 2018-02-05 10:46:51 
TT 686 135.4 -33.9 152.6 -60.9 1.24E-06 005.4 063.9 -32.4 0.009931 0.004867 0.004780 hargrave 2018-02-07 12:47:01 
TT 688 319.9 -51.4 311.1 -22.7 1.42E-06 004.8 326.7 -02.6 0.003873 0.007845 0.009049 hargrave 2018-02-14 13:21:49 
TT 690 105.1  17.7 105.3 -12.7 1.02E-06 004.8 104.0  12.6 0.004195 0.002384 0.007797 hargrave 2018-02-26 17:18:20 
TT 692 118.9 -22.6 121.6 -53.1 9.98E-07 004.7 071.8 -15.6 0.002419 0.003917 0.007127 hargrave 2018-03-02 10:57:52 
