TR026 -Da mag compass orientation (IGRF corrected)
 1156.2 103.3  74.0  23.9  30.7   1.0
NRM    025.2 -87.2 299.5 -59.2 3.31E-05 006.6 000.6 -13.2 0.055533 0.381094 0.059316 hargrave 2017-10-13 15:48:37 
TT 100 146.5 -86.0 289.2 -62.6 3.60E-05 002.5 003.1 -18.7 0.060063 0.148008 0.062458 hargrave 2017-10-15 14:47:24 
TT 200 175.9 -84.9 284.5 -61.4 3.76E-05 002.0 001.6 -20.8 0.110901 0.113604 0.060590 hargrave 2017-10-16 10:35:59 
TT 300 172.8 -83.2 281.3 -62.3 3.82E-05 003.7 002.6 -22.3 0.073215 0.236153 0.065004 hargrave 2017-10-16 19:19:30 
TT 350 189.1 -82.9 279.9 -60.4 3.89E-05 003.9 000.6 -23.1 0.083142 0.258365 0.064410 hargrave 2017-10-17 16:22:45 
TT 400 191.5 -81.5 277.0 -60.1 3.96E-05 003.7 000.3 -24.5 0.064997 0.246487 0.058289 hargrave 2017-10-20 13:09:20 
TT 450 171.0 -78.8 272.2 -63.8 3.98E-05 001.5 004.7 -26.3 0.059978 0.075188 0.067198 hargrave 2017-10-22 16:42:49 
TT 475 177.0 -78.8 271.7 -62.7 3.98E-05 002.3 003.5 -26.7 0.071513 0.151975 0.043595 hargrave 2017-10-23 16:44:05 
TT 500 179.6 -77.8 269.4 -62.2 3.97E-05 003.2 003.2 -27.8 0.076708 0.217259 0.048810 hargrave 2017-10-24 14:55:27 
TT 525 179.6 -76.2 265.9 -62.3 3.94E-05 002.4 003.7 -29.4 0.061248 0.152656 0.062592 hargrave 2017-10-26 15:10:18 
TT 550 184.8 -74.9 263.5 -60.9 3.89E-05 001.9 002.6 -30.9 0.064913 0.116984 0.049956 hargrave 2017-10-27 11:56:16 
TT 555 180.1 -73.9 261.1 -62.0 3.85E-05 001.4 004.3 -31.7 0.065587 0.060008 0.066424 hargrave 2017-10-28 14:30:45 
TT 560 185.0 -73.9 261.4 -60.7 3.74E-05 002.3 002.7 -32.0 0.065535 0.114245 0.083234 hargrave 2017-10-31 19:16:08 
TT 565 177.4 -73.2 259.6 -62.7 3.72E-05 004.8 005.3 -32.0 0.097950 0.295014 0.081496 hargrave 2017-11-03 20:18:36 
TT 570 188.0 -74.0 262.0 -59.9 3.69E-05 001.8 001.7 -31.9 0.077538 0.070014 0.084772 hargrave 2017-11-05 19:44:15 
TT 575 181.6 -73.4 260.2 -61.6 3.70E-05 003.9 003.9 -32.2 0.089506 0.231062 0.077339 hargrave 2017-11-09 16:42:01 
TT 580 178.2 -72.9 258.9 -62.5 3.69E-05 003.5 005.2 -32.4 0.066955 0.185847 0.113575 hargrave 2017-11-14 12:15:22 
TT 600 177.3 -72.7 258.3 -62.7 3.68E-05 002.2 005.6 -32.6 0.077056 0.096332 0.092295 hargrave 2017-11-14 21:16:34 
TT 620 191.1 -72.5 259.6 -58.7 3.82E-05 002.5 000.8 -33.5 0.071124 0.159344 0.059481 hargrave 2017-11-17 20:31:01 
TT 630 210.7 -70.8 261.5 -52.4 3.80E-05 008.3 353.2 -34.2 0.114402 0.547407 0.059528 hargrave 2017-11-19 20:04:02 
TT 630 185.0 -71.5 256.7 -60.2 3.84E-05 004.3 003.2 -34.3 0.051197 0.281034 0.049967 hargrave 2017-11-20 10:26:25 
TT 640 177.7 -70.8 254.4 -62.4 3.86E-05 005.4 006.1 -34.4 0.094589 0.357806 0.051454 hargrave 2017-11-21 19:08:21 
TT 645 181.4 -71.0 255.3 -61.2 3.88E-05 002.4 004.7 -34.5 0.081130 0.150058 0.054105 hargrave 2017-11-27 18:48:57 
TT 650 181.0 -70.9 254.9 -61.4 3.89E-05 003.9 004.9 -34.6 0.088047 0.256789 0.049993 hargrave 2017-11-28 17:11:03 
TT 655 189.2 -70.8 256.1 -58.7 3.95E-05 001.6 001.6 -35.1 0.066634 0.080427 0.056819 hargrave 2017-12-11 14:12:01 
TT 660 185.2 -70.5 254.8 -59.9 3.96E-05 001.8 003.3 -35.3 0.065542 0.111808 0.044364 hargrave 2017-12-12 13:52:10 
TT 665 182.1 -69.6 252.5 -60.7 3.88E-05 002.8 004.8 -36.0 0.065120 0.168015 0.074349 hargrave 2018-01-08 13:25:30 
TT 670 179.0 -68.7 250.1 -61.5 3.84E-05 003.5 006.4 -36.5 0.081106 0.216153 0.057435 hargrave 2018-01-10 16:31:05 
TT 672 190.6 -68.2 251.9 -57.4 3.79E-05 005.8 001.3 -37.7 0.061135 0.378861 0.073103 hargrave 2018-01-11 15:35:06 
TT 674 181.5 -68.2 249.6 -60.5 3.70E-05 003.3 005.5 -37.3 0.072319 0.198707 0.057086 hargrave 2018-01-12 16:43:39 
TT 676 180.8 -67.4 247.9 -60.6 3.44E-05 003.3 006.1 -38.0 0.086776 0.170235 0.074245 hargrave 2018-01-17 11:03:02 
TT 678 207.6 -63.3 250.9 -48.9 2.50E-05 012.6 351.4 -41.7 0.107218 0.551232 0.032298 hargrave 2018-01-22 13:49:27 
TT 678 176.5 -63.7 239.6 -61.0 2.56E-05 004.9 009.8 -40.9 0.062917 0.207777 0.036948 hargrave 2018-01-22 15:36:00 
TT 680 159.6 -56.9 218.1 -66.2 1.44E-05 011.4 024.1 -41.9 0.121254 0.264269 0.031959 hargrave 2018-01-25 10:32:07 
TT 680 164.4 -58.6 224.4 -64.6 1.46E-05 008.8 020.0 -42.4 0.076184 0.212440 0.022503 hargrave 2018-01-26 11:54:41 
TT 680 170.0 -61.3 232.6 -63.0 1.47E-05 003.6 014.7 -41.7 0.033968 0.086109 0.022345 hargrave 2018-01-26 14:32:26 
TT 682 178.5 -62.3 237.6 -59.6 7.28E-06 005.9 009.3 -42.6 0.018375 0.073038 0.010149 hargrave 2018-01-31 09:32:46 
TT 684 161.9 -39.4 192.1 -54.1 1.88E-06 009.6 043.2 -54.0 0.023049 0.021908 0.005611 hargrave 2018-02-05 10:40:35 
TT 684 173.5 -48.6 213.4 -54.7 1.89E-06 006.8 022.2 -53.6 0.010254 0.020425 0.004894 hargrave 2018-02-05 13:58:39 
TT 686 164.0 -64.4 237.7 -66.5 1.16E-06 006.9 015.5 -37.6 0.007655 0.004790 0.012270 hargrave 2018-02-07 12:40:21 
TT 688 129.0  02.9 130.8 -26.6 1.21E-06 003.7 100.6 -23.7 0.005931 0.004447 0.007086 hargrave 2018-02-14 13:17:06 
TT 690 279.7 -17.0 279.9  12.8 7.77E-07 009.0 285.5 -08.0 0.008109 0.003148 0.009460 hargrave 2018-02-26 17:16:06 
TT 690 281.7 -22.4 282.5  07.7 7.63E-07 006.6 291.2 -07.5 0.002838 0.004420 0.008185 hargrave 2018-02-27 09:08:59 
TT 692 248.3  50.6 202.3  63.0 1.46E-06 004.5 211.7 -07.9 0.003899 0.006178 0.009921 hargrave 2018-03-02 10:54:14 
