TR026 -Aa mag compass orientation (IGRF corrected)
 1155.9  98.3  76.0  23.9  30.7   1.0
NRM    027.5 -79.2 314.7 -58.3 3.35E-05 004.7 003.5 -03.8 0.054175 0.268706 0.065225 hargrave 2017-10-13 15:44:08 
TT 100 071.7 -83.1 304.6 -64.0 3.50E-05 002.1 006.3 -10.8 0.061919 0.106007 0.067079 hargrave 2017-10-15 14:42:56 
TT 200 100.0 -83.2 297.9 -65.8 3.61E-05 004.6 007.0 -14.1 0.118003 0.298684 0.064996 hargrave 2017-10-16 10:32:21 
TT 300 117.6 -81.8 292.5 -67.4 3.71E-05 001.3 008.0 -16.6 0.075487 0.053602 0.061962 hargrave 2017-10-16 19:15:20 
TT 350 167.4 -85.7 286.6 -61.7 3.76E-05 002.9 001.6 -18.0 0.063297 0.180545 0.067172 hargrave 2017-10-17 16:18:34 
TT 400 129.0 -79.4 286.1 -69.4 3.85E-05 003.6 009.7 -19.2 0.064352 0.228380 0.068894 hargrave 2017-10-20 13:05:09 
TT 450 151.8 -80.4 279.2 -66.2 3.88E-05 002.9 006.1 -21.6 0.050418 0.185977 0.073594 hargrave 2017-10-22 16:38:23 
TT 475 162.6 -80.4 276.9 -64.7 3.88E-05 004.7 004.5 -22.6 0.070202 0.315925 0.049462 hargrave 2017-10-23 16:39:36 
TT 500 183.1 -80.4 274.8 -61.4 3.87E-05 007.1 000.9 -23.6 0.058702 0.477143 0.052442 hargrave 2017-10-24 14:50:55 
TT 525 154.5 -77.6 272.5 -67.4 3.88E-05 001.4 007.5 -24.2 0.072400 0.064852 0.055444 hargrave 2017-10-26 15:06:06 
TT 550 169.5 -77.5 269.4 -64.4 3.83E-05 001.1 004.5 -25.8 0.066502 0.048827 0.050847 hargrave 2017-10-27 11:52:05 
TT 555 151.3 -74.2 265.4 -69.7 3.81E-05 003.2 010.5 -26.3 0.060254 0.203891 0.045544 hargrave 2017-10-28 14:26:18 
TT 560 155.5 -74.3 264.5 -68.6 3.68E-05 002.4 009.4 -26.9 0.064644 0.118342 0.083169 hargrave 2017-10-31 19:11:41 
TT 565 158.2 -74.5 264.2 -67.8 3.65E-05 002.7 008.7 -27.2 0.094727 0.127520 0.098682 hargrave 2017-11-03 20:14:09 
TT 570 154.9 -73.6 262.8 -69.0 3.62E-05 003.2 010.1 -27.4 0.105611 0.152384 0.100308 hargrave 2017-11-05 19:39:48 
TT 575 160.4 -74.3 263.4 -67.3 3.64E-05 002.6 008.2 -27.7 0.096252 0.120005 0.097992 hargrave 2017-11-09 16:37:33 
TT 580 159.7 -74.3 263.4 -67.5 3.64E-05 002.8 008.4 -27.6 0.063038 0.140585 0.093969 hargrave 2017-11-14 12:10:54 
TT 600 175.5 -75.1 263.6 -63.3 3.60E-05 006.8 003.7 -28.5 0.069492 0.414461 0.095553 hargrave 2017-11-14 21:12:25 
TT 620 160.1 -73.0 260.1 -67.7 3.74E-05 004.9 009.0 -28.7 0.104629 0.305097 0.053834 hargrave 2017-11-17 20:26:35 
TT 630 163.5 -73.4 260.4 -66.7 3.78E-05 003.0 007.9 -28.9 0.095836 0.177046 0.057466 hargrave 2017-11-19 19:59:35 
TT 640 161.6 -72.6 258.8 -67.4 3.79E-05 002.6 008.9 -29.3 0.096277 0.153749 0.048883 hargrave 2017-11-21 19:03:56 
TT 645 160.8 -72.1 257.6 -67.7 3.78E-05 002.7 009.4 -29.7 0.092187 0.154443 0.056090 hargrave 2017-11-27 18:44:30 
TT 650 166.9 -72.9 258.9 -65.8 3.80E-05 003.7 007.1 -29.8 0.095255 0.229821 0.055893 hargrave 2017-11-28 17:06:34 
TT 655 164.6 -72.1 257.0 -66.6 3.86E-05 001.4 008.2 -30.3 0.064416 0.079533 0.037908 hargrave 2017-12-11 14:07:37 
TT 660 163.9 -71.1 254.8 -66.9 3.87E-05 001.7 009.0 -31.0 0.072067 0.099087 0.036056 hargrave 2017-12-12 13:47:45 
TT 665 163.8 -70.6 253.4 -67.0 3.80E-05 002.3 009.3 -31.4 0.060119 0.132523 0.054220 hargrave 2018-01-08 13:21:02 
TT 670 167.5 -69.7 251.2 -65.7 3.74E-05 001.5 008.4 -32.8 0.082316 0.060425 0.052806 hargrave 2018-01-10 16:25:46 
TT 672 165.1 -68.8 248.7 -66.5 3.64E-05 002.1 009.8 -33.3 0.078112 0.106786 0.051363 hargrave 2018-01-11 15:30:39 
TT 674 163.1 -69.1 249.7 -67.3 3.58E-05 001.7 010.4 -32.6 0.083364 0.071560 0.049312 hargrave 2018-01-12 16:39:10 
TT 676 164.3 -67.2 244.8 -66.8 3.17E-05 002.4 011.0 -34.5 0.073833 0.099580 0.060825 hargrave 2018-01-17 10:57:45 
TT 678 171.2 -67.4 246.1 -64.1 2.22E-05 004.0 007.9 -35.4 0.059303 0.141482 0.032030 hargrave 2018-01-22 13:45:00 
TT 680 150.5 -60.6 223.9 -71.9 1.25E-05 002.6 021.8 -35.9 0.033703 0.049781 0.016872 hargrave 2018-01-25 10:27:30 
TT 682 173.6 -67.5 246.7 -63.3 6.81E-06 003.3 006.9 -35.6 0.013041 0.036136 0.011525 hargrave 2018-01-31 09:27:03 
TT 684 173.3 -25.7 191.3 -37.4 1.46E-06 004.6 048.1 -71.7 0.009319 0.006717 0.005607 hargrave 2018-02-05 10:36:07 
TT 686 248.7  82.9 125.4  63.9 1.13E-06 004.7 186.3  10.4 0.005001 0.006810 0.005827 hargrave 2018-02-07 12:36:14 
TT 688 146.6  06.9 148.4 -18.9 1.47E-06 003.6 114.1 -43.6 0.006128 0.007028 0.003204 hargrave 2018-02-14 13:12:38 
TT 690 231.9  22.0 216.5  33.0 1.37E-06 003.1 230.6 -34.1 0.004724 0.004545 0.004941 hargrave 2018-02-26 17:11:19 
TT 692 126.2  34.1 124.1  04.0 1.18E-06 004.6 131.1 -13.9 0.010446 0.002679 0.004822 hargrave 2018-03-02 10:48:15 
