TR026 -Ea mag compass orientation (IGRF corrected)
 1156.5 112.3  66.0  23.9  30.7   1.0
NRM    004.2  43.0 035.2  45.4 7.59E-06 004.7 213.6  65.8 0.037495 0.051561 0.011681 hargrave 2017-10-13 15:50:25 
TT 100 011.9  37.9 036.5  37.7 3.62E-06 005.1 210.1  73.5 0.019428 0.027337 0.026453 hargrave 2017-10-15 14:50:01 
TT 200 015.3  34.5 036.6  33.3 2.15E-06 002.3 208.5  77.9 0.006378 0.006738 0.006704 hargrave 2017-10-16 10:38:09 
TT 300 024.2  26.3 038.4  22.3 1.38E-06 002.5 143.8  87.1 0.004382 0.004589 0.006357 hargrave 2017-10-16 19:21:58 
TT 350 030.9  20.1 040.3  13.7 1.21E-06 002.4 065.7  81.1 0.002915 0.003102 0.018184 hargrave 2017-10-17 16:25:13 
TT 400 040.8  09.8 043.3  00.0 1.08E-06 004.4 054.3  67.4 0.003152 0.004441 0.016111 hargrave 2017-10-20 13:11:48 
TT 450 090.1 -29.5 074.9 -56.1 5.29E-07 034.3 054.1  05.7 0.001968 0.003405 0.040106 hargrave 2017-10-22 16:46:13 
TT 450 064.3 -11.1 054.9 -29.4 6.67E-07 004.7 054.3  36.0 0.002241 0.004170 0.002998 hargrave 2017-10-23 08:07:46 
TT 475 072.4 -17.8 059.8 -38.9 6.52E-07 003.9 054.1  25.7 0.001507 0.003489 0.002793 hargrave 2017-10-23 16:46:39 
TT 500 077.5 -23.1 062.5 -45.6 6.14E-07 003.5 052.9  18.7 0.001529 0.002900 0.002497 hargrave 2017-10-24 14:58:07 
TT 525 083.5 -27.4 067.2 -51.9 5.80E-07 004.1 052.6  11.7 0.001582 0.003332 0.002655 hargrave 2017-10-26 15:12:46 
TT 550 092.7 -27.4 080.0 -54.9 5.00E-07 003.5 057.1  04.9 0.001267 0.002712 0.002575 hargrave 2017-10-27 11:58:48 
TT 555 094.2 -26.1 082.8 -54.1 4.97E-07 005.0 058.9  04.3 0.002020 0.003775 0.002882 hargrave 2017-10-28 14:33:21 
TT 560 098.6 -24.0 090.2 -53.1 4.37E-07 003.8 062.6  01.8 0.001328 0.004023 0.002040 hargrave 2017-10-31 19:18:44 
TT 565 101.5 -21.1 095.5 -50.7 4.47E-07 005.5 066.5  00.8 0.001604 0.005299 0.002386 hargrave 2017-11-03 20:21:11 
TT 570 103.5 -16.8 099.3 -46.8 4.20E-07 006.7 071.1  00.9 0.002775 0.005509 0.002142 hargrave 2017-11-05 19:46:54 
TT 575 100.3 -14.9 095.4 -44.5 4.10E-07 008.7 071.5  04.5 0.004148 0.005561 0.002268 hargrave 2017-11-09 16:44:37 
TT 575 100.7 -16.6 095.5 -46.2 4.20E-07 005.9 070.2  03.4 0.002340 0.004759 0.002150 hargrave 2017-11-09 17:19:00 
TT 580 099.9 -16.9 094.3 -46.4 3.87E-07 006.4 069.5  04.0 0.002107 0.004996 0.001916 hargrave 2017-11-14 12:17:57 
TT 600 102.2 -18.3 097.2 -48.1 4.49E-07 009.8 069.3  01.4 0.005671 0.006190 0.001796 hargrave 2017-11-14 21:19:02 
TT 600 101.6 -19.6 096.0 -49.3 4.59E-07 007.9 067.8  01.4 0.004348 0.005656 0.001846 hargrave 2017-11-15 10:31:29 
TT 620 108.3 -25.3 104.8 -55.7 4.09E-07 013.8 065.2 -06.6 0.007842 0.006572 0.002618 hargrave 2017-11-17 20:33:41 
TT 620 108.1 -23.6 104.8 -54.0 4.24E-07 007.1 066.8 -05.8 0.003699 0.003892 0.002543 hargrave 2017-11-18 13:17:38 
TT 630 109.3 -19.5 107.1 -50.1 4.84E-07 003.3 070.9 -05.2 0.001156 0.003224 0.002243 hargrave 2017-11-19 20:06:42 
TT 640 110.2 -21.8 108.2 -52.5 4.93E-07 004.4 069.1 -06.9 0.001652 0.004129 0.003035 hargrave 2017-11-21 19:10:57 
TT 645 109.4 -22.4 107.0 -53.0 4.98E-07 005.0 068.3 -06.5 0.002307 0.004490 0.002908 hargrave 2017-11-27 18:51:32 
TT 650 106.5 -34.1 099.7 -64.3 4.32E-07 007.8 056.5 -08.7 0.003217 0.005386 0.002547 hargrave 2017-11-28 17:13:41 
TT 655 114.0 -23.9 114.0 -54.6 4.72E-07 004.9 068.5 -10.9 0.002511 0.003307 0.002956 hargrave 2017-12-11 14:14:35 
TT 660 118.5 -25.0 121.3 -55.6 4.11E-07 004.9 069.0 -15.2 0.001755 0.003408 0.003364 hargrave 2017-12-12 13:54:45 
TT 665 114.7 -16.2 115.0 -46.9 4.73E-07 004.6 076.0 -08.6 0.002307 0.003448 0.002536 hargrave 2018-01-08 13:28:06 
TT 670 118.3 -19.7 120.4 -50.2 4.82E-07 004.3 074.1 -13.1 0.002436 0.003789 0.002492 hargrave 2018-01-10 16:33:48 
TT 672 111.9 -33.6 110.0 -64.3 4.70E-07 004.7 058.6 -12.7 0.001953 0.003521 0.002580 hargrave 2018-01-11 15:37:43 
TT 674 113.0 -25.8 112.4 -56.4 3.95E-07 008.2 066.5 -10.8 0.004033 0.004403 0.002330 hargrave 2018-01-12 16:46:16 
TT 674 110.9 -27.8 108.9 -58.4 4.03E-07 006.6 063.8 -09.8 0.002976 0.004226 0.002879 hargrave 2018-01-16 12:08:00 
TT 676 122.8 -28.2 128.9 -58.3 4.63E-07 009.6 067.1 -19.8 0.006066 0.005477 0.002466 hargrave 2018-01-17 11:05:42 
TT 676 123.0 -26.4 128.7 -56.5 4.62E-07 007.9 069.0 -19.4 0.004807 0.004639 0.002783 hargrave 2018-01-17 12:25:56 
TT 678 111.4 -11.5 110.5 -42.2 2.82E-07 009.6 079.1 -03.8 0.003765 0.003763 0.002602 hargrave 2018-01-22 13:52:05 
TT 678 113.0 -07.3 112.8 -38.0 2.75E-07 016.9 083.6 -03.6 0.007719 0.003531 0.002813 hargrave 2018-01-22 15:38:41 
TT 678 110.7 -12.0 109.7 -42.7 2.82E-07 006.8 078.3 -03.5 0.001885 0.002391 0.002699 hargrave 2018-01-22 18:19:42 
TT 680 146.8  00.2 150.8 -25.2 2.07E-07 007.2 105.8 -31.1 0.002061 0.001715 0.002609 hargrave 2018-01-25 10:33:56 
TT 680 144.8 -03.8 150.0 -29.6 2.02E-07 005.5 100.6 -31.1 0.000578 0.001812 0.002858 hargrave 2018-01-26 11:56:29 
TT 682 139.8 -00.0 143.4 -27.4 8.94E-08 017.7 101.9 -24.9 0.000662 0.001440 0.003323 hargrave 2018-01-31 09:34:34 
TT 682 140.5 -02.0 144.7 -29.1 9.28E-08 020.3 100.3 -26.5 0.000948 0.000820 0.003718 hargrave 2018-01-31 11:31:37 
TT 682 134.2 -01.6 137.6 -30.2 8.91E-08 023.9 097.7 -20.6 0.001511 0.001369 0.003778 hargrave 2018-01-31 13:10:46 
TT 684 140.3 -35.4 161.3 -60.6 9.02E-08 017.8 062.6 -35.7 0.001039 0.001350 0.003295 hargrave 2018-02-05 10:42:22 
TT 684 145.1 -31.0 164.2 -54.8 9.62E-08 017.7 068.7 -39.2 0.001357 0.001369 0.003508 hargrave 2018-02-05 14:02:05 
TT 684 141.5 -30.7 159.2 -55.9 8.92E-08 016.5 068.5 -36.2 0.001395 0.001333 0.002731 hargrave 2018-02-05 16:27:46 
TT 686 097.2 -09.6 092.6 -38.7 2.46E-08 058.1 074.9  09.6 0.000656 0.000624 0.003874 hargrave 2018-02-07 12:42:48 
TT 686 112.0 -16.5 111.2 -47.2 2.52E-08 052.5 074.7 -06.4 0.000518 0.000669 0.003142 hargrave 2018-02-07 15:33:08 
TT 686 109.8 -23.6 107.5 -54.2 2.33E-08 057.6 067.3 -07.2 0.000814 0.000995 0.003278 hargrave 2018-02-08 11:54:59 
TT 688 256.5 -55.0 270.6 -28.1 4.55E-08 033.2 322.7 -39.7 0.000661 0.000785 0.003112 hargrave 2018-02-14 13:18:54 
TT 688 248.5 -51.8 264.3 -27.0 4.95E-08 031.1 320.6 -45.2 0.001312 0.001297 0.002788 hargrave 2018-02-14 17:08:28 
TT 690 309.4  32.7 321.9  61.5 1.08E-07 021.6 244.0  26.4 0.001858 0.001934 0.003762 hargrave 2018-02-26 17:17:14 
TT 690 308.4  30.1 318.9  59.1 9.96E-08 024.3 246.6  25.0 0.001195 0.001506 0.004220 hargrave 2018-02-27 09:10:08 
TT 692 108.4 -15.9 106.2 -46.4 1.04E-07 021.7 073.9 -02.9 0.000908 0.001025 0.003936 hargrave 2018-03-02 10:56:29 
TT 692 110.7 -15.6 109.4 -46.2 1.07E-07 019.9 075.1 -04.8 0.000903 0.001263 0.003587 hargrave 2018-03-02 12:12:54 
