TR026 -Ja mag compass orientation (IGRF corrected)
 1157.1 108.3  73.0  23.9  30.7   1.0
NRM    068.8 -21.7 053.6 -40.8 4.25E-05 003.9 053.7  27.2 0.245355 0.140969 0.084829 hargrave 2017-10-13 15:57:50 
TT 100 074.6 -26.2 057.1 -47.2 4.17E-05 004.3 052.8  20.4 0.245666 0.194552 0.079391 hargrave 2017-10-15 14:57:27 
TT 200 076.9 -30.9 056.2 -52.4 4.24E-05 002.1 049.6  16.1 0.146133 0.160226 0.062509 hargrave 2017-10-16 10:44:10 
TT 300 078.9 -32.5 057.3 -54.5 4.16E-05 001.4 049.2  13.9 0.101568 0.063778 0.066466 hargrave 2017-10-16 19:30:31 
TT 350 080.1 -33.5 058.0 -56.0 4.15E-05 001.4 048.8  12.4 0.090240 0.084066 0.064615 hargrave 2017-10-17 16:32:59 
TT 400 084.7 -30.1 066.8 -54.7 4.11E-05 005.9 053.8  10.7 0.341980 0.249462 0.085500 hargrave 2017-10-20 13:19:33 
TT 450 085.4 -35.4 063.3 -59.8 4.07E-05 003.3 049.2  07.7 0.173726 0.161997 0.052588 hargrave 2017-10-22 16:53:42 
TT 475 086.0 -36.9 062.7 -61.3 4.06E-05 001.4 048.1  06.5 0.091061 0.092414 0.046595 hargrave 2017-10-23 16:54:00 
TT 500 088.0 -37.1 065.5 -62.2 4.01E-05 001.4 048.7  05.1 0.089237 0.089818 0.049403 hargrave 2017-10-24 15:05:41 
TT 525 090.4 -36.7 069.6 -62.7 3.93E-05 004.4 049.9  03.5 0.225164 0.195524 0.087096 hargrave 2017-10-26 15:19:55 
TT 550 091.2 -38.7 068.8 -64.8 3.84E-05 003.8 048.3  02.1 0.187304 0.185079 0.067761 hargrave 2017-10-27 12:06:33 
TT 555 093.2 -36.4 074.3 -63.5 3.78E-05 005.3 051.0  01.6 0.264804 0.225268 0.087721 hargrave 2017-10-28 14:40:46 
TT 560 092.5 -38.6 071.0 -65.2 3.66E-05 003.4 048.8  01.2 0.156690 0.143066 0.088530 hargrave 2017-10-31 19:26:08 
TT 565 093.3 -37.8 073.2 -64.8 3.63E-05 003.5 049.8  00.9 0.173823 0.144786 0.077723 hargrave 2017-11-03 20:28:37 
TT 570 094.7 -36.3 076.9 -63.9 3.61E-05 003.5 051.6  00.5 0.162795 0.158293 0.087405 hargrave 2017-11-05 19:54:19 
TT 575 094.0 -38.1 074.0 -65.3 3.61E-05 002.5 049.7  00.3 0.126076 0.112187 0.080555 hargrave 2017-11-09 16:52:03 
TT 580 093.2 -37.7 073.1 -64.6 3.59E-05 002.3 049.8  01.1 0.079710 0.075382 0.124769 hargrave 2017-11-14 12:25:24 
TT 600 093.1 -39.4 071.3 -66.2 3.58E-05 002.3 048.2  00.4 0.097378 0.094348 0.100213 hargrave 2017-11-14 21:26:00 
TT 620 094.9 -38.2 075.6 -65.7 3.66E-05 004.0 049.9 -00.4 0.197706 0.176140 0.060973 hargrave 2017-11-17 20:41:05 
TT 630 094.3 -41.5 070.7 -68.4 3.67E-05 003.5 046.6 -01.1 0.167797 0.164689 0.059494 hargrave 2017-11-19 20:14:10 
TT 640 095.9 -40.6 074.7 -68.1 3.66E-05 003.2 047.9 -01.9 0.153279 0.146782 0.060530 hargrave 2017-11-21 19:18:23 
TT 645 096.8 -41.4 075.5 -69.1 3.64E-05 003.3 047.4 -02.8 0.159409 0.157568 0.061415 hargrave 2017-11-27 18:58:58 
TT 650 097.2 -40.7 077.1 -68.6 3.64E-05 004.0 048.2 -02.9 0.196007 0.171717 0.066141 hargrave 2017-11-28 17:21:11 
TT 655 097.9 -40.8 078.3 -69.0 3.69E-05 002.1 048.2 -03.5 0.098137 0.099780 0.075185 hargrave 2017-12-11 14:21:46 
TT 660 099.0 -39.6 081.8 -68.1 3.67E-05 002.6 049.7 -03.8 0.126223 0.121106 0.062719 hargrave 2017-12-12 14:01:58 
TT 665 100.8 -39.3 085.6 -68.3 3.61E-05 001.8 050.4 -05.1 0.070866 0.063080 0.093326 hargrave 2018-01-08 13:35:30 
TT 670 101.2 -41.0 084.7 -70.0 3.50E-05 003.6 048.8 -05.9 0.169231 0.141359 0.068121 hargrave 2018-01-10 16:42:46 
TT 672 101.9 -41.5 085.9 -70.7 3.48E-05 001.8 048.6 -06.6 0.084318 0.070690 0.071484 hargrave 2018-01-11 15:46:39 
TT 674 101.0 -41.6 083.9 -70.5 3.35E-05 002.9 048.3 -05.9 0.126486 0.113290 0.067210 hargrave 2018-01-12 16:53:33 
TT 676 102.4 -42.0 086.5 -71.3 3.18E-05 001.9 048.2 -07.1 0.068945 0.065212 0.082656 hargrave 2018-01-17 11:14:38 
TT 678 103.7 -42.3 089.0 -71.8 2.59E-05 001.1 048.2 -08.0 0.050624 0.045033 0.042363 hargrave 2018-01-22 13:59:25 
TT 680 106.0 -40.7 095.6 -70.7 1.97E-05 003.2 050.2 -09.3 0.090241 0.089895 0.030597 hargrave 2018-01-25 10:41:21 
TT 682 106.6 -41.5 096.4 -71.6 1.26E-05 004.0 049.5 -10.0 0.063963 0.059381 0.023557 hargrave 2018-01-31 09:40:40 
TT 684 117.7 -23.6 119.8 -54.2 5.22E-06 003.1 069.4 -15.1 0.022667 0.014160 0.014517 hargrave 2018-02-05 10:51:18 
TT 686 099.0 -38.8 082.4 -67.4 3.21E-06 004.2 050.4 -03.6 0.015486 0.015500 0.010754 hargrave 2018-02-07 12:51:10 
TT 688 120.7 -03.4 122.1 -33.9 2.12E-06 003.4 090.3 -12.9 0.007229 0.005536 0.009957 hargrave 2018-02-14 13:26:18 
TT 690 139.8  27.6 136.7 -00.5 1.81E-06 002.0 127.5 -17.9 0.003968 0.003181 0.004901 hargrave 2018-02-26 17:21:41 
TT 692 130.1  43.9 125.9  14.1 1.89E-06 002.8 138.0 -03.0 0.008095 0.005802 0.005772 hargrave 2018-03-02 11:02:08 
