TR002 -Ia mag compass orientation (IGRF corrected)
 937.42 199.3  70.0 316.9  52.2   1.0
NRM    075.7  53.0 063.8  04.2 4.26E-05 002.1 209.9  48.1 0.103924 0.094031 0.069329 hargrave 2017-07-20 10:55:44 
TT 100 076.5  52.9 064.3  04.2 4.06E-05 003.2 209.6  48.5 0.097395 0.211035 0.074704 hargrave 2017-07-21 12:40:14 
TT 200 078.0  52.7 065.2  04.4 3.95E-05 002.2 208.9  49.4 0.078149 0.149261 0.058733 hargrave 2017-07-24 08:08:34 
TT 300 077.9  52.1 065.4  03.9 3.93E-05 002.6 209.6  49.7 0.089602 0.168635 0.057936 hargrave 2017-07-24 16:02:07 
TT 350 077.9  51.5 065.6  03.3 3.88E-05 002.3 210.4  50.1 0.101734 0.093271 0.073162 hargrave 2017-07-31 11:34:26 
TT 400 078.3  51.0 066.1  03.0 3.82E-05 002.0 210.6  50.6 0.075164 0.098624 0.052713 hargrave 2017-08-01 09:59:09 
TT 450 079.2  50.1 067.0  02.4 3.75E-05 002.1 211.1  51.6 0.088197 0.097106 0.051578 hargrave 2017-08-02 09:28:25 
TT 475 080.1  51.2 067.0  03.6 3.76E-05 002.1 209.3  51.3 0.085505 0.121023 0.062945 hargrave 2017-08-03 16:30:07 
TT 500 081.1  51.2 067.6  03.9 3.72E-05 001.9 208.6  51.8 0.094118 0.109968 0.057517 hargrave 2017-08-04 13:06:37 
TT 525 081.3  49.8 068.3  02.7 3.64E-05 002.4 210.1  52.8 0.099446 0.092725 0.071220 hargrave 2017-08-07 09:52:21 
TT 550 081.7  49.7 068.6  02.7 3.57E-05 002.2 210.0  53.1 0.074264 0.099916 0.059170 hargrave 2017-08-08 09:04:53 
TT 555 081.8  49.5 068.8  02.6 3.56E-05 001.8 210.0  53.3 0.077639 0.078586 0.035644 hargrave 2017-08-09 09:04:16 
TT 560 081.3  48.9 068.7  01.9 3.50E-05 002.5 211.2  53.4 0.076400 0.119867 0.066670 hargrave 2017-08-16 10:23:19 
TT 565 082.3  49.3 069.1  02.6 3.48E-05 002.3 209.9  53.6 0.072748 0.105855 0.068101 hargrave 2017-08-16 18:42:37 
TT 570 081.9  49.4 068.8  02.5 3.47E-05 002.4 210.2  53.4 0.073094 0.109592 0.063694 hargrave 2017-08-17 15:26:09 
TT 575 082.3  49.8 068.9  03.0 3.45E-05 002.2 209.3  53.3 0.070791 0.097203 0.058190 hargrave 2017-08-18 11:07:16 
TT 580 082.4  50.0 068.8  03.2 3.43E-05 002.1 209.1  53.2 0.072046 0.088653 0.054302 hargrave 2017-08-21 08:23:57 
TT 600 084.0  50.0 069.7  03.7 3.36E-05 002.4 207.8  53.9 0.068055 0.111618 0.055604 hargrave 2017-08-21 17:12:43 
TT 620 084.2  49.3 070.2  03.2 3.28E-05 002.1 208.4  54.5 0.071316 0.082505 0.054122 hargrave 2017-08-22 16:12:04 
TT 630 084.5  48.9 070.6  02.9 3.21E-05 002.3 208.7  54.9 0.068187 0.101000 0.047070 hargrave 2017-08-23 15:12:14 
TT 640 085.8  49.2 071.2  03.6 3.19E-05 002.0 207.2  55.3 0.068332 0.081673 0.045313 hargrave 2017-08-24 11:53:53 
TT 645 086.3  49.0 071.5  03.5 3.15E-05 002.3 207.1  55.6 0.069681 0.097186 0.051589 hargrave 2017-08-25 08:14:32 
TT 650 084.9  48.2 071.1  02.4 3.12E-05 002.9 209.2  55.6 0.066003 0.132422 0.069202 hargrave 2017-08-29 11:03:08 
TT 655 087.1  48.8 072.1  03.6 3.06E-05 001.9 206.6  56.1 0.070623 0.066414 0.047558 hargrave 2017-08-29 19:48:51 
TT 660 086.4  48.3 072.0  03.0 3.04E-05 002.7 207.8  56.2 0.087796 0.109576 0.047358 hargrave 2017-09-01 20:58:09 
TT 665 084.9  47.4 071.5  01.8 3.03E-05 002.5 210.1  56.2 0.076281 0.106323 0.040061 hargrave 2017-09-10 13:24:06 
TT 670 087.9  48.4 072.8  03.6 2.95E-05 002.2 206.3  56.8 0.068849 0.087454 0.033367 hargrave 2017-09-12 19:38:43 
TT 672 087.1  46.4 073.3  01.6 2.89E-05 003.8 209.4  58.0 0.085907 0.174864 0.028996 hargrave 2017-09-15 11:51:03 
TT 674 088.8  47.2 073.9  02.9 2.89E-05 002.3 206.8  58.1 0.068944 0.088359 0.033178 hargrave 2017-09-16 18:45:04 
TT 676 091.4  46.5 075.8  03.2 2.67E-05 002.6 204.9  59.7 0.065711 0.102325 0.029568 hargrave 2017-09-19 20:44:30 
TT 678 092.8  47.0 076.3  04.2 2.43E-05 002.5 202.6  59.8 0.060334 0.084245 0.038349 hargrave 2017-09-22 21:46:10 
TT 680 096.4  49.4 076.9  07.5 1.97E-05 002.8 196.4  58.9 0.050969 0.076871 0.038027 hargrave 2017-09-24 19:28:42 
TT 682 100.3  57.7 073.3  15.5 8.48E-06 002.8 187.8  51.7 0.030606 0.020678 0.023715 hargrave 2017-09-26 13:16:12 
TT 684 351.8  60.8 022.0  18.3 3.25E-06 003.9 205.7  05.0 0.006214 0.011939 0.019266 hargrave 2017-10-01 13:23:34 
TT 686 019.2  36.1 024.3 -11.7 2.69E-06 004.0 235.5  11.5 0.006693 0.007413 0.016695 hargrave 2017-10-02 13:30:30 
TT 688 154.1  46.1 103.0  37.1 1.28E-06 007.6 136.2  45.1 0.005676 0.003786 0.026831 hargrave 2017-10-03 16:24:23 
TT 688 153.9  45.8 103.4  36.9 1.26E-06 007.3 135.8  45.3 0.006979 0.003103 0.026064 hargrave 2017-10-05 07:58:20 
TT 688 162.4  47.0 104.0  42.8 1.15E-06 003.0 135.1  39.4 0.005394 0.003215 0.008039 hargrave 2017-10-05 10:05:40 
