TR002 -Fa mag compass orientation (IGRF corrected)
 937.18 230.3  69.0 316.9  52.2   1.0
NRM    331.0  55.5 010.1  23.3 2.48E-05 002.5 186.2 -13.0 0.085098 0.097293 0.033653 hargrave 2017-07-20 10:50:13 
TT 100 330.1  53.6 008.1  22.7 2.53E-05 007.2 186.0 -15.0 0.055594 0.321379 0.035707 hargrave 2017-07-21 12:35:40 
TT 100 329.3  53.7 008.0  23.2 2.50E-05 004.2 185.5 -14.9 0.026594 0.177985 0.047229 hargrave 2017-07-21 14:15:29 
TT 200 324.7  53.5 006.2  25.4 2.51E-05 005.7 182.7 -15.4 0.031048 0.249397 0.042030 hargrave 2017-07-24 08:04:02 
TT 300 326.3  52.9 006.2  24.3 2.48E-05 006.8 183.8 -15.9 0.044794 0.293815 0.038473 hargrave 2017-07-24 15:57:33 
TT 350 328.0  52.9 006.8  23.4 2.43E-05 002.0 184.8 -15.8 0.078250 0.072030 0.044538 hargrave 2017-07-31 11:28:50 
TT 400 327.1  53.3 006.8  24.1 2.38E-05 003.0 184.2 -15.5 0.084546 0.114507 0.039024 hargrave 2017-08-01 09:53:36 
TT 450 327.2  54.0 007.5  24.4 2.30E-05 001.6 184.2 -14.7 0.087359 0.046682 0.037154 hargrave 2017-08-02 09:22:54 
TT 475 323.0  53.6 005.7  26.3 2.28E-05 003.2 181.7 -15.4 0.041479 0.120691 0.036600 hargrave 2017-08-03 16:25:27 
TT 500 323.0  53.8 005.9  26.4 2.24E-05 003.5 181.7 -15.1 0.055046 0.131296 0.035632 hargrave 2017-08-04 13:01:58 
TT 525 322.6  53.9 005.9  26.7 2.17E-05 003.1 181.4 -15.1 0.084373 0.104781 0.047166 hargrave 2017-08-07 09:46:51 
TT 550 322.2  54.0 005.9  26.9 2.09E-05 001.9 181.2 -15.0 0.080896 0.052729 0.037169 hargrave 2017-08-08 08:59:19 
TT 555 319.8  53.9 005.0  28.2 2.09E-05 002.2 179.7 -15.1 0.084458 0.069188 0.033344 hargrave 2017-08-09 08:58:54 
TT 560 325.8  54.3 007.3  25.2 2.04E-05 003.0 183.3 -14.6 0.091258 0.097656 0.038226 hargrave 2017-08-16 10:17:48 
TT 565 323.8  54.3 006.7  26.3 2.00E-05 001.9 182.1 -14.6 0.091413 0.050075 0.038831 hargrave 2017-08-16 18:37:08 
TT 570 326.1  54.8 007.8  25.3 1.97E-05 002.1 183.4 -14.1 0.087291 0.057861 0.036840 hargrave 2017-08-17 15:20:36 
TT 575 322.6  55.5 007.5  27.4 1.96E-05 003.1 181.3 -13.5 0.084708 0.096735 0.036488 hargrave 2017-08-18 11:01:44 
TT 580 325.8  55.3 008.3  25.8 1.93E-05 002.2 183.2 -13.6 0.083584 0.061055 0.034369 hargrave 2017-08-21 08:18:26 
TT 600 324.1  56.1 008.5  26.9 1.84E-05 002.8 182.2 -12.9 0.079695 0.079248 0.032065 hargrave 2017-08-21 17:07:08 
TT 620 320.2  56.0 007.3  28.9 1.77E-05 001.9 179.9 -13.0 0.070814 0.048726 0.030555 hargrave 2017-08-22 16:06:31 
TT 630 319.9  54.9 006.1  28.6 1.74E-05 002.2 179.7 -14.1 0.047962 0.058257 0.029255 hargrave 2017-08-23 15:06:39 
TT 640 318.3  55.5 006.3  29.6 1.71E-05 002.7 178.8 -13.4 0.041729 0.075057 0.029426 hargrave 2017-08-24 11:48:12 
TT 645 317.3  55.0 005.4  29.9 1.65E-05 002.0 178.2 -14.0 0.029136 0.046549 0.029937 hargrave 2017-08-25 08:09:00 
TT 650 317.4  55.3 005.8  30.0 1.62E-05 002.0 178.3 -13.7 0.025138 0.043998 0.033431 hargrave 2017-08-29 10:57:32 
TT 655 310.1  53.5 002.0  33.2 1.55E-05 002.7 173.8 -15.0 0.027324 0.064641 0.027137 hargrave 2017-08-29 19:43:19 
TT 660 313.7  54.6 004.1  31.7 1.53E-05 003.2 176.0 -14.2 0.036484 0.076904 0.029255 hargrave 2017-09-01 20:52:34 
TT 665 309.7  52.9 001.2  33.3 1.48E-05 001.8 173.4 -15.5 0.028923 0.034617 0.030778 hargrave 2017-09-10 13:18:36 
TT 670 310.6  47.9 356.0  30.8 1.11E-05 002.1 173.1 -20.5 0.025094 0.029597 0.023761 hargrave 2017-09-12 19:34:00 
TT 672 293.5  38.5 339.7  38.8 6.92E-06 002.8 157.0 -25.4 0.025196 0.024653 0.017994 hargrave 2017-09-15 11:46:17 
TT 674 302.9  46.0 351.5  35.0 7.16E-06 001.9 167.1 -21.1 0.017530 0.015588 0.017807 hargrave 2017-09-16 18:40:19 
TT 674 303.2  46.2 351.8  34.9 7.06E-06 003.1 167.4 -21.1 0.023259 0.031618 0.017482 hargrave 2017-09-19 11:17:04 
TT 676 272.3  47.2 347.6  55.7 2.86E-06 003.8 149.2 -09.3 0.010443 0.011091 0.016655 hargrave 2017-09-19 20:39:45 
TT 678 311.6  56.0 005.2  33.3 4.21E-06 002.7 175.0 -12.6 0.012490 0.010826 0.015525 hargrave 2017-09-22 21:41:25 
TT 680 276.0  28.4 318.8  48.3 2.21E-06 004.9 137.5 -24.7 0.009740 0.006762 0.020400 hargrave 2017-09-24 19:23:57 
TT 682 281.0  48.8 350.8  50.0 1.63E-06 005.7 154.8 -11.9 0.007333 0.005986 0.014492 hargrave 2017-09-26 13:11:26 
TT 684 359.2  58.5 023.4  14.2 2.06E-06 004.8 199.2 -04.3 0.008881 0.007429 0.015742 hargrave 2017-10-01 13:18:55 
TT 686 051.5 -05.6 055.5 -57.5 1.59E-06 006.0 275.7 -00.8 0.007530 0.005945 0.014615 hargrave 2017-10-02 13:25:46 
TT 688 279.6  55.0 000.4  50.9 2.59E-06 004.1 157.9 -06.5 0.010988 0.006755 0.016228 hargrave 2017-10-03 16:19:45 
