TR002 -Da mag compass orientation (IGRF corrected)
  937.1 237.3  68.0 316.9  52.2   1.0
NRM    351.3  74.6 032.5  28.2 3.47E-05 001.9 186.3  07.8 0.046288 0.100246 0.051309 hargrave 2017-07-20 10:46:41 
TT 100 341.2  73.6 029.6  29.7 3.33E-05 002.2 183.9  06.0 0.078831 0.121289 0.045157 hargrave 2017-07-21 12:32:48 
TT 200 340.7  73.2 029.2  29.7 3.25E-05 002.3 183.8  05.6 0.090562 0.108232 0.063389 hargrave 2017-07-24 08:01:10 
TT 300 342.6  73.1 029.4  29.1 3.21E-05 002.9 184.4  05.6 0.109413 0.144717 0.056641 hargrave 2017-07-24 15:54:40 
TT 350 345.2  73.2 030.1  28.6 3.13E-05 001.6 185.1  06.0 0.041766 0.055667 0.066123 hargrave 2017-07-31 11:25:08 
TT 400 340.2  73.7 029.6  30.0 3.07E-05 002.6 183.6  06.1 0.047266 0.126166 0.056610 hargrave 2017-08-01 09:50:00 
TT 450 341.7  74.4 030.5  30.1 2.99E-05 002.1 183.9  06.8 0.048598 0.100880 0.048669 hargrave 2017-08-02 09:19:22 
TT 475 336.4  74.6 029.8  31.4 2.98E-05 001.8 182.4  06.8 0.130092 0.071814 0.055930 hargrave 2017-08-03 16:22:31 
TT 500 340.3  74.2 030.1  30.3 2.94E-05 001.6 183.5  06.6 0.150437 0.054287 0.055857 hargrave 2017-08-04 12:59:04 
TT 525 339.2  74.8 030.5  30.9 2.82E-05 002.5 183.1  07.1 0.053861 0.093710 0.076985 hargrave 2017-08-07 09:43:20 
TT 550 343.8  75.1 031.5  30.0 2.75E-05 001.7 184.2  07.6 0.070886 0.056635 0.057294 hargrave 2017-08-08 08:55:45 
TT 555 336.9  75.5 030.8  31.7 2.73E-05 001.6 182.4  07.7 0.078302 0.057776 0.043751 hargrave 2017-08-09 08:55:28 
TT 560 342.0  75.8 031.9  30.8 2.68E-05 001.4 183.6  08.2 0.078765 0.034709 0.056959 hargrave 2017-08-16 10:14:16 
TT 565 337.0  76.8 032.2  32.3 2.64E-05 001.7 182.2  09.0 0.079646 0.049854 0.058167 hargrave 2017-08-16 18:33:38 
TT 570 347.4  76.5 033.4  30.2 2.62E-05 002.1 184.7  09.3 0.076527 0.076199 0.059756 hargrave 2017-08-17 15:17:04 
TT 575 340.5  76.9 032.8  31.7 2.59E-05 001.8 183.0  09.3 0.074307 0.060072 0.055934 hargrave 2017-08-18 10:58:07 
TT 580 342.6  76.9 033.1  31.3 2.55E-05 001.7 183.5  09.4 0.072952 0.054791 0.052876 hargrave 2017-08-21 08:14:55 
TT 600 338.7  77.5 033.1  32.3 2.46E-05 001.6 182.5  09.7 0.073320 0.043806 0.049706 hargrave 2017-08-21 17:03:35 
TT 620 336.9  78.0 033.4  32.9 2.37E-05 001.7 182.0  10.2 0.072718 0.048203 0.046871 hargrave 2017-08-22 16:02:54 
TT 630 332.3  78.0 033.0  33.8 2.31E-05 001.8 181.0  10.1 0.069729 0.059116 0.041817 hargrave 2017-08-23 15:03:07 
TT 640 335.4  79.0 034.4  33.6 2.26E-05 001.9 181.6  11.1 0.068589 0.062753 0.042818 hargrave 2017-08-24 11:44:39 
TT 645 313.0  79.4 033.5  37.8 2.11E-05 002.2 177.3  11.7 0.070727 0.070831 0.038844 hargrave 2017-08-25 08:05:27 
TT 650 324.4  79.3 033.8  35.7 2.10E-05 002.1 179.4  11.3 0.063991 0.056878 0.051474 hargrave 2017-08-29 10:53:55 
TT 655 305.2  79.3 033.3  39.2 1.89E-05 001.8 175.9  12.0 0.073495 0.045811 0.034041 hargrave 2017-08-29 19:39:48 
TT 660 341.7  81.4 037.5  33.8 1.31E-05 002.2 182.2  13.7 0.041200 0.043892 0.022545 hargrave 2017-09-01 20:49:03 
TT 665 329.6  80.5 035.5  35.2 1.31E-05 002.6 180.4  12.5 0.020638 0.052235 0.033485 hargrave 2017-09-10 13:15:05 
TT 670 359.3  58.8 023.7  14.4 5.18E-06 003.2 196.0 -05.0 0.015990 0.012428 0.025287 hargrave 2017-09-12 19:30:52 
TT 672 242.1  55.9 022.4  69.2 4.08E-06 003.6 144.6  15.5 0.013227 0.004476 0.025185 hargrave 2017-09-15 11:43:12 
TT 674 150.5  88.3 049.0  38.2 3.64E-06 004.4 179.9  23.7 0.010114 0.007823 0.028595 hargrave 2017-09-16 18:37:16 
TT 674 119.4  86.7 050.8  36.7 3.53E-06 004.9 181.7  24.9 0.010095 0.015578 0.026319 hargrave 2017-09-19 11:14:01 
TT 676 301.6  37.3 341.4  32.5 3.08E-06 004.3 157.5 -26.0 0.010407 0.011443 0.019005 hargrave 2017-09-19 20:36:42 
TT 678 316.9  63.8 014.9  33.3 2.41E-06 006.2 175.4 -03.9 0.009426 0.017751 0.019037 hargrave 2017-09-22 21:38:23 
TT 678 311.9  63.6 014.0  35.4 2.36E-06 007.1 173.2 -03.5 0.010349 0.021083 0.019907 hargrave 2017-09-24 10:51:11 
TT 678 318.3  64.2 015.7  32.9 2.36E-06 005.1 176.1 -03.5 0.009464 0.008295 0.019607 hargrave 2017-09-24 11:15:49 
TT 680 298.9  65.0 014.6  41.2 3.82E-06 006.2 168.4 -00.3 0.010834 0.034618 0.022291 hargrave 2017-09-24 19:20:54 
TT 682 043.6  54.1 044.9  02.0 2.63E-06 004.7 215.3  10.1 0.007189 0.009149 0.019357 hargrave 2017-09-26 13:08:22 
TT 684 028.1  43.4 033.3 -07.0 1.24E-06 007.9 219.5 -04.1 0.010003 0.013228 0.010285 hargrave 2017-10-01 13:15:56 
TT 684 027.8  43.8 033.1 -06.6 1.28E-06 006.8 219.0 -04.0 0.009609 0.011053 0.009352 hargrave 2017-10-01 16:27:49 
TT 686 009.2  38.7 018.2 -06.0 2.32E-06 004.5 213.1 -17.7 0.009907 0.011619 0.013008 hargrave 2017-10-02 13:22:47 
TT 688 278.0  26.7 317.8  45.9 2.15E-06 008.3 133.1 -21.9 0.009292 0.004946 0.031821 hargrave 2017-10-03 16:16:40 
TT 688 274.9  30.3 320.9  50.0 2.04E-06 003.1 134.2 -17.4 0.009103 0.005059 0.008209 hargrave 2017-10-05 07:53:31 
