TR002 -Ca mag compass orientation (IGRF corrected)
 937.03 230.3  57.0 316.9  52.2   1.0
NRM    353.2  60.7 022.5  17.8 4.52E-05 001.1 195.5  07.5 0.072676 0.069885 0.060108 hargrave 2017-07-20 10:45:02 
TT 100 352.1  58.5 020.4  16.5 4.39E-05 002.4 196.0  05.3 0.068091 0.197138 0.058956 hargrave 2017-07-21 12:31:27 
TT 200 349.7  58.6 019.6  17.5 4.23E-05 003.4 194.9  04.8 0.108471 0.251028 0.067678 hargrave 2017-07-24 07:59:50 
TT 300 351.8  57.9 019.9  16.2 4.20E-05 002.6 196.2  04.7 0.124069 0.201088 0.072110 hargrave 2017-07-24 15:53:18 
TT 350 349.9  58.7 019.7  17.4 4.08E-05 001.1 195.0  04.9 0.059691 0.035746 0.065461 hargrave 2017-07-31 11:23:28 
TT 400 348.2  59.2 019.4  18.5 4.01E-05 002.3 193.9  05.1 0.073377 0.132920 0.079331 hargrave 2017-08-01 09:48:15 
TT 450 351.9  58.3 020.2  16.4 3.90E-05 001.4 196.1  05.0 0.063424 0.046397 0.077159 hargrave 2017-08-02 09:17:42 
TT 475 350.8  58.5 019.9  16.9 3.87E-05 002.0 195.5  04.9 0.064374 0.121484 0.065449 hargrave 2017-08-03 16:21:10 
TT 500 351.9  58.7 020.5  16.7 3.80E-05 002.5 195.9  05.4 0.090934 0.155759 0.062263 hargrave 2017-08-04 12:57:39 
TT 525 349.8  59.4 020.2  18.0 3.74E-05 001.4 194.6  05.6 0.040389 0.061247 0.063175 hargrave 2017-08-07 09:41:40 
TT 550 349.1  59.7 020.2  18.5 3.64E-05 001.5 194.2  05.7 0.047444 0.065802 0.063583 hargrave 2017-08-08 08:54:05 
TT 555 350.2  59.3 020.3  17.8 3.61E-05 001.3 194.8  05.6 0.059503 0.059401 0.049797 hargrave 2017-08-09 08:53:52 
TT 560 350.6  59.5 020.6  17.8 3.54E-05 001.3 194.9  05.9 0.052673 0.042854 0.069486 hargrave 2017-08-16 10:12:37 
TT 565 351.4  59.4 020.8  17.4 3.50E-05 001.8 195.3  05.9 0.061014 0.083341 0.071465 hargrave 2017-08-16 18:31:59 
TT 570 350.1  59.4 020.3  17.9 3.48E-05 001.3 194.7  05.7 0.048697 0.041859 0.068044 hargrave 2017-08-17 15:15:24 
TT 575 350.9  59.0 020.3  17.3 3.44E-05 001.4 195.3  05.4 0.042831 0.050624 0.066708 hargrave 2017-08-18 10:56:29 
TT 580 351.1  58.5 020.1  16.9 3.41E-05 001.5 195.6  05.0 0.041995 0.062159 0.065790 hargrave 2017-08-21 08:13:16 
TT 600 349.2  58.9 019.6  17.9 3.29E-05 001.5 194.5  05.0 0.040974 0.054223 0.068213 hargrave 2017-08-21 17:01:54 
TT 620 350.1  59.2 020.2  17.8 3.19E-05 001.6 194.8  05.5 0.058201 0.057488 0.064894 hargrave 2017-08-22 16:01:14 
TT 630 347.4  59.4 019.3  18.9 3.13E-05 001.6 193.5  05.1 0.027110 0.054848 0.065063 hargrave 2017-08-23 15:01:27 
TT 640 351.1  59.4 020.7  17.6 3.09E-05 001.7 195.2  05.9 0.050887 0.065494 0.064790 hargrave 2017-08-24 11:43:00 
TT 645 343.3  61.2 019.2  21.6 2.90E-05 002.0 190.9  06.0 0.061870 0.065979 0.074143 hargrave 2017-08-25 08:03:48 
TT 650 348.5  59.5 019.8  18.5 2.87E-05 001.9 194.0  05.4 0.056028 0.076202 0.051580 hargrave 2017-08-29 10:52:11 
TT 655 345.0  59.1 018.2  19.6 2.57E-05 002.3 192.4  04.4 0.084877 0.070706 0.062724 hargrave 2017-08-29 19:38:08 
TT 660 357.8  58.9 023.1  15.0 1.79E-05 002.8 198.4  07.1 0.088639 0.045969 0.055505 hargrave 2017-09-01 20:47:24 
TT 665 349.2  59.7 020.2  18.4 1.75E-05 003.1 194.2  05.7 0.051051 0.071945 0.053004 hargrave 2017-09-10 13:13:25 
TT 670 046.7 -06.1 046.4 -58.3 3.63E-06 010.3 273.1 -06.3 0.029434 0.028502 0.056327 hargrave 2017-09-12 19:29:18 
TT 670 052.4 -15.9 060.9 -67.6 3.57E-06 009.3 284.5 -06.9 0.020167 0.019430 0.052749 hargrave 2017-09-13 09:00:46 
TT 670 051.0 -04.4 054.4 -56.4 3.94E-06 009.3 274.1 -01.8 0.026872 0.026849 0.057080 hargrave 2017-09-14 14:04:46 
TT 670 051.1 -06.8 055.0 -58.8 3.81E-06 008.9 276.2 -03.0 0.021786 0.021992 0.053973 hargrave 2017-09-14 14:58:50 
TT 672 345.6  57.7 017.3  18.4 4.55E-06 008.2 193.2  03.1 0.026084 0.014861 0.064182 hargrave 2017-09-15 11:41:37 
TT 674 358.3  41.9 013.0  01.2 4.48E-06 007.3 207.5 -07.3 0.031077 0.014411 0.052067 hargrave 2017-09-16 18:35:42 
TT 674 005.8  42.2 017.7 -01.7 4.26E-06 008.2 212.0 -04.0 0.020274 0.014638 0.058964 hargrave 2017-09-19 09:03:34 
TT 676 283.0  48.0 349.7  48.6 3.93E-06 008.8 156.0 -02.4 0.017283 0.015944 0.058288 hargrave 2017-09-19 20:35:07 
TT 676 291.7  52.6 357.4  43.7 3.57E-06 010.1 163.1 -00.8 0.015686 0.013741 0.061582 hargrave 2017-09-22 11:39:30 
TT 676 289.0  51.0 354.8  45.2 3.53E-06 010.1 160.9 -01.6 0.015082 0.010472 0.061758 hargrave 2017-09-22 12:23:43 
TT 678 344.6  64.9 022.7  23.5 3.29E-06 011.2 190.2  09.7 0.020147 0.031360 0.057619 hargrave 2017-09-22 21:36:48 
TT 678 322.4  67.6 020.2  32.5 2.96E-06 013.2 180.8  10.6 0.012348 0.028147 0.064244 hargrave 2017-09-24 10:49:36 
TT 678 328.1  67.8 021.4  30.6 2.92E-06 012.9 183.0  11.0 0.013135 0.012049 0.065498 hargrave 2017-09-24 11:14:14 
TT 680 278.4  36.4 331.3  49.4 2.26E-06 013.7 146.9 -10.3 0.017857 0.011308 0.053916 hargrave 2017-09-24 19:19:19 
TT 680 274.8  28.7 318.5  49.4 1.91E-06 015.2 139.7 -14.7 0.022252 0.009944 0.051794 hargrave 2017-09-25 09:19:37 
TT 682 014.9  25.3 016.3 -20.1 3.80E-06 008.1 228.9 -11.9 0.015139 0.010683 0.052091 hargrave 2017-09-26 13:06:48 
TT 682 014.4  23.8 015.1 -21.2 3.71E-06 007.4 229.6 -13.3 0.015787 0.010465 0.046691 hargrave 2017-09-26 15:37:36 
TT 684 347.5  45.2 009.1  08.7 3.06E-06 011.8 199.0 -07.9 0.017983 0.038172 0.050223 hargrave 2017-10-01 13:14:23 
TT 684 351.9  44.8 011.1  06.4 3.12E-06 011.4 202.0 -07.1 0.020643 0.030744 0.052526 hargrave 2017-10-01 16:26:11 
TT 684 351.3  44.6 010.6  06.4 3.13E-06 011.0 201.7 -07.5 0.020776 0.026712 0.052072 hargrave 2017-10-01 18:16:03 
TT 686 023.4  30.3 025.7 -18.4 4.68E-06 005.7 230.5 -03.0 0.019455 0.011872 0.043142 hargrave 2017-10-02 13:21:13 
TT 688 281.1  53.6 358.2  50.2 3.70E-06 005.1 157.9  03.0 0.015060 0.015285 0.030881 hargrave 2017-10-03 16:15:07 
