TR002 -Ga mag compass orientation (IGRF corrected)
 937.27 212.3  70.0 316.9  52.2   1.0
NRM    069.8  70.1 055.0  19.2 2.08E-05 001.9 198.4  31.1 0.061992 0.049443 0.026553 hargrave 2017-07-20 10:52:05 
TT 100 066.4  71.0 053.5  19.7 2.01E-05 004.3 198.0  29.7 0.060971 0.138234 0.034990 hargrave 2017-07-21 12:37:13 
TT 200 065.4  71.8 053.0  20.3 1.96E-05 003.0 197.4  29.1 0.048386 0.090830 0.035555 hargrave 2017-07-24 08:05:33 
TT 300 067.3  70.0 054.1  18.8 1.87E-05 003.6 198.9  30.4 0.051481 0.105064 0.033178 hargrave 2017-07-24 15:59:06 
TT 350 064.7  68.8 053.5  17.4 1.83E-05 001.8 200.6  30.0 0.046126 0.037301 0.033640 hargrave 2017-07-31 11:30:46 
TT 400 068.8  68.3 055.2  17.4 1.75E-05 002.0 200.4  31.6 0.050942 0.045152 0.025854 hargrave 2017-08-01 09:55:29 
TT 450 078.5  68.0 058.8  18.4 1.64E-05 002.2 198.4  34.8 0.051824 0.045883 0.024439 hargrave 2017-08-02 09:24:46 
TT 475 083.8  68.6 060.4  19.9 1.57E-05 003.1 196.3  35.9 0.041487 0.075375 0.028018 hargrave 2017-08-03 16:27:00 
TT 500 085.7  67.7 061.5  19.5 1.51E-05 003.0 196.4  37.0 0.042211 0.068146 0.025188 hargrave 2017-08-04 13:03:34 
TT 525 086.1  67.7 061.6  19.6 1.51E-05 002.8 196.3  37.1 0.047962 0.057618 0.031239 hargrave 2017-08-07 09:48:42 
TT 550 092.4  66.3 064.6  19.8 1.45E-05 003.1 195.1  39.8 0.047699 0.064099 0.024264 hargrave 2017-08-08 09:01:12 
TT 555 094.0  65.3 065.8  19.4 1.45E-05 002.9 195.3  41.1 0.047426 0.061736 0.016720 hargrave 2017-08-09 09:00:43 
TT 560 095.5  65.6 066.2  20.0 1.40E-05 002.8 194.3  41.2 0.055094 0.052970 0.021038 hargrave 2017-08-16 10:19:39 
TT 565 095.6  64.3 067.1  19.0 1.38E-05 003.1 195.3  42.3 0.055931 0.059685 0.020834 hargrave 2017-08-16 18:38:59 
TT 570 097.6  63.5 068.3  19.0 1.37E-05 002.9 194.9  43.3 0.053549 0.054322 0.019861 hargrave 2017-08-17 15:22:28 
TT 575 100.3  63.9 069.0  20.1 1.36E-05 003.1 193.2  43.7 0.053191 0.059489 0.020881 hargrave 2017-08-18 11:03:35 
TT 580 099.2  62.7 069.4  18.9 1.36E-05 003.8 194.6  44.4 0.052937 0.078623 0.021140 hargrave 2017-08-21 08:20:17 
TT 600 102.0  61.9 071.0  19.1 1.33E-05 003.3 193.5  45.8 0.051459 0.062721 0.022361 hargrave 2017-08-21 17:09:01 
TT 620 106.8  61.5 073.0  20.5 1.26E-05 003.3 190.8  47.1 0.053262 0.055759 0.018502 hargrave 2017-08-22 16:08:23 
TT 630 109.5  59.8 075.3  20.3 1.20E-05 002.7 189.8  49.1 0.027911 0.049609 0.016613 hargrave 2017-08-23 15:08:35 
TT 640 108.9  58.3 076.3  19.1 1.17E-05 002.2 191.0  50.5 0.029226 0.034099 0.015541 hargrave 2017-08-24 11:50:09 
TT 645 125.4  55.5 084.5  24.6 1.12E-05 003.6 177.0  54.4 0.028497 0.065621 0.017341 hargrave 2017-08-25 08:10:51 
TT 650 117.4  55.9 081.4  21.1 1.10E-05 002.3 184.7  53.9 0.024340 0.034601 0.023872 hargrave 2017-08-29 10:59:23 
TT 655 124.1  58.5 081.3  25.5 1.10E-05 002.2 178.5  51.5 0.028016 0.033996 0.016395 hargrave 2017-08-29 19:45:12 
TT 660 111.6  56.6 078.7  19.0 1.09E-05 002.2 189.7  52.6 0.033738 0.029349 0.017224 hargrave 2017-09-01 20:54:30 
TT 665 126.8  57.1 083.5  26.1 1.02E-05 003.7 175.9  52.8 0.022273 0.056393 0.054151 hargrave 2017-09-10 13:20:28 
TT 670 126.1  57.1 083.2  25.8 9.01E-06 002.0 176.5  52.8 0.026416 0.020076 0.048958 hargrave 2017-09-12 19:35:36 
TT 672 137.7  53.0 090.7  29.8 8.33E-06 003.8 163.9  54.9 0.019510 0.052138 0.046364 hargrave 2017-09-15 11:47:54 
TT 674 125.5  53.1 086.8  23.3 8.27E-06 002.2 176.5  56.8 0.024824 0.022478 0.042989 hargrave 2017-09-16 18:41:55 
TT 674 122.3  52.3 086.3  21.3 8.22E-06 002.7 180.0  57.7 0.021521 0.029421 0.044737 hargrave 2017-09-19 11:18:40 
TT 676 128.6  46.5 093.9  21.5 7.02E-06 002.3 170.5  63.0 0.017995 0.019258 0.048574 hargrave 2017-09-19 20:41:21 
TT 678 118.9  57.4 080.6  22.6 6.80E-06 003.3 183.0  52.5 0.017381 0.026556 0.043134 hargrave 2017-09-22 21:43:01 
TT 680 149.8  48.1 099.6  35.0 5.67E-06 002.6 148.1  54.2 0.012041 0.016027 0.036527 hargrave 2017-09-24 19:25:34 
TT 682 138.2  55.0 088.8  30.8 5.19E-06 003.2 164.9  53.0 0.012174 0.013556 0.036791 hargrave 2017-09-26 13:13:03 
TT 684 012.0  53.4 026.8  06.1 2.57E-06 008.6 214.1  04.6 0.009667 0.008952 0.037718 hargrave 2017-10-01 13:20:31 
TT 684 013.4  52.9 027.4  05.2 2.63E-06 008.1 215.0  05.1 0.010041 0.006367 0.037059 hargrave 2017-10-01 16:29:27 
TT 684 012.4  53.0 026.9  05.6 2.61E-06 008.6 214.6  04.6 0.013046 0.009128 0.038173 hargrave 2017-10-01 18:17:44 
TT 686 019.0  47.7 028.5 -00.9 3.24E-06 005.9 221.2  06.2 0.013242 0.008785 0.032878 hargrave 2017-10-02 13:27:21 
TT 688 206.6  48.5 094.3  71.8 2.04E-06 012.8 136.0  18.5 0.009013 0.014725 0.049277 hargrave 2017-10-03 16:21:19 
TT 688 212.1  45.6 097.0  76.5 1.92E-06 007.2 133.7  14.3 0.012115 0.010200 0.026894 hargrave 2017-10-05 07:55:10 
TT 688 210.7  43.5 106.7  76.5 1.89E-06 009.5 131.5  14.8 0.007668 0.012710 0.031993 hargrave 2017-10-05 10:02:35 
