TR002 -Ea mag compass orientation (IGRF corrected)
 937.11 234.3  62.0 316.9  52.2   1.0
NRM    337.2  60.6 016.8  23.6 2.79E-05 001.5 186.3 -00.7 0.059957 0.047077 0.054165 hargrave 2017-07-20 10:48:25 
TT 100 337.8  58.6 015.2  22.1 2.65E-05 003.5 187.0 -02.7 0.046492 0.156368 0.054685 hargrave 2017-07-21 12:34:12 
TT 200 336.2  58.3 014.4  22.6 2.59E-05 005.1 186.2 -03.1 0.032399 0.228195 0.057148 hargrave 2017-07-24 08:02:33 
TT 300 336.5  58.4 014.6  22.5 2.57E-05 003.8 186.4 -03.0 0.042995 0.163818 0.058343 hargrave 2017-07-24 15:56:04 
TT 350 336.6  58.6 014.8  22.6 2.55E-05 001.2 186.4 -02.8 0.074925 0.022712 0.048618 hargrave 2017-07-31 11:26:57 
TT 400 333.7  59.0 014.2  24.1 2.50E-05 002.0 184.8 -02.6 0.075718 0.058996 0.063423 hargrave 2017-08-01 09:51:48 
TT 450 335.8  59.7 015.5  23.6 2.42E-05 001.6 185.8 -01.8 0.084787 0.027956 0.062229 hargrave 2017-08-02 09:21:07 
TT 475 332.4  60.3 015.1  25.3 2.38E-05 002.9 184.0 -01.4 0.042399 0.111455 0.047576 hargrave 2017-08-03 16:23:56 
TT 500 332.8  60.5 015.3  25.3 2.36E-05 002.7 184.2 -01.2 0.054503 0.102377 0.048046 hargrave 2017-08-04 13:00:29 
TT 525 329.9  60.7 014.7  26.6 2.30E-05 001.6 182.7 -01.2 0.069918 0.054207 0.036355 hargrave 2017-08-07 09:45:04 
TT 550 333.8  61.5 016.6  25.4 2.23E-05 002.1 184.5 -00.1 0.076471 0.066555 0.047471 hargrave 2017-08-08 08:57:31 
TT 555 327.9  61.3 014.7  27.7 2.22E-05 001.9 181.7 -00.6 0.080924 0.063705 0.037101 hargrave 2017-08-09 08:57:09 
TT 560 331.1  61.0 015.3  26.3 2.18E-05 001.6 183.3 -00.8 0.088659 0.034281 0.049591 hargrave 2017-08-16 10:16:00 
TT 565 330.0  61.0 015.0  26.7 2.16E-05 001.9 182.7 -00.8 0.082482 0.050755 0.049112 hargrave 2017-08-16 18:35:21 
TT 570 328.0  61.4 014.8  27.7 2.12E-05 001.6 181.8 -00.6 0.087586 0.034133 0.047207 hargrave 2017-08-17 15:18:48 
TT 575 332.2  61.3 015.9  25.9 2.09E-05 002.3 183.8 -00.5 0.084222 0.069396 0.049889 hargrave 2017-08-18 10:59:57 
TT 580 329.8  61.6 015.5  27.1 2.05E-05 002.0 182.6 -00.3 0.082156 0.054272 0.048409 hargrave 2017-08-21 08:16:39 
TT 600 330.8  61.9 016.1  26.8 1.95E-05 002.2 183.1  00.0 0.080565 0.054892 0.051936 hargrave 2017-08-21 17:05:20 
TT 620 330.2  63.1 017.1  27.6 1.88E-05 002.2 182.7  01.2 0.082078 0.053374 0.046969 hargrave 2017-08-22 16:04:43 
TT 630 329.9  63.2 017.1  27.8 1.80E-05 002.1 182.5  01.3 0.084711 0.046214 0.048118 hargrave 2017-08-23 15:04:51 
TT 640 333.3  64.3 019.1  27.1 1.75E-05 002.2 183.9  02.6 0.072351 0.045514 0.049836 hargrave 2017-08-24 11:46:24 
TT 645 324.7  64.3 017.1  30.4 1.66E-05 002.3 180.2  02.3 0.044132 0.044986 0.050145 hargrave 2017-08-25 08:07:11 
TT 650 327.1  64.5 017.8  29.5 1.64E-05 002.2 181.2  02.5 0.047802 0.051483 0.034249 hargrave 2017-08-29 10:55:44 
TT 655 321.9  64.7 016.9  31.6 1.58E-05 002.2 179.0  02.7 0.039739 0.044271 0.042517 hargrave 2017-08-29 19:41:31 
TT 660 329.2  63.9 017.6  28.5 1.50E-05 002.2 182.1  02.0 0.026356 0.042220 0.040063 hargrave 2017-09-01 20:50:47 
TT 665 323.1  63.4 015.7  30.6 1.46E-05 002.4 179.5  01.4 0.027480 0.058855 0.020464 hargrave 2017-09-10 13:16:49 
TT 670 319.6  42.0 353.4  22.5 5.04E-06 003.3 176.3 -19.9 0.019880 0.023500 0.012443 hargrave 2017-09-12 19:32:29 
TT 672 326.1  50.8 004.1  23.3 3.90E-06 003.4 181.1 -11.2 0.016116 0.014791 0.016964 hargrave 2017-09-15 11:44:44 
TT 674 326.7  70.5 024.0  32.2 4.99E-06 002.3 180.8  08.5 0.018444 0.012960 0.016125 hargrave 2017-09-16 18:38:47 
TT 674 333.8  71.4 026.1  30.5 4.87E-06 003.9 183.1  09.6 0.018222 0.030012 0.014964 hargrave 2017-09-19 11:15:32 
TT 676 284.1  49.9 352.7  48.1 2.43E-06 004.0 155.4 -04.3 0.010214 0.007467 0.014966 hargrave 2017-09-19 20:38:13 
TT 678 313.3  54.7 004.0  31.9 2.45E-06 003.9 173.6 -06.8 0.009964 0.005966 0.015698 hargrave 2017-09-22 21:39:53 
TT 680 286.0  47.2 349.0  46.5 2.28E-06 005.9 154.9 -07.3 0.011492 0.011408 0.020150 hargrave 2017-09-24 19:22:26 
TT 682 330.5  62.6 016.7  27.3 2.22E-06 004.9 182.9  00.7 0.006651 0.007036 0.017458 hargrave 2017-09-26 13:09:54 
TT 684 040.1  46.9 042.2 -05.1 2.93E-06 005.7 222.5  11.2 0.018071 0.015160 0.020610 hargrave 2017-10-01 13:17:26 
TT 686 021.2  49.0 030.4 -00.2 3.01E-06 006.2 213.3  02.2 0.010935 0.010812 0.030367 hargrave 2017-10-02 13:24:17 
TT 688 224.7  56.3 050.7  71.5 2.37E-06 003.5 141.6  28.2 0.008110 0.005311 0.014960 hargrave 2017-10-03 16:18:10 
