TR002 -Ha sun compass orientation
 937.32 198.3  78.0 316.9  52.2   1.0
NRM    049.0  67.3 047.7  15.1 2.32E-05 001.7 201.0  22.6 0.070224 0.042837 0.027515 hargrave 2017-07-20 10:53:56 
TT 100 045.4  67.3 046.3  15.1 2.22E-05 003.8 201.6  21.3 0.081471 0.158021 0.025346 hargrave 2017-07-21 12:38:45 
TT 200 048.4  69.9 047.4  17.7 2.16E-05 003.8 198.6  21.3 0.103882 0.162478 0.031581 hargrave 2017-07-24 08:07:05 
TT 300 046.5  68.6 046.7  16.4 2.09E-05 005.4 200.2  21.2 0.103235 0.190676 0.028060 hargrave 2017-07-24 16:00:38 
TT 350 047.2  67.0 047.0  14.8 2.01E-05 002.2 201.7  22.1 0.045977 0.060939 0.033938 hargrave 2017-07-31 11:32:38 
TT 400 049.1  67.2 047.8  15.0 1.94E-05 002.0 201.2  22.7 0.046612 0.057825 0.028093 hargrave 2017-08-01 09:57:21 
TT 450 054.2  68.7 049.7  16.7 1.88E-05 001.8 198.7  23.7 0.049678 0.039964 0.027370 hargrave 2017-08-02 09:26:37 
TT 475 057.6  69.5 050.8  17.6 1.85E-05 002.9 197.3  24.3 0.050660 0.087047 0.027565 hargrave 2017-08-03 16:28:33 
TT 500 057.3  67.3 051.1  15.4 1.79E-05 001.7 199.4  25.4 0.027483 0.042128 0.025693 hargrave 2017-08-04 13:05:08 
TT 525 058.0  66.9 051.4  15.1 1.76E-05 001.9 199.6  25.8 0.032528 0.043956 0.033825 hargrave 2017-08-07 09:50:33 
TT 550 059.2  67.7 051.7  15.9 1.69E-05 001.7 198.6  25.8 0.032315 0.040794 0.024773 hargrave 2017-08-08 09:03:04 
TT 555 062.1  68.6 052.6  17.0 1.68E-05 001.6 197.1  26.1 0.036224 0.037290 0.016081 hargrave 2017-08-09 09:02:31 
TT 560 059.9  67.4 052.1  15.7 1.66E-05 001.7 198.7  26.2 0.033870 0.037926 0.025364 hargrave 2017-08-16 10:21:31 
TT 565 061.4  67.6 052.6  16.0 1.63E-05 001.9 198.1  26.6 0.032588 0.040237 0.025571 hargrave 2017-08-16 18:40:50 
TT 570 062.1  67.1 053.0  15.5 1.63E-05 001.8 198.4  27.0 0.031598 0.037822 0.025123 hargrave 2017-08-17 15:24:21 
TT 575 063.1  67.4 053.3  15.9 1.60E-05 001.9 197.9  27.2 0.032760 0.043910 0.024410 hargrave 2017-08-18 11:05:27 
TT 580 063.4  67.1 053.5  15.7 1.58E-05 001.8 198.0  27.4 0.030822 0.037409 0.022816 hargrave 2017-08-21 08:22:09 
TT 600 067.8  68.2 054.9  17.1 1.49E-05 001.8 195.9  28.0 0.028651 0.037185 0.022028 hargrave 2017-08-21 17:10:53 
TT 620 070.4  67.4 056.1  16.7 1.37E-05 001.9 195.7  29.2 0.028114 0.035733 0.019181 hargrave 2017-08-22 16:10:15 
TT 630 078.0  67.7 058.8  18.1 1.28E-05 002.2 192.9  30.9 0.027108 0.040519 0.018265 hargrave 2017-08-23 15:10:26 
TT 640 079.9  63.5 061.4  14.7 1.23E-05 002.0 195.0  34.7 0.027017 0.033201 0.018125 hargrave 2017-08-24 11:52:05 
TT 645 102.4  62.2 070.9  19.5 1.16E-05 002.6 183.6  39.6 0.032934 0.043810 0.017911 hargrave 2017-08-25 08:12:43 
TT 650 088.9  61.0 066.5  14.6 1.21E-05 002.1 191.9  39.0 0.023023 0.035668 0.022103 hargrave 2017-08-29 11:01:15 
TT 655 105.7  62.8 071.6  21.0 1.11E-05 001.9 181.5  39.2 0.025890 0.027074 0.016875 hargrave 2017-08-29 19:47:03 
TT 660 072.4  66.4 057.2  16.0 1.40E-05 033.6 195.8  30.5 0.928818 0.943083 0.019108 hargrave 2017-09-01 20:56:22 
TT 660 077.0  58.6 062.2  09.6 1.26E-05 003.3 200.0  37.8 0.038205 0.043822 0.074568 hargrave 2017-09-08 14:35:26 
TT 665 115.2  63.5 074.0  24.8 9.74E-06 004.5 176.1  38.2 0.028791 0.036364 0.086731 hargrave 2017-09-10 13:22:19 
TT 670 078.0  61.0 061.7  12.0 1.05E-05 003.2 197.7  36.2 0.044469 0.029091 0.074753 hargrave 2017-09-12 19:37:12 
TT 672 119.0  60.4 077.9  24.4 9.54E-06 003.5 173.1  40.9 0.028775 0.029855 0.075155 hargrave 2017-09-15 11:49:31 
TT 674 091.3  61.3 067.3  15.5 1.05E-05 002.9 190.4  39.1 0.040667 0.029229 0.069679 hargrave 2017-09-16 18:43:31 
TT 676 123.9  57.8 081.9  25.1 8.48E-06 003.6 168.8  42.7 0.026733 0.019782 0.071872 hargrave 2017-09-19 20:42:58 
TT 678 095.8  62.6 068.3  17.8 7.93E-06 004.0 187.3  38.6 0.023282 0.021619 0.069236 hargrave 2017-09-22 21:44:38 
TT 680 123.7  54.6 084.8  23.3 5.87E-06 005.0 167.2  45.7 0.018184 0.017743 0.070746 hargrave 2017-09-24 19:27:10 
TT 682 156.9  38.1 113.3  36.2 3.74E-06 009.4 130.1  39.6 0.016671 0.021059 0.065082 hargrave 2017-09-26 13:14:40 
TT 682 159.3  35.7 117.0  37.0 3.72E-06 008.5 126.4  38.4 0.016988 0.013422 0.059872 hargrave 2017-09-26 15:39:20 
TT 684 353.9  53.5 017.9  12.1 2.51E-06 012.7 212.9 -04.2 0.013189 0.030721 0.049894 hargrave 2017-10-01 13:22:04 
TT 684 351.0  51.2 014.9  11.5 2.64E-06 015.0 214.1 -06.9 0.016651 0.023762 0.066351 hargrave 2017-10-01 16:31:01 
TT 684 350.9  50.6 014.4  11.1 2.65E-06 015.3 214.6 -07.2 0.018484 0.025118 0.066670 hargrave 2017-10-01 18:19:18 
TT 686 014.8  16.3 011.5 -28.1 2.68E-06 011.4 253.4  00.0 0.021251 0.013219 0.050621 hargrave 2017-10-02 13:29:01 
TT 686 015.0  13.1 010.0 -30.9 2.65E-06 010.2 256.5 -00.5 0.015960 0.014242 0.045534 hargrave 2017-10-02 16:04:54 
TT 686 014.4  13.9 009.9 -30.0 2.65E-06 010.9 255.6 -00.8 0.017142 0.015083 0.048365 hargrave 2017-10-02 17:30:04 
TT 688 172.7  00.9 160.0  28.1 2.80E-06 007.5 085.2  25.2 0.010381 0.011959 0.038494 hargrave 2017-10-03 16:22:53 
TT 688 168.7 -02.4 159.6  23.0 2.90E-06 008.7 080.7  28.3 0.009884 0.010732 0.048463 hargrave 2017-10-05 07:56:45 
TT 688 168.4 -01.9 159.0  23.1 2.91E-06 009.5 081.1  28.8 0.011079 0.011083 0.053988 hargrave 2017-10-05 10:04:10 
