TR002 -Ba mag compass orientation (IGRF corrected)
    937 227.3  59.0 316.9  52.2   1.0
NRM    313.7  58.2 008.1  33.0 5.17E-05 001.9 178.1 -00.7 0.061809 0.133048 0.114787 hargrave 2017-07-20 10:43:24 
TT 100 309.8  56.5 005.3  34.4 5.07E-05 001.6 175.9 -02.2 0.126516 0.080591 0.116559 hargrave 2017-07-21 12:30:06 
TT 200 311.6  56.3 005.4  33.4 4.92E-05 002.2 176.9 -02.6 0.031519 0.155736 0.107448 hargrave 2017-07-24 07:58:30 
TT 300 311.9  56.1 005.3  33.2 4.88E-05 001.4 177.0 -02.8 0.041854 0.067610 0.099738 hargrave 2017-07-24 15:51:57 
TT 350 310.8  55.8 004.7  33.7 4.84E-05 001.5 176.3 -03.0 0.055332 0.088896 0.093474 hargrave 2017-07-31 11:21:49 
TT 400 307.3  55.7 003.8  35.5 4.79E-05 001.7 174.4 -02.9 0.068923 0.075434 0.118377 hargrave 2017-08-01 09:46:36 
TT 450 312.4  56.1 005.5  32.9 4.71E-05 002.6 177.3 -02.8 0.075072 0.168585 0.138977 hargrave 2017-08-02 09:16:03 
TT 475 310.2  55.8 004.6  34.0 4.65E-05 002.1 176.0 -03.0 0.041153 0.147669 0.089727 hargrave 2017-08-03 16:19:48 
TT 500 306.5  55.7 003.7  35.9 4.61E-05 003.3 173.9 -02.8 0.044613 0.258100 0.086269 hargrave 2017-08-04 12:56:17 
TT 525 306.1  55.7 003.6  36.2 4.51E-05 002.3 173.7 -02.8 0.047109 0.166700 0.076145 hargrave 2017-08-07 09:40:01 
TT 550 307.3  56.1 004.4  35.6 4.41E-05 002.0 174.4 -02.5 0.058436 0.127780 0.089228 hargrave 2017-08-08 08:52:25 
TT 555 307.3  56.3 004.6  35.7 4.40E-05 001.9 174.4 -02.3 0.072509 0.127997 0.067729 hargrave 2017-08-09 08:52:16 
TT 560 311.5  56.9 006.1  33.6 4.32E-05 001.5 176.8 -02.0 0.071862 0.050573 0.099845 hargrave 2017-08-16 10:10:58 
TT 565 308.7  56.6 005.2  35.0 4.27E-05 002.2 175.3 -02.1 0.070511 0.130181 0.098417 hargrave 2017-08-16 18:30:21 
TT 570 308.8  56.7 005.3  35.0 4.23E-05 002.4 175.3 -02.0 0.059973 0.148522 0.094994 hargrave 2017-08-17 15:13:45 
TT 575 309.0  56.5 005.2  34.8 4.20E-05 001.9 175.4 -02.2 0.049509 0.109949 0.091545 hargrave 2017-08-18 10:54:50 
TT 580 312.4  57.0 006.5  33.2 4.17E-05 001.7 177.3 -01.9 0.045957 0.075846 0.098068 hargrave 2017-08-21 08:11:37 
TT 600 308.5  57.1 005.8  35.3 4.10E-05 001.6 175.2 -01.6 0.044692 0.063537 0.096088 hargrave 2017-08-21 17:00:15 
TT 620 306.5  57.2 005.5  36.3 4.00E-05 001.7 174.2 -01.3 0.042108 0.072613 0.095615 hargrave 2017-08-22 15:59:35 
TT 630 308.4  57.8 006.6  35.5 3.94E-05 002.2 175.3 -00.8 0.032668 0.119611 0.099103 hargrave 2017-08-23 14:59:48 
TT 640 308.8  58.3 007.2  35.4 3.91E-05 002.1 175.6 -00.4 0.047119 0.097539 0.100457 hargrave 2017-08-24 11:41:20 
TT 645 305.2  58.9 007.4  37.4 3.91E-05 002.2 173.8  00.5 0.059927 0.111085 0.107942 hargrave 2017-08-25 08:02:08 
TT 650 306.3  59.1 007.7  36.9 3.81E-05 002.0 174.4  00.5 0.034778 0.114985 0.075391 hargrave 2017-08-29 10:50:32 
TT 655 297.8  57.6 004.8  41.0 3.69E-05 002.2 169.7  00.1 0.063758 0.117032 0.097601 hargrave 2017-08-29 19:36:30 
TT 660 307.3  60.2 009.2  36.7 3.49E-05 002.1 175.0  01.6 0.062958 0.090512 0.091391 hargrave 2017-09-01 20:45:44 
TT 665 303.2  55.1 002.3  37.6 2.41E-05 002.6 172.0 -03.1 0.025322 0.101940 0.050084 hargrave 2017-09-10 13:11:46 
TT 670 327.9  53.1 006.8  23.5 1.07E-05 001.9 186.4 -05.4 0.037160 0.029008 0.023556 hargrave 2017-09-12 19:27:34 
TT 672 309.6  61.5 011.2  35.9 8.23E-06 002.6 176.3  02.8 0.032186 0.027074 0.026787 hargrave 2017-09-15 11:39:57 
TT 674 357.7  39.1 010.9 -00.8 4.95E-06 004.7 210.8 -10.5 0.019982 0.010386 0.038098 hargrave 2017-09-16 18:34:03 
TT 676 331.3  62.8 017.1  27.1 5.84E-06 003.9 186.3  04.5 0.026095 0.021209 0.033711 hargrave 2017-09-19 20:33:29 
TT 678 326.8  63.4 016.6  29.2 4.15E-06 004.0 184.3  04.8 0.020310 0.011043 0.026998 hargrave 2017-09-22 21:35:04 
TT 680 249.7  23.4 287.0  65.8 3.53E-06 007.5 121.5 -05.4 0.013230 0.020000 0.042166 hargrave 2017-09-24 19:17:40 
TT 682 309.7  47.2 354.9  31.1 3.61E-06 007.3 174.7 -11.5 0.014625 0.013595 0.043572 hargrave 2017-09-26 13:05:09 
TT 682 310.4  45.7 353.7  30.1 3.48E-06 007.2 175.1 -13.0 0.016280 0.022084 0.037676 hargrave 2017-09-26 15:35:56 
TT 684 342.7  68.0 024.9  26.1 4.93E-06 004.3 189.4  10.8 0.023050 0.025419 0.028092 hargrave 2017-10-01 13:12:46 
TT 686 018.9  27.4 020.6 -19.7 5.33E-06 004.7 231.9 -07.2 0.027042 0.032336 0.030487 hargrave 2017-10-02 13:19:36 
TT 688 324.3  62.1 014.7  29.6 4.22E-06 004.3 183.3  03.3 0.025199 0.011942 0.030254 hargrave 2017-10-03 16:13:29 
