TR018 -Ha mag compass orientation (IGRF corrected)
   1612 186.3  72.0  38.5  37.7   1.0
NRM    052.9  53.6 085.1  33.1 2.03E-05 002.0 212.8  41.2 0.042559 0.059225 0.035313 hargrave 2017-10-13 14:37:33 
TT 100 061.1  53.4 089.2  29.7 1.82E-05 002.4 209.3  45.3 0.066406 0.053866 0.024899 hargrave 2017-10-15 13:36:56 
TT 100 060.9  53.5 089.2  29.8 1.82E-05 002.4 209.3  45.2 0.065678 0.054199 0.025822 hargrave 2017-10-15 15:34:22 
TT 200 067.9  50.2 090.7  24.6 1.59E-05 002.1 208.6  50.6 0.027213 0.054490 0.021954 hargrave 2017-10-16 09:39:53 
TT 300 072.0  47.5 091.4  20.8 1.42E-05 002.1 208.6  54.5 0.047920 0.037611 0.023966 hargrave 2017-10-16 18:12:17 
TT 350 076.7  45.4 093.2  17.3 1.32E-05 002.1 206.5  58.1 0.044899 0.033857 0.023688 hargrave 2017-10-17 15:16:50 
TT 400 080.5  40.6 093.3  11.8 1.21E-05 002.0 207.7  63.6 0.032459 0.030336 0.016520 hargrave 2017-10-20 12:02:42 
TT 450 085.9  36.2 095.1  06.0 1.06E-05 001.7 204.8  69.6 0.022048 0.022582 0.029939 hargrave 2017-10-22 15:32:24 
TT 475 091.4  34.7 098.7  02.8 1.02E-05 001.9 193.8  72.8 0.027242 0.020560 0.012457 hargrave 2017-10-23 15:35:20 
TT 500 094.4  18.7 095.5 -13.1 1.35E-05 031.6 249.0  88.1 0.913795 0.950689 0.514975 hargrave 2017-10-24 13:41:30 
TT 500 093.1  32.5 099.3  00.3 9.68E-06 002.1 190.6  75.2 0.026737 0.024856 0.015126 hargrave 2017-10-24 16:03:21 
TT 525 095.9  30.2 100.7 -02.7 9.05E-06 001.7 181.5  77.7 0.018385 0.020374 0.012059 hargrave 2017-10-26 14:00:37 
TT 550 099.8  27.0 103.0 -06.9 8.40E-06 001.7 160.6  80.4 0.019611 0.016149 0.011094 hargrave 2017-10-27 10:50:36 
TT 555 103.7  26.2 106.1 -08.5 8.17E-06 001.7 141.6  79.3 0.017494 0.016231 0.013771 hargrave 2017-10-28 13:21:15 
TT 560 102.3  23.1 104.0 -11.2 7.58E-06 002.7 133.5  82.4 0.021527 0.028144 0.016394 hargrave 2017-10-31 18:06:54 
TT 565 106.0  22.5 107.3 -12.6 7.44E-06 002.5 118.1  79.8 0.020775 0.024087 0.015886 hargrave 2017-11-03 19:10:23 
TT 570 106.8  23.0 108.1 -12.4 7.32E-06 002.7 118.7  79.0 0.021967 0.024657 0.016244 hargrave 2017-11-05 18:35:49 
TT 575 110.7  22.3 111.6 -13.8 7.20E-06 002.9 110.0  75.8 0.021171 0.027088 0.019857 hargrave 2017-11-09 15:32:52 
TT 580 112.9  19.0 113.1 -17.4 7.03E-06 003.3 096.4  74.2 0.024616 0.028233 0.023410 hargrave 2017-11-14 11:05:10 
TT 600 116.5  17.9 116.5 -19.0 6.81E-06 003.2 092.8  70.7 0.019963 0.027071 0.024987 hargrave 2017-11-14 20:12:57 
TT 620 115.7  12.0 114.7 -24.7 6.69E-06 003.2 075.0  70.4 0.015990 0.025550 0.029106 hargrave 2017-11-17 19:22:39 
TT 630 124.1  10.2 123.6 -27.4 7.08E-06 004.0 077.7  62.0 0.019918 0.028115 0.044761 hargrave 2017-11-19 18:55:37 
TT 640 119.6  07.1 118.3 -30.1 6.01E-06 005.9 067.4  64.8 0.023001 0.037371 0.053838 hargrave 2017-11-21 18:00:30 
TT 645 141.3  11.6 142.4 -25.1 7.41E-06 005.9 088.1  46.1 0.024530 0.038962 0.066184 hargrave 2017-11-27 17:39:35 
TT 650 121.2  19.6 121.3 -17.8 5.47E-06 008.0 098.0  66.4 0.027495 0.045388 0.080029 hargrave 2017-11-28 15:59:44 
TT 650 124.8  12.6 124.5 -25.1 5.72E-06 007.0 082.9  62.0 0.022130 0.029763 0.091939 hargrave 2017-11-28 18:26:44 
TT 655 152.4  18.3 152.2 -16.4 8.01E-06 007.4 099.7  36.9 0.023532 0.044497 0.096439 hargrave 2017-12-11 13:01:56 
TT 660 119.7  33.5 121.2 -03.9 5.07E-06 010.5 131.0  63.9 0.036852 0.058897 0.101406 hargrave 2017-12-12 12:41:08 
TT 660 121.5  27.7 122.2 -09.7 5.27E-06 009.1 117.4  64.9 0.024097 0.039361 0.115844 hargrave 2017-12-12 14:58:07 
TT 660 121.4  27.0 122.0 -10.5 5.22E-06 009.4 115.7  65.2 0.024998 0.040965 0.116556 hargrave 2017-12-12 15:36:36 
TT 665 136.3  40.6 134.4  03.1 5.29E-06 007.2 132.0  48.9 0.027418 0.027628 0.085104 hargrave 2018-01-08 12:15:52 
TT 670 076.5  37.9 089.2  10.9 3.86E-06 006.8 217.1  63.6 0.032027 0.027332 0.089401 hargrave 2018-01-10 15:15:47 
TT 672 168.9  35.1 160.6  04.3 6.44E-06 006.8 121.2  24.3 0.037800 0.031806 0.085606 hargrave 2018-01-11 14:22:09 
TT 674 150.7  45.2 144.2  09.4 5.46E-06 007.8 133.8  37.5 0.034584 0.030754 0.101149 hargrave 2018-01-12 15:35:50 
TT 676 180.3  31.4 170.8  05.1 7.27E-06 006.3 118.9  14.3 0.041176 0.036791 0.083294 hargrave 2018-01-17 09:47:39 
TT 678 010.6  64.0 083.5  56.8 5.19E-06 010.6 207.3  18.0 0.040434 0.031106 0.098879 hargrave 2018-01-22 12:41:38 
TT 678 016.7  67.0 089.4  54.8 4.92E-06 012.3 204.3  20.6 0.028709 0.032373 0.108334 hargrave 2018-01-22 15:25:26 
TT 678 017.7  66.0 087.9  54.2 4.80E-06 011.8 205.3  21.0 0.029126 0.032704 0.101595 hargrave 2018-01-22 18:09:11 
TT 680 206.9  45.3 180.1  28.4 6.93E-06 007.6 138.8 -00.9 0.043655 0.044943 0.087403 hargrave 2018-01-25 09:24:00 
TT 680 209.4  50.7 177.0  33.5 6.33E-06 008.9 144.4  00.2 0.031105 0.031804 0.095386 hargrave 2018-01-26 11:37:21 
TT 680 207.2  50.0 176.5  32.0 6.18E-06 009.0 143.1  01.1 0.030253 0.040632 0.091196 hargrave 2018-01-26 14:23:26 
TT 682 200.7  75.9 148.1  46.2 5.95E-06 009.8 165.9  14.0 0.025252 0.059165 0.092405 hargrave 2018-01-27 16:27:20 
TT 682 199.5  64.4 160.1  38.9 5.96E-06 010.0 154.7  10.7 0.028728 0.054022 0.100472 hargrave 2018-01-31 11:13:17 
TT 682 196.2  68.0 155.5  40.3 5.68E-06 011.3 157.7  13.0 0.027959 0.036343 0.112032 hargrave 2018-01-31 12:53:48 
TT 684 216.2  54.3 177.0  38.9 5.13E-06 012.3 149.6 -01.5 0.057879 0.029444 0.102748 hargrave 2018-02-05 09:24:24 
TT 684 213.9  50.5 179.6  35.4 4.96E-06 011.4 145.6 -02.4 0.031392 0.042241 0.090033 hargrave 2018-02-05 13:29:40 
TT 684 215.0  51.1 179.5  36.4 4.94E-06 011.1 146.6 -02.6 0.030987 0.032892 0.091437 hargrave 2018-02-05 16:00:17 
TT 686 221.7  46.7 187.3  36.8 7.16E-06 007.9 145.5 -08.8 0.033883 0.047218 0.088794 hargrave 2018-02-07 11:29:36 
TT 688 011.6 -08.6 011.6  08.9 7.59E-06 007.4 279.9  02.3 0.034238 0.032463 0.091342 hargrave 2018-02-14 12:05:56 
