TR018 -Ga mag compass orientation (IGRF corrected)
 1611.9 180.3  71.0  38.5  37.7   1.0
NRM    035.8  45.4 068.7  35.7 2.24E-05 002.7 226.6  38.1 0.072412 0.074490 0.038283 hargrave 2017-10-13 14:36:02 
TT 100 040.8  44.3 070.7  32.3 2.00E-05 003.3 227.0  41.9 0.093680 0.078267 0.027738 hargrave 2017-10-15 13:35:21 
TT 100 040.7  44.2 070.5  32.3 2.00E-05 003.4 227.0  41.8 0.094694 0.080077 0.029485 hargrave 2017-10-15 15:32:46 
TT 200 046.1  43.2 072.9  28.9 1.74E-05 001.5 226.8  45.8 0.030229 0.038891 0.022764 hargrave 2017-10-16 09:38:38 
TT 300 049.0  40.8 072.9  25.7 1.54E-05 002.8 229.1  48.6 0.061460 0.051103 0.028102 hargrave 2017-10-16 18:10:49 
TT 350 051.8  40.1 074.1  23.7 1.42E-05 002.4 229.0  50.9 0.049600 0.043172 0.027181 hargrave 2017-10-17 15:15:23 
TT 400 054.6  36.0 073.2  19.2 1.28E-05 002.4 234.0  54.3 0.038064 0.039436 0.020058 hargrave 2017-10-20 12:01:17 
TT 450 060.0  33.2 075.0  14.2 1.12E-05 002.7 236.3  59.5 0.039371 0.034779 0.015504 hargrave 2017-10-22 15:30:52 
TT 475 063.4  32.1 076.8  11.7 1.04E-05 002.1 236.3  62.5 0.030869 0.024513 0.013043 hargrave 2017-10-23 15:33:50 
TT 500 074.0  17.7 077.3 -05.6 1.33E-05 032.0 272.2  74.5 0.908038 0.954532 0.511358 hargrave 2017-10-24 13:38:12 
TT 500 064.8  30.2 076.7  09.4 9.63E-06 002.1 239.3  64.4 0.027804 0.023548 0.016327 hargrave 2017-10-24 16:01:51 
TT 525 067.3  28.0 077.3  06.4 8.96E-06 001.8 242.6  67.1 0.019761 0.019832 0.016439 hargrave 2017-10-26 13:59:06 
TT 550 070.4  24.0 077.6  01.5 8.19E-06 002.1 251.4  70.8 0.023013 0.018772 0.013978 hargrave 2017-10-27 10:49:09 
TT 555 072.2  23.0 078.5 -00.1 7.92E-06 001.9 253.5  72.6 0.017640 0.018445 0.016502 hargrave 2017-10-28 13:19:44 
TT 560 071.8  22.0 077.7 -00.9 7.49E-06 002.6 257.1  72.4 0.023169 0.024932 0.018917 hargrave 2017-10-31 18:05:23 
TT 565 072.3  21.0 077.6 -01.9 7.13E-06 003.3 260.1  73.0 0.034083 0.023621 0.019097 hargrave 2017-11-03 19:08:53 
TT 570 071.9  20.0 076.8 -02.6 6.90E-06 003.1 263.5  72.7 0.030418 0.022948 0.018430 hargrave 2017-11-05 18:34:19 
TT 575 074.0  19.4 078.1 -04.2 6.64E-06 002.9 266.0  74.6 0.026060 0.021348 0.022521 hargrave 2017-11-09 15:31:22 
TT 580 074.4  16.0 076.8 -07.3 6.36E-06 002.9 278.9  74.6 0.021853 0.023962 0.023153 hargrave 2017-11-14 11:03:40 
TT 600 078.1  14.3 079.1 -10.5 5.91E-06 003.0 290.3  77.4 0.021051 0.022479 0.023604 hargrave 2017-11-14 20:11:31 
TT 620 077.5  04.0 073.3 -19.2 5.69E-06 002.6 318.5  70.5 0.015731 0.018014 0.028718 hargrave 2017-11-17 19:21:08 
TT 630 087.5  01.9 081.7 -25.8 4.77E-06 004.6 350.5  72.6 0.019627 0.025172 0.045229 hargrave 2017-11-19 18:54:06 
TT 640 102.9  06.1 099.5 -27.7 4.25E-06 005.7 045.3  72.2 0.017973 0.024298 0.052062 hargrave 2017-11-21 17:58:59 
TT 645 114.2  12.5 113.2 -24.0 3.95E-06 007.8 077.8  66.1 0.022297 0.026393 0.065544 hargrave 2017-11-27 17:38:04 
TT 650 060.6  14.7 064.8 -01.3 4.30E-06 006.5 274.1  61.3 0.041686 0.036208 0.078924 hargrave 2017-11-28 15:58:13 
TT 655 129.6  27.7 129.5 -10.0 3.14E-06 013.6 111.1  53.0 0.026309 0.028253 0.093464 hargrave 2017-12-11 13:00:25 
TT 655 125.1  18.4 125.0 -19.2 3.21E-06 014.8 094.8  57.1 0.028467 0.027574 0.111232 hargrave 2017-12-11 14:57:50 
TT 655 125.6  18.6 125.6 -19.0 3.12E-06 015.3 095.2  56.6 0.028130 0.027773 0.111269 hargrave 2017-12-11 15:20:05 
TT 660 170.8  15.3 170.3 -13.2 7.04E-06 008.6 101.7  13.7 0.034727 0.039034 0.097248 hargrave 2017-12-12 12:39:37 
TT 660 167.8  12.1 169.0 -17.3 7.15E-06 010.2 097.7  15.5 0.029951 0.035230 0.123163 hargrave 2017-12-12 14:56:37 
TT 660 167.4  10.6 169.2 -18.8 7.10E-06 010.1 096.1  15.5 0.034169 0.033721 0.120098 hargrave 2017-12-12 15:35:06 
TT 665 056.8  43.9 079.8  24.2 3.62E-06 010.9 220.9  52.5 0.041609 0.037736 0.084598 hargrave 2018-01-08 12:14:21 
TT 665 060.4  33.6 075.6  14.3 3.84E-06 011.9 235.3  59.7 0.031527 0.032536 0.122020 hargrave 2018-01-08 14:12:31 
TT 665 060.6  33.7 075.8  14.3 3.76E-06 012.1 235.0  59.7 0.031695 0.033546 0.120172 hargrave 2018-01-08 14:34:12 
TT 670 178.2  03.3 182.8 -20.4 1.12E-05 005.5 092.5  03.1 0.044459 0.044672 0.098145 hargrave 2018-01-10 15:14:15 
TT 672 184.4  09.1 185.3 -12.3 1.06E-05 005.5 100.0 -00.9 0.042522 0.049209 0.093640 hargrave 2018-01-11 14:20:37 
TT 674 184.1  20.5 179.2 -02.7 9.72E-06 006.6 110.6  03.2 0.043762 0.058572 0.103259 hargrave 2018-01-12 15:34:19 
TT 676 332.5  61.5 083.4  74.1 4.32E-06 014.2 205.0  04.4 0.059433 0.054030 0.085820 hargrave 2018-01-17 09:46:08 
TT 676 342.0  61.7 079.4  69.8 4.02E-06 017.5 207.0  08.4 0.037812 0.036992 0.119089 hargrave 2018-01-17 12:22:40 
TT 676 344.8  59.1 071.4  68.8 3.99E-06 018.2 210.1  08.6 0.036923 0.039584 0.123534 hargrave 2018-01-17 13:21:56 
TT 678 338.8  32.1 007.8  60.2 6.83E-06 009.1 232.5 -06.9 0.040968 0.044954 0.100289 hargrave 2018-01-22 12:40:06 
TT 678 340.6  31.9 009.9  59.1 6.60E-06 010.4 233.4 -05.7 0.036375 0.046796 0.115861 hargrave 2018-01-22 15:23:54 
TT 678 341.0  30.5 008.8  57.8 6.48E-06 010.3 234.9 -06.0 0.036462 0.044988 0.111915 hargrave 2018-01-22 18:07:40 
TT 680 333.4  41.1 014.8  69.7 6.03E-06 010.6 222.6 -06.2 0.067542 0.047914 0.085509 hargrave 2018-01-25 09:22:29 
TT 680 340.1  35.5 014.2  62.1 6.24E-06 009.7 230.0 -04.4 0.038981 0.037578 0.099283 hargrave 2018-01-26 11:35:49 
TT 680 343.0  33.5 014.8  59.0 6.05E-06 010.0 232.9 -03.2 0.040357 0.051926 0.094198 hargrave 2018-01-26 14:21:55 
TT 682 341.5  57.1 065.9  70.6 5.72E-06 011.9 211.1  06.2 0.050797 0.078049 0.084000 hargrave 2018-01-27 16:25:48 
TT 684 267.5  62.2 177.8  66.2 5.77E-06 012.4 178.7 -08.7 0.074392 0.049479 0.106558 hargrave 2018-02-05 09:22:53 
TT 686 234.2  59.7 177.6  50.1 6.67E-06 010.3 162.6 -06.0 0.038395 0.074167 0.095780 hargrave 2018-02-07 11:28:05 
TT 686 232.3  57.1 180.6  48.1 5.87E-06 009.7 160.3 -07.6 0.036584 0.040407 0.091113 hargrave 2018-02-08 11:28:53 
TT 688 000.3 -00.3 006.4  22.0 9.26E-06 007.6 270.3 -00.1 0.054603 0.035464 0.109356 hargrave 2018-02-14 12:04:25 
