TR018 -Fa mag compass orientation (IGRF corrected)
 1611.9 179.3  70.0  38.5  37.7   1.0
NRM    029.4  56.6 077.6  45.5 2.13E-05 004.6 214.6  33.0 0.105430 0.135191 0.040600 hargrave 2017-10-13 14:34:26 
TT 100 033.9  56.9 079.7  43.6 1.99E-05 002.3 213.5  35.3 0.051849 0.065249 0.030747 hargrave 2017-10-15 13:33:42 
TT 100 033.9  57.0 079.9  43.6 1.99E-05 002.3 213.3  35.3 0.050825 0.064274 0.032129 hargrave 2017-10-15 15:31:07 
TT 200 040.4  55.5 081.0  39.9 1.73E-05 001.9 213.4  39.2 0.049107 0.045554 0.023620 hargrave 2017-10-16 09:37:21 
TT 300 043.9  55.4 082.5  38.2 1.53E-05 002.6 212.4  41.0 0.046683 0.054420 0.028855 hargrave 2017-10-16 18:09:19 
TT 350 047.0  55.3 083.9  36.8 1.40E-05 002.4 211.3  42.6 0.039965 0.045294 0.028167 hargrave 2017-10-17 15:13:51 
TT 400 050.4  52.5 083.0  33.5 1.24E-05 003.7 213.2  45.8 0.047714 0.069724 0.034813 hargrave 2017-10-20 11:59:47 
TT 450 056.0  52.9 086.1  31.3 1.05E-05 004.5 209.9  48.3 0.048157 0.070959 0.036223 hargrave 2017-10-22 15:29:17 
TT 475 060.4  51.8 087.7  28.7 9.89E-06 003.9 208.3  51.1 0.042743 0.057288 0.013910 hargrave 2017-10-23 15:32:14 
TT 500 074.1  32.5 084.8  07.2 1.20E-05 035.8 224.3  71.5 0.911106 0.957370 0.512660 hargrave 2017-10-24 13:34:58 
TT 500 062.3  51.8 088.7  28.0 9.17E-06 002.2 207.0  51.9 0.023922 0.026167 0.015880 hargrave 2017-10-24 16:00:15 
TT 525 066.6  50.0 089.8  24.9 8.37E-06 004.3 205.6  55.0 0.037540 0.054045 0.014012 hargrave 2017-10-26 13:57:29 
TT 550 068.3  46.9 088.8  21.7 7.27E-06 005.1 207.6  58.2 0.038716 0.053966 0.013110 hargrave 2017-10-27 10:47:39 
TT 555 075.6  47.4 093.6  19.5 7.11E-06 005.3 199.0  60.4 0.043153 0.054573 0.016273 hargrave 2017-10-28 13:18:07 
TT 560 074.6  44.5 091.4  17.3 6.67E-06 005.4 203.2  62.6 0.038189 0.051670 0.020765 hargrave 2017-10-31 18:03:43 
TT 565 077.9  43.2 092.9  15.0 6.43E-06 005.9 199.8  64.9 0.040403 0.054499 0.019142 hargrave 2017-11-03 19:07:17 
TT 570 074.7  41.1 089.6  14.3 6.20E-06 006.0 207.3  65.6 0.042685 0.051090 0.020013 hargrave 2017-11-05 18:32:43 
TT 575 081.4  40.5 093.9  11.4 6.00E-06 006.0 196.5  68.4 0.039579 0.050168 0.023976 hargrave 2017-11-09 15:29:46 
TT 580 079.9  38.3 091.8  10.0 5.86E-06 004.2 202.0  69.9 0.027240 0.029353 0.029962 hargrave 2017-11-14 11:02:04 
TT 600 089.6  37.4 098.4  05.9 5.18E-06 004.2 179.2  72.6 0.022313 0.029817 0.033431 hargrave 2017-11-14 20:10:02 
TT 620 092.7  31.4 098.6 -00.6 4.37E-06 004.1 165.5  78.2 0.018805 0.026592 0.034865 hargrave 2017-11-17 19:19:32 
TT 630 115.2  29.3 116.8 -07.6 4.16E-06 005.8 116.7  64.8 0.020571 0.028716 0.060696 hargrave 2017-11-19 18:52:31 
TT 640 146.9  21.1 146.3 -14.9 4.31E-06 010.0 102.0  36.3 0.036398 0.046189 0.063874 hargrave 2017-11-21 17:57:23 
TT 640 149.5  04.5 153.0 -30.5 5.00E-06 006.9 083.7  29.5 0.014388 0.014433 0.069373 hargrave 2017-11-27 09:45:40 
TT 645 132.4  44.9 131.3  07.2 4.07E-06 009.6 135.1  46.7 0.026281 0.036571 0.082433 hargrave 2017-11-27 17:36:27 
TT 645 140.3  26.5 139.2 -10.5 4.28E-06 008.4 108.1  43.0 0.019688 0.017203 0.085448 hargrave 2017-11-28 08:39:53 
TT 645 138.6  27.9 137.5 -09.4 4.20E-06 009.2 109.8  44.6 0.020118 0.018391 0.086704 hargrave 2017-11-28 08:51:23 
TT 650 053.5  46.3 079.7  27.6 3.71E-06 007.9 219.6  50.7 0.036352 0.037283 0.092852 hargrave 2017-11-28 15:56:36 
TT 655 191.0  05.2 193.1 -12.1 1.07E-05 004.2 099.0 -09.1 0.041616 0.066757 0.058981 hargrave 2017-12-11 12:58:50 
TT 660 182.7  28.6 174.1  03.7 9.16E-06 008.3 118.1  06.6 0.049652 0.059754 0.118991 hargrave 2017-12-12 12:38:02 
TT 660 179.1  26.1 172.4 -00.0 9.16E-06 009.4 114.7  08.8 0.042987 0.031852 0.146663 hargrave 2017-12-12 14:55:02 
TT 660 179.1  25.8 172.6 -00.3 9.08E-06 009.1 114.3  08.7 0.033810 0.034535 0.142361 hargrave 2017-12-12 15:33:31 
TT 665 021.6 -12.0 017.9  00.5 8.65E-06 006.8 289.6  16.1 0.049399 0.048381 0.092991 hargrave 2018-01-08 12:12:46 
TT 670 185.3  24.3 178.2  01.2 1.17E-05 006.2 114.8  02.9 0.042238 0.054125 0.121725 hargrave 2018-01-10 15:12:35 
TT 672 202.7  46.3 176.9  27.2 8.91E-06 008.0 140.7 -00.6 0.055888 0.040939 0.116346 hargrave 2018-01-11 14:19:01 
TT 674 184.7  18.6 180.6 -04.0 1.21E-05 006.7 109.3  01.5 0.045345 0.054688 0.135329 hargrave 2018-01-12 15:32:43 
TT 676 329.2  54.5 057.0  77.5 7.22E-06 010.4 210.1  00.3 0.073271 0.050415 0.111553 hargrave 2018-01-17 09:44:29 
TT 676 336.3  53.4 053.4  73.3 6.84E-06 013.5 213.3  03.2 0.036243 0.043236 0.157951 hargrave 2018-01-17 12:21:03 
TT 676 338.2  53.0 052.5  72.1 6.82E-06 014.4 214.3  04.0 0.038980 0.039922 0.169134 hargrave 2018-01-17 13:20:21 
TT 678 343.1  46.2 037.2  66.9 8.95E-06 008.2 221.7  03.8 0.059704 0.055177 0.111253 hargrave 2018-01-22 12:38:30 
TT 678 346.7  44.7 037.0  63.9 8.62E-06 009.4 224.1  05.4 0.045671 0.048214 0.133728 hargrave 2018-01-22 15:22:14 
TT 678 346.0  45.4 037.7  64.7 8.43E-06 009.1 223.3  05.2 0.043599 0.046141 0.127976 hargrave 2018-01-22 18:06:00 
TT 680 018.0 -43.4 356.1 -22.9 1.22E-05 005.9 316.6 -00.9 0.058586 0.044633 0.113105 hargrave 2018-01-25 09:20:54 
TT 682 211.2  52.7 176.2  35.6 9.16E-06 008.8 149.0 -01.7 0.041567 0.081351 0.118996 hargrave 2018-01-27 16:24:12 
TT 682 209.5  46.7 180.4  30.7 9.03E-06 010.4 143.5 -04.3 0.053529 0.090483 0.137630 hargrave 2018-01-31 11:11:42 
TT 682 208.4  48.8 178.1  31.7 8.63E-06 011.6 144.8 -02.5 0.058548 0.074538 0.156356 hargrave 2018-01-31 12:52:13 
TT 684 287.5  55.5 195.6  77.3 7.41E-06 011.1 190.5 -12.9 0.175555 0.060759 0.076590 hargrave 2018-02-05 09:21:16 
TT 684 300.1  55.0 187.0  84.3 6.03E-06 012.7 197.4 -10.6 0.039811 0.056479 0.124521 hargrave 2018-02-05 13:28:06 
TT 684 298.7  55.2 188.3  83.5 6.08E-06 012.7 196.6 -10.8 0.041742 0.045256 0.131372 hargrave 2018-02-05 15:58:43 
TT 686 222.4  47.1 187.3  37.4 7.76E-06 010.3 149.6 -10.8 0.044035 0.040760 0.133732 hargrave 2018-02-07 11:26:35 
TT 686 221.3  45.2 188.5  35.6 7.44E-06 011.0 147.7 -11.6 0.044178 0.047392 0.136859 hargrave 2018-02-07 15:10:04 
TT 686 219.8  41.7 190.7  32.5 6.91E-06 010.6 144.3 -13.1 0.043184 0.042381 0.124583 hargrave 2018-02-08 11:27:23 
TT 688 000.6 -02.6 005.4  19.8 1.11E-05 006.6 272.9  00.4 0.036314 0.040452 0.120534 hargrave 2018-02-14 12:02:49 
