TR018 -Ka mag compass orientation (IGRF corrected)
 1615.2 152.3  63.0  38.5  37.7   1.0
NRM    045.7  47.4 076.1  32.0 1.52E-05 003.0 208.1  65.8 0.064704 0.039352 0.030722 hargrave 2017-10-13 14:45:14 
TT 100 056.4  47.4 082.1  27.1 1.33E-05 003.3 191.3  69.1 0.063834 0.036457 0.028621 hargrave 2017-10-15 13:44:46 
TT 100 054.7  46.8 080.7  27.4 1.33E-05 003.7 194.8  69.3 0.074281 0.042117 0.028637 hargrave 2017-10-15 15:41:26 
TT 200 063.6  44.0 084.2  21.3 1.15E-05 002.4 176.7  73.0 0.043506 0.024006 0.016904 hargrave 2017-10-16 09:45:34 
TT 300 073.5  42.1 089.3  15.7 9.62E-06 002.8 151.7  72.4 0.040256 0.024141 0.015723 hargrave 2017-10-16 18:19:27 
TT 350 077.3  38.4 090.0  11.1 8.86E-06 002.2 136.1  73.0 0.024963 0.022420 0.012935 hargrave 2017-10-17 15:23:25 
TT 400 083.8  33.1 092.3  03.9 7.80E-06 001.8 113.4  70.4 0.017493 0.017286 0.006610 hargrave 2017-10-20 12:08:27 
TT 450 097.0  22.9 099.2 -09.9 6.23E-06 001.9 090.3  58.4 0.015112 0.016251 0.007104 hargrave 2017-10-22 15:38:24 
TT 475 106.0  17.5 106.0 -17.5 5.97E-06 001.8 086.1  48.6 0.013502 0.016613 0.010908 hargrave 2017-10-23 15:41:24 
TT 500 110.7  12.8 109.6 -23.2 5.82E-06 001.7 082.4  42.6 0.010948 0.017374 0.008760 hargrave 2017-10-24 13:50:52 
TT 525 114.3  06.3 112.2 -30.2 6.17E-06 003.9 077.0  36.5 0.036120 0.019921 0.012527 hargrave 2017-10-26 14:08:31 
TT 550 122.5 -03.1 120.6 -40.5 6.08E-06 002.3 072.5  24.7 0.014732 0.014764 0.015698 hargrave 2017-10-27 10:57:04 
TT 555 126.3 -05.6 125.4 -43.3 6.31E-06 003.5 072.3  20.2 0.031812 0.025169 0.007562 hargrave 2017-10-28 13:27:19 
TT 560 127.9 -09.4 127.7 -47.1 6.07E-06 002.2 069.8  16.8 0.010836 0.023087 0.016325 hargrave 2017-10-31 18:13:01 
TT 565 128.4 -12.5 128.4 -50.2 6.57E-06 004.7 067.4  14.7 0.052434 0.015409 0.013809 hargrave 2017-11-03 19:16:25 
TT 570 131.2 -13.0 132.6 -50.6 6.46E-06 002.8 068.4  12.2 0.017582 0.031210 0.015481 hargrave 2017-11-05 18:41:49 
TT 575 130.8 -15.0 132.1 -52.7 6.63E-06 003.7 066.5  11.4 0.030539 0.032924 0.015584 hargrave 2017-11-09 15:38:54 
TT 580 132.2 -17.3 134.6 -54.9 6.78E-06 004.3 065.2  09.1 0.036203 0.036729 0.019021 hargrave 2017-11-14 11:11:16 
TT 600 132.0 -26.7 135.7 -64.3 3.33E-06 056.2 057.1  04.1 0.192665 0.298602 0.028815 hargrave 2017-11-14 20:18:38 
TT 600 135.5 -13.4 139.3 -50.7 6.83E-06 009.7 070.2  08.3 0.100505 0.062212 0.023900 hargrave 2017-11-15 10:29:49 
TT 600 132.5 -20.9 135.7 -58.4 6.88E-06 002.8 062.3  06.9 0.013737 0.028801 0.024404 hargrave 2017-11-15 10:42:55 
TT 620 138.2 -27.0 148.3 -63.7 7.64E-06 004.1 059.8 -00.8 0.037415 0.043738 0.011750 hargrave 2017-11-17 19:28:42 
TT 630 148.5 -20.6 162.2 -54.7 7.86E-06 002.6 069.9 -06.0 0.029146 0.025014 0.017758 hargrave 2017-11-19 19:01:38 
TT 640 151.6 -21.8 167.6 -54.7 8.36E-06 006.4 070.1 -09.1 0.081837 0.050246 0.014839 hargrave 2017-11-21 18:06:30 
TT 645 153.1 -18.1 167.2 -50.7 8.85E-06 006.5 074.1 -08.8 0.089478 0.050584 0.021832 hargrave 2017-11-27 17:45:39 
TT 650 154.6 -30.3 179.7 -60.8 7.61E-06 002.7 063.3 -15.0 0.017766 0.039914 0.020083 hargrave 2017-11-28 16:05:47 
TT 655 145.6 -34.9 170.1 -68.8 8.96E-06 004.1 055.8 -10.0 0.033182 0.047492 0.041310 hargrave 2017-12-11 13:07:45 
TT 660 155.1 -22.8 173.3 -54.2 1.02E-05 005.7 070.5 -12.5 0.081628 0.056389 0.042866 hargrave 2017-12-12 12:46:57 
TT 665 149.1 -36.2 178.7 -68.3 9.29E-06 004.7 055.9 -13.2 0.053391 0.052224 0.031896 hargrave 2018-01-08 12:21:48 
TT 670 157.3 -22.5 176.1 -52.9 1.04E-05 003.4 071.7 -14.2 0.047733 0.034620 0.030933 hargrave 2018-01-10 15:23:19 
TT 672 145.8 -55.8 244.5 -79.3 7.77E-06 003.6 036.1 -18.6 0.020141 0.030417 0.035303 hargrave 2018-01-11 14:29:42 
TT 674 164.5 -07.6 174.9 -36.5 9.38E-06 002.7 088.6 -14.3 0.031508 0.032446 0.030355 hargrave 2018-01-12 15:41:49 
TT 676 141.8 -48.8 201.4 -80.9 8.18E-06 003.0 041.7 -13.6 0.016305 0.028184 0.032373 hargrave 2018-01-17 09:55:10 
TT 678 159.4 -24.1 180.2 -53.3 6.36E-06 007.7 071.0 -16.6 0.072452 0.029794 0.039293 hargrave 2018-01-22 12:47:33 
TT 680 079.7 -75.0 331.5 -60.3 4.32E-06 007.3 004.5 -12.7 0.020946 0.029468 0.050959 hargrave 2018-01-25 09:29:55 
TT 680 068.9 -74.8 333.4 -57.6 4.53E-06 006.5 001.8 -11.9 0.008217 0.024033 0.045131 hargrave 2018-01-26 11:42:12 
TT 682 166.2  05.4 170.3 -24.0 5.66E-06 005.3 101.3 -09.8 0.038185 0.018351 0.035550 hargrave 2018-01-27 16:34:51 
TT 684 183.8  20.3 179.0 -03.0 5.40E-06 006.3 123.6 -16.2 0.022555 0.022649 0.054720 hargrave 2018-02-05 09:31:58 
TT 686 104.0 -41.6 061.6 -70.3 1.98E-06 016.6 030.5  11.3 0.015954 0.019343 0.053734 hargrave 2018-02-07 11:36:44 
TT 686 102.9 -43.9 054.8 -71.1 2.08E-06 013.8 028.5  10.0 0.013464 0.021615 0.048462 hargrave 2018-02-07 15:14:43 
TT 686 089.5 -47.9 032.9 -64.9 2.29E-06 012.6 018.2  11.2 0.013192 0.018966 0.048691 hargrave 2018-02-08 11:33:29 
TT 688 121.8 -30.4 113.1 -67.6 3.68E-06 008.6 048.8  09.2 0.023639 0.016030 0.052619 hargrave 2018-02-14 12:11:52 
TT 688 121.7 -30.2 113.1 -67.3 3.81E-06 008.6 048.9  09.4 0.022519 0.015703 0.055568 hargrave 2018-02-14 16:31:43 
