TR018 -Pa mag compass orientation (IGRF corrected)
 1622.6 143.3  70.0  38.5  37.7   1.0
NRM    177.3 -03.8 185.9 -27.0 3.25E-05 003.5 098.9 -33.1 0.192079 0.046366 0.038383 hargrave 2017-10-13 14:51:19 
TT 100 175.6 -10.3 188.2 -33.4 3.39E-05 003.6 090.8 -33.7 0.205497 0.059559 0.043022 hargrave 2017-10-15 13:51:01 
TT 100 175.5 -10.0 187.9 -33.3 3.38E-05 003.8 091.1 -33.5 0.219012 0.053591 0.033384 hargrave 2017-10-15 15:47:39 
TT 200 175.9 -12.5 189.9 -35.2 3.47E-05 002.1 088.3 -34.6 0.110115 0.069778 0.038138 hargrave 2017-10-16 09:50:24 
TT 300 176.7 -12.0 190.5 -34.3 3.57E-05 002.4 089.2 -35.3 0.135910 0.056978 0.045675 hargrave 2017-10-16 18:25:01 
TT 350 176.8 -13.4 191.5 -35.4 3.61E-05 001.9 087.6 -35.7 0.102357 0.051340 0.043742 hargrave 2017-10-17 15:29:03 
TT 400 177.2 -13.5 192.0 -35.3 3.70E-05 001.7 087.6 -36.1 0.087599 0.051003 0.048639 hargrave 2017-10-20 12:14:04 
TT 450 176.9 -15.8 193.3 -37.3 3.71E-05 003.5 084.7 -36.4 0.221694 0.053488 0.031666 hargrave 2017-10-22 15:44:26 
TT 475 177.0 -15.9 193.5 -37.3 3.74E-05 001.4 084.6 -36.6 0.075462 0.043820 0.033514 hargrave 2017-10-23 15:47:23 
TT 500 176.9 -15.5 193.1 -37.1 3.78E-05 001.8 085.0 -36.3 0.073363 0.176699 0.038669 hargrave 2017-10-24 13:56:58 
TT 525 177.4 -15.6 193.6 -36.8 3.77E-05 001.3 085.2 -36.8 0.068690 0.042795 0.034548 hargrave 2017-10-26 14:14:09 
TT 550 177.9 -14.5 193.3 -35.7 3.77E-05 001.3 086.6 -37.0 0.069928 0.047783 0.034164 hargrave 2017-10-27 11:02:39 
TT 555 177.4 -15.7 193.7 -37.0 3.79E-05 003.9 085.0 -36.8 0.251090 0.049015 0.029405 hargrave 2017-10-28 13:33:21 
TT 560 177.1 -15.3 193.2 -36.8 3.68E-05 002.3 085.4 -36.5 0.118351 0.065372 0.059151 hargrave 2017-10-31 18:19:01 
TT 565 176.8 -16.8 193.9 -38.2 3.69E-05 003.4 083.5 -36.5 0.199182 0.071644 0.058204 hargrave 2017-11-03 19:22:25 
TT 570 176.6 -15.0 192.4 -36.8 3.73E-05 003.1 085.6 -35.9 0.166026 0.183484 0.061931 hargrave 2017-11-05 18:47:48 
TT 575 177.0 -16.1 193.6 -37.5 3.71E-05 002.4 084.5 -36.6 0.135001 0.063402 0.064633 hargrave 2017-11-09 15:44:54 
TT 580 176.2 -15.7 192.5 -37.6 3.68E-05 002.2 084.6 -35.7 0.102948 0.081358 0.068193 hargrave 2017-11-14 11:17:22 
TT 600 176.3 -15.3 192.3 -37.3 3.71E-05 002.1 085.1 -35.7 0.100198 0.076521 0.065352 hargrave 2017-11-14 20:24:13 
TT 620 177.9 -17.7 195.6 -38.3 3.71E-05 003.0 082.7 -37.7 0.184719 0.061327 0.037338 hargrave 2017-11-17 19:34:42 
TT 630 176.9 -16.6 193.9 -38.0 3.72E-05 002.7 083.8 -36.6 0.168295 0.066061 0.046687 hargrave 2017-11-19 19:07:40 
TT 640 179.4 -17.0 196.6 -36.9 3.51E-05 001.6 083.9 -39.0 0.084475 0.059633 0.048980 hargrave 2017-11-21 18:12:28 
TT 645 177.5 -14.2 192.7 -35.7 3.66E-05 001.9 086.9 -36.6 0.111086 0.069806 0.062360 hargrave 2017-11-27 17:51:40 
TT 650 182.5 -19.9 201.7 -37.4 3.15E-05 002.0 080.8 -42.4 0.090868 0.072463 0.079781 hargrave 2017-11-28 16:11:52 
TT 655 175.8 -14.5 191.3 -36.8 3.75E-05 001.2 086.0 -35.1 0.055371 0.085276 0.086451 hargrave 2017-12-11 13:13:40 
TT 660 183.2 -13.6 197.7 -32.0 3.07E-05 001.9 089.4 -41.8 0.093791 0.071144 0.085205 hargrave 2017-12-12 12:52:53 
TT 665 182.5 -08.4 193.7 -28.1 3.14E-05 002.0 095.7 -39.7 0.095556 0.054548 0.066720 hargrave 2018-01-08 12:27:47 
TT 670 190.2 -21.8 210.0 -34.2 2.42E-05 002.5 079.6 -49.8 0.074482 0.074774 0.082081 hargrave 2018-01-10 15:29:18 
TT 672 180.2 -05.9 189.9 -27.3 3.36E-05 002.2 097.8 -36.6 0.102724 0.065466 0.079479 hargrave 2018-01-11 14:35:44 
TT 674 190.3 -15.4 205.3 -29.2 2.16E-05 003.0 089.3 -48.8 0.072616 0.078539 0.088260 hargrave 2018-01-12 15:48:05 
TT 676 193.2 -15.2 207.7 -27.4 1.87E-05 004.0 090.5 -51.6 0.087946 0.071258 0.094714 hargrave 2018-01-17 10:01:12 
TT 678 189.3  07.7 190.3 -10.9 1.53E-05 004.6 118.2 -38.7 0.060764 0.061869 0.118820 hargrave 2018-01-22 12:53:37 
TT 680 167.8  02.7 173.1 -25.8 2.02E-05 004.7 101.6 -21.9 0.111332 0.064057 0.112581 hargrave 2018-01-25 09:35:58 
TT 682 171.0  30.8 164.0  01.0 8.98E-06 011.0 129.0 -11.5 0.085013 0.122533 0.106928 hargrave 2018-01-27 16:42:39 
TT 682 162.8  34.1 156.3  01.5 1.20E-05 011.1 128.5 -03.9 0.067005 0.171327 0.207655 hargrave 2018-01-31 11:21:09 
TT 682 166.6  30.6 160.6 -00.7 1.03E-05 010.4 126.9 -08.4 0.052443 0.102105 0.162265 hargrave 2018-01-31 13:00:21 
TT 684 181.6  30.8 172.1  05.1 6.93E-06 012.9 134.5 -19.0 0.087664 0.048921 0.130999 hargrave 2018-02-05 09:37:59 
TT 684 176.4  25.5 170.6 -01.6 6.94E-06 013.1 127.2 -18.4 0.053640 0.084882 0.134382 hargrave 2018-02-05 13:35:54 
TT 684 177.0  25.4 171.1 -01.5 6.96E-06 013.8 127.4 -18.9 0.052892 0.086126 0.145238 hargrave 2018-02-05 16:06:31 
TT 686 175.6  36.5 165.0  07.8 1.06E-05 009.9 136.1 -11.6 0.053777 0.136689 0.137807 hargrave 2018-02-07 11:42:17 
TT 686 173.8  33.5 165.0  04.4 1.00E-05 009.4 132.7 -12.1 0.050993 0.072404 0.149180 hargrave 2018-02-07 15:17:36 
TT 686 173.1  29.8 166.1  00.9 8.91E-06 009.8 129.2 -13.6 0.047209 0.062167 0.141446 hargrave 2018-02-08 11:36:21 
TT 688 171.4  27.1 165.8 -02.2 7.77E-06 010.3 126.0 -13.8 0.045720 0.069204 0.123418 hargrave 2018-02-14 12:17:51 
TT 688 169.5  26.3 164.6 -03.6 8.01E-06 012.2 124.4 -12.7 0.045975 0.079151 0.154582 hargrave 2018-02-14 16:37:44 
