TR018 -Ba mag compass orientation (IGRF corrected)
 1606.5 199.3  64.0  38.5  37.7   1.0
NRM    112.0 -32.5 091.0 -66.9 6.59E-05 003.1 002.7  31.5 0.098270 0.328575 0.112990 hargrave 2017-10-13 14:28:08 
TT 100 114.4 -34.3 093.7 -69.3 7.02E-05 003.4 004.8  29.5 0.122933 0.365386 0.171454 hargrave 2017-10-15 13:27:15 
TT 100 114.0 -34.3 092.8 -69.2 7.02E-05 003.1 004.5  29.5 0.124419 0.324548 0.174306 hargrave 2017-10-15 15:24:39 
TT 200 115.0 -34.8 094.3 -70.1 7.09E-05 002.7 005.3  28.9 0.155099 0.283903 0.155845 hargrave 2017-10-16 09:32:15 
TT 300 116.0 -35.6 095.6 -71.1 7.21E-05 001.9 006.2  28.1 0.155778 0.140738 0.167625 hargrave 2017-10-16 18:03:23 
TT 350 117.3 -35.7 098.6 -71.6 7.21E-05 002.3 007.4  27.8 0.130477 0.233999 0.159604 hargrave 2017-10-17 15:07:57 
TT 400 120.0 -35.7 105.0 -72.4 7.24E-05 002.9 009.7  27.5 0.087439 0.349584 0.107130 hargrave 2017-10-20 11:53:56 
TT 450 117.3 -36.3 097.9 -72.2 7.16E-05 006.8 007.3  27.2 0.092818 0.844120 0.095025 hargrave 2017-10-22 15:23:00 
TT 475 119.0 -36.4 101.7 -72.8 7.19E-05 001.4 008.7  26.9 0.132781 0.118358 0.113184 hargrave 2017-10-23 15:25:56 
TT 500 117.6 -34.9 100.2 -71.0 7.57E-05 006.5 007.8  28.6 0.938055 0.963986 0.425569 hargrave 2017-10-24 13:22:13 
TT 525 117.9 -36.9 098.5 -72.9 7.16E-05 001.8 007.7  26.6 0.096033 0.186054 0.097498 hargrave 2017-10-26 13:51:15 
TT 550 120.7 -36.7 106.1 -73.4 7.08E-05 002.1 010.2  26.4 0.114263 0.216239 0.131034 hargrave 2017-10-27 10:41:51 
TT 555 121.5 -36.5 108.2 -73.5 7.05E-05 002.2 010.9  26.4 0.063416 0.256865 0.094769 hargrave 2017-10-28 13:11:51 
TT 560 118.3 -37.3 099.0 -73.4 6.84E-05 001.9 008.0  26.2 0.134225 0.112302 0.167067 hargrave 2017-10-31 17:57:27 
TT 565 122.2 -36.6 110.4 -73.7 6.81E-05 002.4 011.6  26.3 0.142164 0.149380 0.212498 hargrave 2017-11-03 19:01:05 
TT 570 121.7 -36.6 108.7 -73.6 6.76E-05 003.5 011.0  26.3 0.135403 0.321982 0.242361 hargrave 2017-11-05 18:26:35 
TT 575 119.9 -36.9 103.7 -73.4 6.72E-05 002.4 009.4  26.4 0.159064 0.129534 0.217260 hargrave 2017-11-09 15:23:33 
TT 580 117.8 -37.1 098.1 -73.0 6.66E-05 004.3 007.6  26.4 0.088364 0.463218 0.163637 hargrave 2017-11-14 10:54:13 
TT 600 118.7 -36.9 100.6 -73.1 6.49E-05 002.1 008.4  26.5 0.134303 0.099167 0.184485 hargrave 2017-11-14 20:03:24 
TT 620 120.3 -36.5 105.1 -73.2 6.55E-05 004.7 009.9  26.6 0.072647 0.524680 0.127064 hargrave 2017-11-17 19:12:32 
TT 630 116.6 -36.8 095.3 -72.4 6.48E-05 002.0 006.5  26.8 0.129035 0.111591 0.173357 hargrave 2017-11-19 18:45:33 
TT 640 120.3 -37.5 103.9 -74.1 6.22E-05 001.9 009.6  25.6 0.118480 0.145883 0.134164 hargrave 2017-11-21 17:51:13 
TT 645 125.0 -36.0 118.3 -73.5 6.11E-05 002.0 014.1  26.2 0.092642 0.151143 0.153784 hargrave 2017-11-27 17:29:20 
TT 650 118.3 -37.5 098.6 -73.6 5.71E-05 002.0 007.9  25.9 0.122487 0.081276 0.159166 hargrave 2017-11-28 15:49:30 
TT 655 126.7 -34.4 123.8 -72.1 5.29E-05 001.6 016.2  27.4 0.075829 0.063542 0.124515 hargrave 2017-12-11 12:52:40 
TT 660 113.9 -36.6 089.5 -71.3 3.74E-05 002.7 004.2  27.2 0.086826 0.047355 0.151645 hargrave 2017-12-12 12:31:53 
TT 665 138.4 -28.0 149.2 -64.6 1.81E-05 004.7 029.5  29.2 0.033834 0.089199 0.121813 hargrave 2018-01-08 12:06:24 
TT 670 058.8 -11.0 047.9 -21.0 4.50E-06 012.5 300.4  28.5 0.024036 0.027861 0.105429 hargrave 2018-01-10 15:06:20 
TT 670 060.2 -11.0 049.0 -21.9 4.31E-06 011.8 301.4  29.6 0.026677 0.026514 0.088046 hargrave 2018-01-10 17:41:26 
TT 670 059.8 -11.7 048.3 -22.2 4.27E-06 012.2 301.7  28.9 0.029371 0.025168 0.089258 hargrave 2018-01-10 18:29:14 
TT 672 328.2  70.9 110.2  69.4 1.84E-06 022.1 192.1  10.7 0.018022 0.025841 0.071524 hargrave 2018-01-11 14:12:44 
TT 672 004.7  75.1 104.4  58.4 1.76E-06 026.8 195.5  21.4 0.011944 0.025424 0.087781 hargrave 2018-01-11 16:33:31 
TT 672 354.0  73.5 103.3  61.7 1.73E-06 026.6 195.6  18.2 0.012411 0.026209 0.084130 hargrave 2018-01-11 17:14:16 
TT 674 012.5  00.0 017.4  15.6 5.91E-06 007.5 267.0 -06.1 0.030013 0.020997 0.072798 hargrave 2018-01-12 15:26:29 
TT 676 200.5  21.8 191.3  06.8 7.09E-06 005.4 110.3  08.4 0.020540 0.029990 0.064790 hargrave 2018-01-17 09:38:07 
TT 678 323.5  44.9 007.7  77.7 3.39E-06 013.7 204.1 -12.5 0.014954 0.026855 0.080494 hargrave 2018-01-22 12:32:15 
TT 678 321.0  48.5 017.7  81.1 3.21E-06 016.1 200.8 -10.3 0.018388 0.024425 0.092528 hargrave 2018-01-22 15:17:23 
TT 678 320.2  48.6 016.4  81.7 3.12E-06 015.8 200.2 -10.5 0.015427 0.024483 0.087181 hargrave 2018-01-22 18:01:22 
TT 680 216.3  30.2 197.3  22.2 4.78E-06 008.8 124.3 -00.4 0.029131 0.022193 0.069608 hargrave 2018-01-25 09:14:39 
TT 680 216.7  35.4 193.8  26.3 4.50E-06 010.8 128.9  02.0 0.017389 0.024049 0.082746 hargrave 2018-01-26 11:31:11 
TT 680 213.6  33.9 192.9  23.4 4.39E-06 009.7 126.3  03.4 0.016855 0.024185 0.072143 hargrave 2018-01-26 14:17:19 
TT 682 357.6  32.7 029.0  49.9 4.36E-06 010.9 231.5 -02.5 0.030867 0.041533 0.069391 hargrave 2018-01-27 16:17:55 
TT 684 218.6  20.5 205.6  16.1 5.06E-06 004.9 117.0 -07.1 0.013731 0.094286 0.014817 hargrave 2018-02-05 09:15:03 
TT 686 195.2  14.5 191.3 -02.1 6.57E-06 006.8 101.4  09.9 0.017410 0.036109 0.082786 hargrave 2018-02-07 11:20:41 
TT 688 212.8  26.2 197.6  17.2 4.23E-06 010.6 119.3  00.3 0.021488 0.025253 0.074258 hargrave 2018-02-14 11:56:32 
TT 688 211.2  24.0 197.9  14.6 4.26E-06 011.5 116.7  00.5 0.021585 0.025087 0.082247 hargrave 2018-02-14 16:25:09 
