TR018 -Na mag compass orientation (IGRF corrected)
 1620.6 151.3  72.0  38.5  37.7   1.0
NRM    199.0  68.3 156.2  41.2 1.09E-05 003.1 165.5  01.5 0.028507 0.051743 0.022707 hargrave 2017-10-13 14:49:51 
TT 100 194.1  53.6 166.7  29.1 9.25E-06 004.5 153.9 -07.7 0.034417 0.065566 0.017117 hargrave 2017-10-15 13:49:27 
TT 100 194.2  53.7 166.7  29.3 9.24E-06 004.7 154.1 -07.7 0.034923 0.068362 0.016929 hargrave 2017-10-15 15:46:08 
TT 200 194.5  41.2 175.3  19.6 8.53E-06 001.9 145.1 -16.6 0.020273 0.022729 0.013762 hargrave 2017-10-16 09:49:14 
TT 300 193.4  30.8 180.8  10.5 8.50E-06 005.1 136.2 -23.0 0.053577 0.055934 0.015213 hargrave 2017-10-16 18:23:40 
TT 350 192.4  24.5 183.5  04.8 8.53E-06 002.6 130.2 -26.1 0.028619 0.027803 0.016603 hargrave 2017-10-17 15:27:41 
TT 400 193.3  20.6 186.4  02.0 8.55E-06 003.4 127.2 -29.1 0.039750 0.034982 0.010476 hargrave 2017-10-20 12:12:42 
TT 450 192.1  11.9 190.3 -05.9 9.00E-06 005.3 118.0 -33.0 0.070053 0.047263 0.016388 hargrave 2017-10-22 15:42:55 
TT 475 192.7  10.1 191.8 -07.1 9.24E-06 003.5 116.5 -34.4 0.047767 0.032746 0.015637 hargrave 2017-10-23 15:45:55 
TT 500 193.0  07.7 193.3 -08.9 9.41E-06 002.5 114.1 -35.8 0.033155 0.025380 0.017439 hargrave 2017-10-24 13:55:30 
TT 525 192.8  04.7 194.9 -11.5 9.55E-06 002.7 110.7 -37.0 0.036051 0.026296 0.015630 hargrave 2017-10-26 14:12:47 
TT 550 195.1  04.9 196.7 -10.1 9.72E-06 003.9 112.2 -39.0 0.060176 0.029103 0.014722 hargrave 2017-10-27 11:01:17 
TT 555 193.9  01.8 197.5 -13.3 9.85E-06 003.1 108.0 -39.3 0.045750 0.028153 0.015913 hargrave 2017-10-28 13:31:52 
TT 560 193.7  00.3 198.2 -14.6 9.51E-06 003.5 106.2 -39.7 0.046090 0.033161 0.019318 hargrave 2017-10-31 18:17:36 
TT 565 193.6  00.8 197.9 -14.3 9.64E-06 004.8 106.6 -39.5 0.073829 0.035314 0.017516 hargrave 2017-11-03 19:20:57 
TT 570 193.2 -01.5 198.9 -16.4 9.55E-06 005.9 103.7 -40.0 0.092870 0.036884 0.019147 hargrave 2017-11-05 18:46:19 
TT 575 192.5 -02.9 199.1 -17.9 9.84E-06 003.3 101.7 -39.9 0.045651 0.030581 0.023038 hargrave 2017-11-09 15:43:25 
TT 580 192.1 -02.4 198.4 -17.7 9.76E-06 003.1 102.1 -39.3 0.037007 0.034337 0.024029 hargrave 2017-11-14 11:15:55 
TT 600 192.7 -05.9 201.1 -20.2 9.88E-06 003.6 098.1 -41.1 0.049004 0.036358 0.023640 hargrave 2017-11-14 20:22:51 
TT 620 197.5 -05.3 204.9 -16.9 9.97E-06 004.4 101.1 -45.4 0.074626 0.025412 0.020566 hargrave 2017-11-17 19:33:14 
TT 630 194.4 -09.1 204.7 -21.8 1.07E-05 004.7 094.6 -43.7 0.084167 0.025726 0.032593 hargrave 2017-11-19 19:06:08 
TT 640 198.1 -10.6 208.7 -20.8 1.06E-05 002.4 094.0 -47.6 0.037399 0.025333 0.037478 hargrave 2017-11-21 18:11:00 
TT 645 194.6 -07.6 203.8 -20.5 1.15E-05 003.4 096.7 -43.4 0.062685 0.029609 0.047477 hargrave 2017-11-27 17:50:12 
TT 650 204.2 -15.1 216.7 -20.6 9.29E-06 003.7 089.0 -54.4 0.053306 0.031044 0.052317 hargrave 2017-11-28 16:10:24 
TT 655 195.4 -08.3 205.0 -20.6 1.11E-05 002.2 096.0 -44.4 0.031540 0.032677 0.057161 hargrave 2017-12-11 13:12:13 
TT 660 203.9 -13.6 215.5 -19.6 9.64E-06 002.8 091.4 -53.8 0.038760 0.029192 0.051735 hargrave 2017-12-12 12:51:27 
TT 665 201.1 -08.7 210.0 -17.5 1.04E-05 003.3 098.0 -49.9 0.045400 0.033503 0.039918 hargrave 2018-01-08 12:26:19 
TT 670 210.1 -13.8 220.4 -16.0 9.49E-06 003.2 093.4 -59.7 0.039942 0.029685 0.042394 hargrave 2018-01-10 15:27:50 
TT 672 196.8 -07.9 205.9 -19.4 1.16E-05 003.7 097.2 -45.6 0.060491 0.037325 0.040495 hargrave 2018-01-11 14:34:16 
TT 674 205.7 -12.0 215.8 -17.2 9.27E-06 003.3 094.9 -55.1 0.036536 0.033444 0.038664 hargrave 2018-01-12 15:46:29 
TT 676 210.6 -14.3 221.2 -16.0 8.86E-06 002.9 092.7 -60.3 0.024768 0.030091 0.036062 hargrave 2018-01-17 09:59:43 
TT 678 202.2 -05.3 208.7 -14.1 7.92E-06 003.6 103.5 -49.7 0.033066 0.028395 0.038234 hargrave 2018-01-22 12:52:09 
TT 680 195.9 -07.4 204.9 -19.6 6.89E-06 003.6 097.4 -44.6 0.020729 0.025351 0.035890 hargrave 2018-01-25 09:34:30 
TT 682 218.2 -06.9 222.5 -05.6 2.35E-06 006.2 113.3 -64.9 0.009311 0.016724 0.028172 hargrave 2018-01-27 16:41:08 
TT 684 196.7  08.2 196.2 -06.4 2.83E-06 005.8 117.0 -38.8 0.012360 0.015701 0.032376 hargrave 2018-02-05 09:36:30 
TT 686 183.1  14.2 181.6 -08.6 2.85E-06 007.7 115.4 -24.3 0.010746 0.018716 0.033086 hargrave 2018-02-07 11:40:55 
TT 688 232.2  38.5 201.4  37.3 1.38E-06 011.2 171.5 -32.9 0.008141 0.012467 0.026412 hargrave 2018-02-14 12:16:23 
TT 688 229.2  37.8 200.1  35.1 1.35E-06 013.2 168.6 -33.0 0.006495 0.012958 0.031911 hargrave 2018-02-14 16:36:16 
