TR018 -Qa mag compass orientation (IGRF corrected)
 1623.3 152.3  50.0  38.5  37.7   1.0
NRM    069.9 -37.3 034.8 -47.1 2.90E-06 007.5 006.2  12.4 0.038352 0.022415 0.035786 hargrave 2017-10-13 14:52:50 
TT 100 097.8 -64.6 348.6 -70.1 3.79E-06 007.8 015.2 -18.2 0.041455 0.024263 0.039330 hargrave 2017-10-15 13:52:36 
TT 100 097.9 -64.5 348.6 -70.2 3.81E-06 007.8 015.3 -18.2 0.040015 0.024351 0.040048 hargrave 2017-10-15 15:49:14 
TT 200 127.7 -69.0 309.6 -73.3 4.94E-06 006.0 021.9 -29.0 0.043761 0.018614 0.038480 hargrave 2017-10-16 09:51:37 
TT 300 147.1 -62.8 272.6 -75.6 6.14E-06 004.6 032.7 -32.7 0.039916 0.024667 0.039245 hargrave 2017-10-16 18:26:26 
TT 350 152.4 -62.8 267.4 -73.6 6.84E-06 004.2 033.9 -34.9 0.041822 0.024381 0.039306 hargrave 2017-10-17 15:30:28 
TT 400 157.9 -59.1 252.6 -72.3 7.80E-06 005.1 039.3 -36.2 0.057300 0.042672 0.030443 hargrave 2017-10-20 12:15:31 
TT 450 161.7 -59.4 252.7 -70.3 8.64E-06 004.8 039.6 -38.1 0.057094 0.042103 0.028464 hargrave 2017-10-22 15:46:46 
TT 475 163.6 -58.7 250.3 -69.4 9.06E-06 003.7 040.9 -38.8 0.053946 0.030023 0.031821 hargrave 2017-10-23 15:48:53 
TT 500 164.8 -58.4 249.6 -68.8 9.26E-06 003.2 041.4 -39.4 0.039872 0.022478 0.034185 hargrave 2017-10-24 13:59:21 
TT 525 166.3 -57.0 245.8 -67.9 9.68E-06 002.0 043.5 -39.8 0.041199 0.029307 0.022182 hargrave 2017-10-26 14:15:35 
TT 550 170.0 -53.9 238.9 -65.4 1.00E-05 004.5 048.1 -41.1 0.073561 0.046757 0.021581 hargrave 2017-10-27 11:04:04 
TT 555 170.3 -53.6 238.3 -65.2 1.00E-05 004.3 048.5 -41.1 0.070205 0.045241 0.023080 hargrave 2017-10-28 13:34:53 
TT 560 169.9 -55.1 241.8 -65.7 9.89E-06 001.8 046.5 -41.3 0.039230 0.033507 0.024545 hargrave 2017-10-31 18:20:33 
TT 565 171.0 -55.3 242.5 -65.1 1.01E-05 005.0 046.4 -41.9 0.088462 0.047175 0.021321 hargrave 2017-11-03 19:23:57 
TT 570 169.8 -57.0 246.2 -66.0 1.01E-05 005.0 044.1 -41.7 0.087533 0.047307 0.018944 hargrave 2017-11-05 18:49:19 
TT 575 169.6 -57.5 247.5 -66.2 1.01E-05 003.9 043.4 -41.7 0.071968 0.040237 0.019117 hargrave 2017-11-09 15:46:25 
TT 580 170.3 -55.5 242.8 -65.5 1.01E-05 002.5 046.1 -41.6 0.041889 0.035053 0.026119 hargrave 2017-11-14 11:18:55 
TT 600 171.5 -56.7 245.9 -65.1 9.83E-06 003.3 044.6 -42.5 0.056566 0.039566 0.021118 hargrave 2017-11-14 20:25:38 
TT 620 176.2 -56.7 246.8 -62.5 1.00E-05 003.5 045.3 -45.1 0.053188 0.039936 0.014829 hargrave 2017-11-17 19:36:17 
TT 630 170.3 -53.2 237.4 -65.1 9.95E-06 003.5 049.0 -41.0 0.048099 0.044926 0.018119 hargrave 2017-11-19 19:09:12 
TT 640 185.4 -51.8 240.8 -55.9 9.13E-06 003.8 053.5 -49.8 0.043083 0.048766 0.024206 hargrave 2017-11-21 18:13:59 
TT 645 161.5 -47.3 218.5 -68.3 1.11E-05 002.3 053.6 -33.8 0.027834 0.045739 0.038501 hargrave 2017-11-27 17:53:12 
TT 650 224.2 -75.8 286.7 -48.8 7.90E-06 006.6 007.3 -53.3 0.030247 0.057667 0.086262 hargrave 2017-11-28 16:14:15 
TT 655 190.0 -35.1 221.9 -43.9 1.01E-05 002.9 079.6 -48.8 0.033138 0.064216 0.092233 hargrave 2017-12-11 13:15:59 
TT 660 215.1 -66.0 271.5 -47.5 7.74E-06 006.3 021.7 -59.8 0.030206 0.063032 0.100514 hargrave 2017-12-12 12:55:14 
TT 665 214.1 -41.8 244.5 -34.2 8.36E-06 004.1 075.9 -68.7 0.038133 0.040694 0.082352 hargrave 2018-01-08 12:30:13 
TT 670 243.4 -60.7 275.9 -34.3 6.52E-06 004.7 358.5 -69.3 0.030427 0.035981 0.077046 hargrave 2018-01-10 15:30:53 
TT 672 176.6 -20.0 196.1 -40.9 1.27E-05 002.5 089.1 -31.0 0.018892 0.054184 0.042169 hargrave 2018-01-11 14:37:20 
TT 674 231.5 -64.4 274.7 -40.9 5.63E-06 006.0 010.9 -64.8 0.030165 0.043468 0.071859 hargrave 2018-01-12 15:49:38 
TT 676 285.4 -60.1 296.1 -23.9 7.17E-06 003.9 321.6 -56.7 0.056840 0.041738 0.064574 hargrave 2018-01-17 10:02:43 
TT 678 204.7 -09.2 213.2 -15.7 5.59E-06 008.6 122.2 -44.6 0.035154 0.041275 0.096884 hargrave 2018-01-22 12:55:13 
TT 678 201.9 -09.2 210.9 -17.4 5.60E-06 011.8 119.4 -42.7 0.036588 0.051728 0.121802 hargrave 2018-01-22 15:27:03 
TT 678 200.8 -09.3 210.1 -18.1 5.60E-06 011.0 118.3 -42.1 0.036895 0.050953 0.108266 hargrave 2018-01-22 18:10:44 
TT 680 164.5 -12.4 177.8 -40.8 9.72E-06 004.9 088.0 -17.2 0.021269 0.047432 0.071296 hargrave 2018-01-25 09:37:30 
TT 682 223.4  20.4 209.4  19.0 3.36E-06 015.8 160.1 -27.1 0.033280 0.052962 0.080175 hargrave 2018-01-27 16:44:15 
TT 682 221.5  33.3 198.6  27.5 3.23E-06 025.9 162.2 -14.2 0.041547 0.037214 0.149620 hargrave 2018-01-31 11:22:40 
TT 682 219.9  24.3 204.1  19.9 3.19E-06 022.0 158.0 -22.4 0.033228 0.047083 0.123946 hargrave 2018-01-31 13:01:56 
TT 684 185.6  25.7 177.7  02.5 5.66E-06 010.4 130.8 -05.8 0.063048 0.037509 0.089184 hargrave 2018-02-05 09:39:31 
TT 684 180.3  22.3 175.2 -02.8 5.74E-06 011.7 124.9 -05.1 0.043168 0.076981 0.094431 hargrave 2018-02-05 13:37:29 
TT 684 180.0  22.2 175.1 -03.1 5.73E-06 012.2 124.6 -05.0 0.042835 0.074205 0.101607 hargrave 2018-02-05 16:08:03 
TT 686 179.7  21.6 175.1 -03.8 7.88E-06 007.0 124.0 -05.2 0.042830 0.075610 0.082518 hargrave 2018-02-07 11:43:42 
TT 688 201.4  26.7 189.0  11.2 4.04E-06 014.0 143.0 -13.2 0.035608 0.045936 0.089868 hargrave 2018-02-14 12:19:23 
TT 688 198.7  26.5 187.1  09.7 4.16E-06 015.8 140.8 -12.0 0.035582 0.054627 0.103354 hargrave 2018-02-14 16:39:16 
