TR018 -Ca mag compass orientation (IGRF corrected)
 1607.9 174.3  77.0  38.5  37.7   1.0
NRM    060.0 -74.7 334.1 -55.3 3.20E-05 003.9 353.8  01.0 0.064592 0.209659 0.059626 hargrave 2017-10-13 14:29:40 
TT 100 056.6 -75.6 332.5 -54.5 3.35E-05 004.5 353.4 -00.2 0.073456 0.247838 0.080540 hargrave 2017-10-15 13:28:49 
TT 100 055.7 -75.5 332.6 -54.2 3.35E-05 004.3 353.1 -00.2 0.073498 0.233553 0.083042 hargrave 2017-10-15 15:26:13 
TT 200 055.3 -77.3 329.6 -54.2 3.50E-05 003.8 353.9 -01.8 0.109039 0.209742 0.092171 hargrave 2017-10-16 09:33:28 
TT 300 073.0 -79.7 324.3 -57.2 3.65E-05 001.9 358.0 -02.9 0.075816 0.076967 0.093587 hargrave 2017-10-16 18:04:49 
TT 350 068.7 -80.4 323.5 -56.2 3.70E-05 002.0 357.4 -03.8 0.074364 0.097766 0.089612 hargrave 2017-10-17 15:09:20 
TT 400 098.1 -80.9 317.6 -59.8 3.80E-05 002.6 002.2 -04.2 0.055351 0.162114 0.062669 hargrave 2017-10-20 11:55:19 
TT 450 079.5 -82.3 319.1 -56.9 3.80E-05 007.0 359.4 -05.4 0.050570 0.466423 0.050965 hargrave 2017-10-22 15:24:29 
TT 475 090.0 -82.8 316.9 -57.7 3.82E-05 001.2 000.7 -05.8 0.065762 0.041094 0.069306 hargrave 2017-10-23 15:27:27 
TT 500 087.0 -76.7 326.9 -61.1 4.05E-05 012.9 000.6  00.3 0.929863 0.966278 0.493510 hargrave 2017-10-24 13:25:20 
TT 500 091.1 -82.9 316.6 -57.7 3.84E-05 001.4 000.8 -06.0 0.031686 0.069623 0.061854 hargrave 2017-10-24 15:54:36 
TT 525 087.7 -83.6 316.1 -56.9 3.85E-05 001.1 000.4 -06.6 0.058732 0.053222 0.051511 hargrave 2017-10-26 13:52:45 
TT 550 127.8 -82.0 308.7 -60.3 3.81E-05 004.4 005.5 -07.1 0.071120 0.289416 0.049248 hargrave 2017-10-27 10:43:14 
TT 555 103.4 -83.8 313.5 -57.8 3.79E-05 004.6 002.0 -07.1 0.060135 0.298142 0.051027 hargrave 2017-10-28 13:13:21 
TT 560 107.4 -83.9 312.6 -57.9 3.70E-05 001.6 002.4 -07.4 0.054525 0.051140 0.088314 hargrave 2017-10-31 17:58:55 
TT 565 116.7 -83.2 311.2 -58.9 3.66E-05 004.0 003.6 -07.3 0.071636 0.231489 0.106543 hargrave 2017-11-03 19:02:33 
TT 570 125.3 -83.0 309.3 -59.3 3.63E-05 005.5 004.6 -07.7 0.070004 0.334133 0.107773 hargrave 2017-11-05 18:28:03 
TT 575 108.0 -84.1 312.4 -57.8 3.63E-05 002.4 002.4 -07.6 0.065894 0.121045 0.098677 hargrave 2017-11-09 15:25:03 
TT 580 104.1 -84.8 312.4 -56.9 3.60E-05 002.3 001.8 -08.1 0.047486 0.096135 0.109429 hargrave 2017-11-14 10:56:31 
TT 600 114.4 -84.4 311.1 -57.7 3.50E-05 002.2 002.8 -08.1 0.055907 0.096282 0.096046 hargrave 2017-11-14 20:04:48 
TT 620 122.8 -85.0 309.4 -57.2 3.55E-05 002.7 003.1 -09.1 0.063304 0.159505 0.053595 hargrave 2017-11-17 19:14:00 
TT 630 145.2 -82.8 304.5 -59.2 3.50E-05 003.6 006.4 -09.4 0.068013 0.207666 0.076181 hargrave 2017-11-19 18:47:01 
TT 640 106.6 -87.4 310.2 -54.7 3.52E-05 002.2 001.0 -10.6 0.069725 0.119359 0.067105 hargrave 2017-11-21 17:52:41 
TT 645 159.7 -80.8 299.1 -59.8 3.34E-05 003.1 009.0 -10.5 0.061874 0.161105 0.076896 hargrave 2017-11-27 17:30:49 
TT 650 116.0 -86.9 309.7 -55.3 3.23E-05 002.3 001.7 -10.4 0.058860 0.103782 0.082309 hargrave 2017-11-28 15:51:01 
TT 655 169.4 -77.4 291.4 -60.8 2.85E-05 003.2 012.8 -11.6 0.071900 0.143076 0.073915 hargrave 2017-12-11 12:54:11 
TT 660 355.3 -82.3 316.7 -46.7 1.72E-05 003.3 352.1 -12.7 0.061067 0.055071 0.081862 hargrave 2017-12-12 12:33:21 
TT 665 180.0 -57.2 248.8 -60.6 8.61E-06 005.5 033.7 -14.0 0.021241 0.041150 0.077120 hargrave 2018-01-08 12:07:58 
TT 670 000.1 -14.5 358.9  09.8 2.37E-06 021.2 285.4  02.3 0.016787 0.022614 0.089223 hargrave 2018-01-10 15:07:50 
TT 670 358.1 -15.7 356.5  09.7 2.20E-06 018.5 286.1  00.1 0.012808 0.017245 0.071396 hargrave 2018-01-10 17:43:02 
TT 670 356.3 -16.1 354.8  10.1 2.17E-06 018.3 286.1 -01.7 0.013326 0.016866 0.070102 hargrave 2018-01-10 18:30:47 
TT 672 359.8  66.6 088.1  61.4 2.00E-06 017.1 204.1  14.1 0.015331 0.019203 0.060126 hargrave 2018-01-11 14:14:15 
TT 672 013.0  62.1 080.6  55.4 1.94E-06 019.3 208.2  20.2 0.013281 0.018412 0.067457 hargrave 2018-01-11 16:35:02 
TT 672 009.1  61.7 079.2  57.0 1.91E-06 018.6 208.9  18.4 0.012347 0.019163 0.062743 hargrave 2018-01-11 17:15:47 
TT 674 000.4  06.2 010.4  27.4 4.50E-06 007.5 265.3  07.4 0.022647 0.020301 0.054892 hargrave 2018-01-12 15:27:59 
TT 676 186.1  23.3 179.4  00.7 4.67E-06 006.8 115.5 -05.4 0.017508 0.024018 0.052673 hargrave 2018-01-17 09:39:40 
TT 678 344.2  23.5 005.6  50.5 3.94E-06 009.0 244.8 -03.9 0.021972 0.017506 0.058211 hargrave 2018-01-22 12:33:45 
TT 678 345.8  24.4 008.4  50.4 3.83E-06 010.1 244.3 -02.1 0.014582 0.018153 0.066700 hargrave 2018-01-22 15:18:56 
TT 678 346.0  23.1 007.4  49.2 3.76E-06 009.9 245.6 -02.4 0.015971 0.017797 0.063451 hargrave 2018-01-22 18:02:52 
TT 680 166.6  33.6 159.5  02.1 4.12E-06 007.7 121.9  13.5 0.025295 0.016998 0.056983 hargrave 2018-01-25 09:16:10 
TT 680 163.0  37.0 155.5  04.2 3.86E-06 008.9 125.1  16.7 0.011208 0.015542 0.062281 hargrave 2018-01-26 11:32:41 
TT 680 162.3  35.4 155.5  02.5 3.82E-06 007.6 123.4  17.2 0.010713 0.017326 0.053626 hargrave 2018-01-26 14:18:48 
TT 682 348.5  07.3 359.1  34.4 3.81E-06 008.4 261.6 -04.0 0.027308 0.024528 0.048558 hargrave 2018-01-27 16:19:24 
TT 684 182.6  40.1 168.2  13.6 4.15E-06 007.2 130.7  02.1 0.020216 0.030540 0.051007 hargrave 2018-02-05 09:16:32 
TT 686 172.7  22.0 169.1 -06.3 4.84E-06 006.3 111.2  06.2 0.017794 0.028724 0.053997 hargrave 2018-02-07 11:22:06 
TT 688 164.3  40.6 155.1  08.0 3.56E-06 008.9 129.0  15.9 0.012523 0.019140 0.056366 hargrave 2018-02-14 11:58:05 
TT 688 163.5  38.0 155.5  05.3 3.57E-06 009.2 126.2  16.4 0.012767 0.020458 0.058769 hargrave 2018-02-14 16:26:43 
