TR018 -La mag compass orientation (IGRF corrected)
 1615.3  95.3  94.0  38.5  37.7   1.0
NRM    021.9  52.8 069.7  47.4 1.36E-05 004.7 168.3  31.5 0.041247 0.093380 0.053752 hargrave 2017-10-13 14:46:49 
TT 100 030.8  52.0 072.8  42.3 1.14E-05 002.9 162.1  30.0 0.026150 0.032376 0.045648 hargrave 2017-10-15 13:46:24 
TT 100 031.5  51.5 072.6  41.7 1.14E-05 002.5 161.4  30.2 0.022903 0.025229 0.043407 hargrave 2017-10-15 15:43:04 
TT 200 030.7  51.9 072.7  42.4 9.96E-06 002.8 162.2  30.1 0.025250 0.026588 0.039367 hargrave 2017-10-16 09:46:51 
TT 300 028.8  53.5 073.6  44.3 8.44E-06 002.5 164.3  29.2 0.020522 0.023890 0.023620 hargrave 2017-10-16 18:20:54 
TT 350 031.6  54.5 076.0  43.4 7.40E-06 002.2 163.1  27.6 0.017669 0.017337 0.020322 hargrave 2017-10-17 15:24:53 
TT 400 032.6  56.0 078.2  43.7 6.28E-06 003.1 163.4  26.0 0.017719 0.026486 0.016131 hargrave 2017-10-20 12:09:56 
TT 450 046.0  57.9 086.0  38.9 4.99E-06 005.9 158.4  20.0 0.024638 0.041647 0.019772 hargrave 2017-10-22 15:39:58 
TT 475 053.3  57.2 088.5  35.5 4.58E-06 003.0 155.0  17.6 0.012947 0.016739 0.014052 hargrave 2017-10-23 15:42:58 
TT 500 058.9  57.9 091.6  33.8 4.10E-06 002.6 153.7  14.8 0.010163 0.009770 0.014684 hargrave 2017-10-24 13:52:30 
TT 525 065.8  57.9 094.9  31.4 3.67E-06 002.9 151.8  11.7 0.008132 0.009712 0.015919 hargrave 2017-10-26 14:09:58 
TT 550 069.2  62.7 100.0  34.0 3.06E-06 004.5 155.4  08.0 0.012767 0.015944 0.015076 hargrave 2017-10-27 10:58:32 
TT 555 072.0  58.9 098.6  30.2 2.87E-06 006.6 151.4  08.3 0.017255 0.023139 0.018101 hargrave 2017-10-28 13:28:53 
TT 560 080.8  56.4 101.5  25.6 2.62E-06 006.0 147.5  04.6 0.008851 0.007009 0.026134 hargrave 2017-10-31 18:14:38 
TT 565 082.9  55.5 102.2  24.2 2.57E-06 006.7 146.3  03.7 0.016637 0.015769 0.021381 hargrave 2017-11-03 19:17:59 
TT 570 082.9  53.2 101.0  22.1 2.28E-06 007.8 144.0  04.1 0.016602 0.017351 0.021523 hargrave 2017-11-05 18:43:22 
TT 575 090.5  55.5 106.3  22.3 2.16E-06 006.5 145.6 -00.6 0.006002 0.007532 0.023734 hargrave 2017-11-09 15:40:28 
TT 580 094.2  59.0 109.9  24.7 2.19E-06 008.7 149.0 -02.9 0.008399 0.009169 0.032124 hargrave 2017-11-14 11:12:54 
TT 580 094.8  58.5 110.0  24.1 2.19E-06 008.5 148.4 -03.2 0.008700 0.007069 0.032189 hargrave 2017-11-14 12:52:12 
TT 600 115.9  55.3 121.0  18.1 2.61E-06 005.8 146.5 -14.9 0.006575 0.008716 0.026737 hargrave 2017-11-14 20:20:06 
TT 620 115.7  50.6 120.2  13.5 2.23E-06 005.8 141.8 -16.0 0.009550 0.010468 0.020597 hargrave 2017-11-17 19:30:15 
TT 630 101.8  43.3 109.2  08.4 2.38E-06 006.8 133.2 -07.5 0.018857 0.013385 0.019428 hargrave 2017-11-19 19:03:11 
TT 640 115.6  42.2 118.9  05.1 2.29E-06 004.5 133.2 -17.7 0.008137 0.008011 0.017848 hargrave 2017-11-21 18:08:03 
TT 645 114.0  37.8 117.1  01.0 2.40E-06 004.6 128.4 -17.2 0.008389 0.008444 0.020749 hargrave 2017-11-27 17:47:13 
TT 650 114.3  44.1 118.2  07.2 1.98E-06 005.2 135.0 -16.3 0.005033 0.007994 0.018782 hargrave 2017-11-28 16:07:25 
TT 655 109.4  40.3 114.0  04.1 2.31E-06 004.0 130.5 -13.3 0.009939 0.005920 0.014287 hargrave 2017-12-11 13:09:17 
TT 660 119.4  47.4 122.2  10.0 1.80E-06 004.6 139.2 -19.1 0.006947 0.006237 0.014866 hargrave 2017-12-12 12:48:30 
TT 665 130.6  36.5 130.2 -01.2 2.37E-06 004.4 130.5 -30.3 0.008067 0.007483 0.019084 hargrave 2018-01-08 12:23:22 
TT 670 161.7  36.8 154.6  03.7 1.59E-06 005.3 149.6 -50.7 0.005876 0.006169 0.018951 hargrave 2018-01-10 15:24:52 
TT 672 127.2  29.9 127.4 -07.8 2.16E-06 004.0 122.3 -29.5 0.007104 0.008048 0.014983 hargrave 2018-01-11 14:31:16 
TT 674 135.8 -33.6 147.1 -70.5 1.46E-06 006.4 047.0 -30.1 0.007077 0.008045 0.015808 hargrave 2018-01-12 15:43:23 
TT 676 122.5  46.9 124.4  09.4 2.66E-06 004.1 139.3 -21.2 0.007076 0.008017 0.016408 hargrave 2018-01-17 09:56:45 
TT 678 244.0  41.0 206.5  45.9 1.83E-06 005.4 225.8 -25.9 0.003623 0.004638 0.018788 hargrave 2018-01-22 12:49:08 
TT 680 137.4  08.3 138.5 -29.0 2.02E-06 003.1 097.5 -42.2 0.005872 0.005817 0.010232 hargrave 2018-01-25 09:31:29 
TT 682 239.5  36.9 207.8  40.6 1.42E-06 005.2 228.8 -30.6 0.003050 0.003505 0.014390 hargrave 2018-01-27 16:36:25 
TT 684 107.2  30.6 110.2 -05.1 2.28E-06 004.3 120.4 -12.3 0.007055 0.007443 0.014621 hargrave 2018-02-05 09:33:32 
TT 686 174.0 -37.7 211.9 -55.4 9.94E-07 007.8 013.2 -47.0 0.004417 0.004398 0.018645 hargrave 2018-02-07 11:38:11 
TT 688 103.5 -36.9 069.9 -66.7 9.81E-07 008.2 052.5 -04.1 0.002466 0.002809 0.014098 hargrave 2018-02-14 12:13:25 
TT 688 103.9 -37.9 068.8 -67.7 9.95E-07 008.5 051.5 -04.3 0.003098 0.002771 0.014950 hargrave 2018-02-14 16:33:17 
