TR018 -Aa mag compass orientation (IGRF corrected)
 1606.4 200.3  55.0  38.5  37.7   1.0
NRM    114.5  00.2 111.0 -36.2 1.25E-05 003.1 007.3  54.9 0.030305 0.058424 0.025682 hargrave 2017-10-13 14:26:35 
TT 100 118.9 -08.8 114.8 -45.8 1.32E-05 003.3 012.2  45.4 0.036640 0.060355 0.040344 hargrave 2017-10-15 13:25:40 
TT 100 119.7 -08.7 115.9 -45.8 1.32E-05 003.9 013.3  45.4 0.032106 0.077338 0.041744 hargrave 2017-10-15 15:23:02 
TT 200 120.8 -14.5 116.4 -51.7 1.30E-05 002.8 013.2  39.5 0.041648 0.027513 0.046402 hargrave 2017-10-16 09:31:01 
TT 300 125.3 -21.2 122.8 -58.8 1.39E-05 002.5 016.6  32.0 0.037014 0.036185 0.045818 hargrave 2017-10-16 18:01:56 
TT 350 129.4 -22.4 130.2 -60.1 1.43E-05 003.5 020.4  29.8 0.019684 0.084825 0.031233 hargrave 2017-10-17 15:06:30 
TT 400 130.6 -25.6 132.6 -63.2 1.44E-05 002.9 020.4  26.5 0.026541 0.065085 0.032654 hargrave 2017-10-20 11:52:29 
TT 450 135.7 -27.2 143.5 -64.3 1.47E-05 004.7 024.6  23.3 0.043812 0.110235 0.031589 hargrave 2017-10-22 15:21:27 
TT 475 133.6 -29.4 139.9 -66.8 1.50E-05 002.2 021.8  21.9 0.036001 0.037947 0.041085 hargrave 2017-10-23 15:24:21 
TT 500 128.5 -22.3 128.4 -60.0 1.88E-05 025.2 019.5  30.2 0.908202 0.926136 0.490212 hargrave 2017-10-24 13:19:02 
TT 500 135.9 -30.2 145.2 -67.3 1.51E-05 002.2 023.5  20.5 0.032558 0.043676 0.040315 hargrave 2017-10-24 15:53:02 
TT 525 136.7 -31.1 147.6 -68.0 1.53E-05 002.1 023.8  19.3 0.028500 0.049775 0.030714 hargrave 2017-10-26 13:49:43 
TT 550 139.3 -33.4 155.2 -69.6 1.55E-05 002.9 025.0  16.4 0.030439 0.071779 0.040267 hargrave 2017-10-27 10:40:23 
TT 555 140.5 -35.5 160.0 -71.2 1.56E-05 004.3 025.0  14.1 0.047674 0.106964 0.031298 hargrave 2017-10-28 13:10:19 
TT 560 138.0 -36.7 155.5 -73.0 1.50E-05 002.5 022.6  13.8 0.029586 0.037749 0.055471 hargrave 2017-10-31 17:55:55 
TT 565 143.3 -34.2 164.7 -69.0 1.50E-05 003.7 027.7  14.2 0.033461 0.073837 0.068517 hargrave 2017-11-03 18:59:33 
TT 570 141.5 -36.5 163.8 -71.7 1.49E-05 003.2 025.3  12.9 0.034292 0.040291 0.075171 hargrave 2017-11-05 18:25:04 
TT 575 142.9 -36.0 166.1 -70.8 1.47E-05 003.5 026.6  12.8 0.031689 0.061405 0.067029 hargrave 2017-11-09 15:22:00 
TT 580 141.0 -36.3 162.3 -71.8 1.49E-05 002.2 025.0  13.2 0.025065 0.036698 0.044116 hargrave 2017-11-14 10:52:41 
TT 600 144.4 -38.1 172.7 -72.0 1.46E-05 002.7 026.7  10.4 0.028278 0.038009 0.058450 hargrave 2017-11-14 20:01:58 
TT 620 146.2 -37.2 174.9 -70.5 1.49E-05 002.9 028.3  10.5 0.029976 0.057630 0.049952 hargrave 2017-11-17 19:11:00 
TT 630 148.9 -36.7 179.1 -68.8 1.45E-05 004.2 030.5  09.8 0.034366 0.079577 0.069649 hargrave 2017-11-19 18:44:02 
TT 640 144.4 -39.5 175.4 -73.2 1.34E-05 003.0 026.0  09.1 0.026890 0.050780 0.053076 hargrave 2017-11-21 17:49:41 
TT 645 154.3 -34.3 184.4 -64.2 1.45E-05 002.9 035.6  09.4 0.026657 0.047153 0.059370 hargrave 2017-11-27 17:27:46 
TT 650 145.3 -39.1 176.5 -72.5 1.32E-05 003.2 026.8  09.1 0.026604 0.043292 0.059923 hargrave 2017-11-28 15:47:58 
TT 655 159.8 -33.2 190.6 -60.5 1.49E-05 003.3 039.9  07.5 0.032937 0.063692 0.053365 hargrave 2017-12-11 12:51:08 
TT 660 147.5 -45.8 198.3 -76.0 1.12E-05 003.0 024.9  02.5 0.017499 0.027501 0.054083 hargrave 2017-12-12 12:30:21 
TT 665 165.6 -29.8 193.5 -54.7 8.98E-06 003.4 046.0  06.9 0.014935 0.028273 0.047452 hargrave 2018-01-08 12:04:52 
TT 670 114.3 -45.9 067.4 -78.8 3.21E-06 009.3 002.8  09.0 0.004637 0.022570 0.047804 hargrave 2018-01-10 15:04:44 
TT 670 115.8 -45.5 073.0 -79.2 3.26E-06 008.1 003.9  09.4 0.004662 0.012598 0.045558 hargrave 2018-01-10 17:39:53 
TT 670 118.0 -45.7 078.1 -80.5 3.25E-06 008.6 005.4  09.0 0.005765 0.021056 0.045103 hargrave 2018-01-10 18:27:43 
TT 672 169.7  23.8 165.8 -05.8 1.74E-06 008.2 094.6  37.8 0.007608 0.008818 0.029777 hargrave 2018-01-11 14:11:12 
TT 672 164.7  21.6 162.4 -09.7 1.79E-06 009.7 089.3  40.8 0.006199 0.008095 0.037058 hargrave 2018-01-11 16:31:59 
TT 672 165.9  22.2 163.2 -08.7 1.76E-06 009.6 090.7  40.2 0.009647 0.008089 0.035107 hargrave 2018-01-11 17:12:44 
TT 674 008.5  10.7 020.6  26.5 2.49E-06 005.0 254.5 -03.3 0.009568 0.014390 0.020285 hargrave 2018-01-12 15:24:49 
TT 676 182.8  27.2 174.8  02.5 3.64E-06 003.5 104.6  28.8 0.019699 0.011486 0.019793 hargrave 2018-01-17 09:36:30 
TT 678 237.6  30.6 212.3  35.1 2.68E-06 004.6 136.3 -07.8 0.010207 0.011674 0.019661 hargrave 2018-01-22 12:30:42 
TT 680 244.2  54.6 188.6  53.0 3.51E-06 003.0 155.1  08.0 0.018559 0.012931 0.018789 hargrave 2018-01-25 09:13:07 
TT 682 343.6  34.0 016.3  59.0 3.49E-06 004.5 221.9 -04.9 0.011888 0.022550 0.016488 hargrave 2018-01-27 16:16:22 
TT 684 208.0  49.1 177.6  31.7 2.29E-06 011.2 136.0  21.2 0.018239 0.036119 0.031164 hargrave 2018-02-05 09:13:30 
TT 686 221.2  41.1 192.1  32.8 3.64E-06 002.6 134.5  09.0 0.013256 0.020119 0.012564 hargrave 2018-02-07 11:19:15 
TT 688 243.5  56.0 186.2  53.2 2.58E-06 007.0 155.6  09.3 0.010963 0.009935 0.029899 hargrave 2018-02-14 11:55:00 
