TR018 -Da mag compass orientation (IGRF corrected)
 1608.9 204.3  63.0  38.5  37.7   1.0
NRM    123.4 -41.4 108.7 -78.6 1.57E-05 004.6 007.3  21.1 0.038302 0.122662 0.025313 hargrave 2017-10-13 14:31:11 
TT 100 122.2 -44.1 099.0 -80.8 1.69E-05 002.8 006.0  18.5 0.059474 0.075833 0.029588 hargrave 2017-10-15 13:30:23 
TT 100 122.2 -44.1 098.9 -80.8 1.70E-05 002.8 006.0  18.5 0.059959 0.075920 0.029924 hargrave 2017-10-15 15:27:47 
TT 200 121.8 -46.1 090.8 -82.5 1.77E-05 002.8 005.4  16.6 0.051926 0.080609 0.033006 hargrave 2017-10-16 09:34:42 
TT 300 126.0 -48.5 104.7 -85.9 1.89E-05 002.3 008.0  13.7 0.064338 0.067760 0.033082 hargrave 2017-10-16 18:06:17 
TT 350 130.1 -49.0 145.9 -86.5 2.01E-05 001.7 010.5  12.7 0.064117 0.049312 0.034104 hargrave 2017-10-17 15:10:50 
TT 400 136.7 -48.9 188.6 -83.8 2.10E-05 003.2 014.8  11.5 0.061303 0.110730 0.036390 hargrave 2017-10-20 11:56:44 
TT 450 136.0 -50.5 200.7 -85.0 2.17E-05 006.7 013.8  10.1 0.064077 0.248889 0.037196 hargrave 2017-10-22 15:26:04 
TT 475 138.5 -50.6 207.5 -83.5 2.21E-05 002.0 015.3  09.5 0.067673 0.074626 0.028281 hargrave 2017-10-23 15:28:58 
TT 500 134.6 -43.1 155.0 -80.0 2.56E-05 019.2 015.4  17.4 0.948109 0.955892 0.525424 hargrave 2017-10-24 13:28:29 
TT 500 138.4 -51.1 211.1 -83.7 2.25E-05 002.0 015.1  09.1 0.067419 0.070665 0.032942 hargrave 2017-10-24 15:56:06 
TT 525 142.3 -51.3 217.2 -81.4 2.29E-05 001.6 017.2  07.9 0.066936 0.046224 0.034336 hargrave 2017-10-26 13:54:16 
TT 550 148.6 -50.5 218.3 -77.4 2.34E-05 003.4 021.2  06.8 0.067311 0.133119 0.030947 hargrave 2017-10-27 10:44:38 
TT 555 147.4 -50.8 218.9 -78.2 2.35E-05 004.3 020.3  06.8 0.067864 0.167992 0.035858 hargrave 2017-10-28 13:14:53 
TT 560 145.4 -52.3 225.1 -79.7 2.29E-05 002.3 018.6  06.2 0.059585 0.074064 0.055934 hargrave 2017-10-31 18:00:26 
TT 565 148.1 -51.3 221.7 -77.9 2.30E-05 003.8 020.5  06.2 0.067674 0.144171 0.055681 hargrave 2017-11-03 19:04:04 
TT 570 143.6 -53.1 229.4 -80.8 2.28E-05 003.7 017.2  06.0 0.063124 0.138622 0.057770 hargrave 2017-11-05 18:29:33 
TT 575 145.3 -53.0 229.3 -79.8 2.32E-05 002.2 018.2  05.5 0.068098 0.071281 0.055370 hargrave 2017-11-09 15:26:34 
TT 580 149.2 -52.4 227.2 -77.4 2.33E-05 002.8 020.5  04.9 0.048231 0.072586 0.088284 hargrave 2017-11-14 10:58:03 
TT 600 144.6 -53.8 233.4 -80.3 2.29E-05 002.5 017.4  05.1 0.059215 0.076378 0.063174 hargrave 2017-11-14 20:06:15 
TT 620 146.0 -54.0 234.6 -79.4 2.36E-05 003.2 018.1  04.5 0.068374 0.127529 0.036850 hargrave 2017-11-17 19:15:30 
TT 630 150.0 -53.5 232.5 -77.0 2.42E-05 003.0 020.4  03.7 0.065269 0.123968 0.043053 hargrave 2017-11-19 18:48:31 
TT 640 157.1 -51.6 227.7 -72.5 2.57E-05 002.2 025.0  02.9 0.074566 0.091474 0.044715 hargrave 2017-11-21 17:54:11 
TT 645 143.4 -53.9 234.4 -80.9 2.51E-05 002.7 016.8  05.3 0.068446 0.100583 0.059037 hargrave 2017-11-27 17:32:24 
TT 650 160.1 -49.0 221.6 -69.8 2.58E-05 002.7 028.2  03.7 0.068531 0.099255 0.067837 hargrave 2017-11-28 15:52:33 
TT 655 136.3 -56.7 265.6 -83.7 2.42E-05 002.4 011.9  04.3 0.064673 0.077844 0.066724 hargrave 2017-12-11 12:55:40 
TT 660 169.0 -45.6 220.5 -63.0 2.24E-05 002.1 034.9  02.1 0.058692 0.051365 0.047998 hargrave 2017-12-12 12:34:51 
TT 665 129.5 -61.5 305.5 -80.8 1.56E-05 003.5 007.2  00.6 0.019996 0.094640 0.023965 hargrave 2018-01-08 12:09:29 
TT 670 171.9 -34.4 205.7 -54.5 7.66E-06 005.6 044.7  07.9 0.010490 0.020149 0.072817 hargrave 2018-01-10 15:09:22 
TT 672 094.4 -60.5 001.2 -69.7 4.93E-06 005.3 350.4  01.0 0.009008 0.020608 0.040536 hargrave 2018-01-11 14:15:47 
TT 674 172.5 -45.8 223.3 -60.9 4.94E-06 006.9 036.4  00.1 0.014765 0.022653 0.054524 hargrave 2018-01-12 15:29:29 
TT 676 109.0 -52.0 032.4 -78.0 4.05E-06 006.7 356.7  10.9 0.020938 0.023702 0.037833 hargrave 2018-01-17 09:41:11 
TT 678 155.6 -55.0 238.8 -73.8 2.95E-06 011.4 022.3  00.7 0.005664 0.021154 0.055414 hargrave 2018-01-22 12:35:16 
TT 678 149.4 -54.2 235.4 -77.4 2.98E-06 012.8 019.7  03.3 0.011815 0.018583 0.064909 hargrave 2018-01-22 15:20:33 
TT 678 150.6 -54.3 236.0 -76.7 3.04E-06 012.0 020.2  02.9 0.009866 0.019667 0.061074 hargrave 2018-01-22 18:04:22 
TT 680 051.0 -55.3 002.4 -46.5 3.97E-06 006.9 329.0 -08.4 0.023239 0.019435 0.047749 hargrave 2018-01-25 09:17:40 
TT 680 052.6 -53.1 005.9 -46.2 4.21E-06 007.2 327.8 -06.3 0.007488 0.019963 0.049965 hargrave 2018-01-26 11:34:12 
TT 680 047.0 -46.2 010.7 -39.3 4.17E-06 009.2 320.2 -05.2 0.033613 0.043574 0.041005 hargrave 2018-01-26 14:20:18 
TT 682 167.5 -46.2 220.5 -64.2 4.10E-06 007.6 033.7  02.4 0.014326 0.019068 0.051481 hargrave 2018-01-27 16:20:57 
TT 684 102.9 -57.9 007.2 -74.4 3.52E-06 009.7 354.0  04.5 0.020422 0.023851 0.053804 hargrave 2018-02-05 09:18:03 
TT 684 107.5 -58.9 001.1 -76.5 3.66E-06 009.7 356.5  04.0 0.009216 0.022297 0.058926 hargrave 2018-02-05 13:24:53 
TT 684 109.1 -59.0 359.2 -77.2 3.65E-06 010.5 357.3  03.9 0.009789 0.022465 0.063942 hargrave 2018-02-05 15:55:29 
TT 686 263.4  46.2 212.2  60.4 3.90E-06 009.6 158.7 -11.7 0.019241 0.034173 0.056361 hargrave 2018-02-07 11:23:34 
TT 686 265.1  44.8 215.8  60.8 3.66E-06 009.8 159.1 -13.4 0.017919 0.023783 0.058786 hargrave 2018-02-07 15:07:02 
TT 686 266.3  43.0 219.9  60.5 3.37E-06 009.7 159.1 -15.4 0.017175 0.020778 0.054630 hargrave 2018-02-08 11:24:22 
TT 688 081.4 -43.9 034.6 -58.0 4.33E-06 007.0 336.3  13.0 0.010394 0.021301 0.050411 hargrave 2018-02-14 11:59:36 
