TR018 -Ja mag compass orientation (IGRF corrected)
   1614 161.3  68.0  38.5  37.7   1.0
NRM    035.7  32.7 058.0  26.9 1.33E-05 003.4 243.4  56.8 0.064813 0.047283 0.016598 hargrave 2017-10-13 14:40:35 
TT 100 046.9  28.1 062.6  17.1 1.11E-05 003.0 249.5  67.1 0.050810 0.031070 0.018691 hargrave 2017-10-15 13:40:02 
TT 100 046.8  28.1 062.6  17.2 1.11E-05 003.1 249.5  67.1 0.050929 0.031530 0.020311 hargrave 2017-10-15 15:37:31 
TT 200 057.9  19.9 065.6  04.5 9.51E-06 002.4 277.2  77.3 0.028362 0.026084 0.015738 hargrave 2017-10-16 09:42:20 
TT 300 066.7  10.2 067.2 -08.3 8.53E-06 002.8 338.7  77.4 0.032477 0.022211 0.027803 hargrave 2017-10-16 18:15:06 
TT 350 071.2  04.4 067.9 -15.6 8.14E-06 002.8 359.7  72.4 0.029198 0.020604 0.028117 hargrave 2017-10-17 15:19:46 
TT 400 078.6 -02.1 070.9 -25.0 7.87E-06 001.9 017.3  64.8 0.019587 0.016617 0.012397 hargrave 2017-10-20 12:05:34 
TT 450 086.9 -10.5 074.2 -36.4 7.98E-06 001.6 026.7  54.1 0.014922 0.012320 0.020578 hargrave 2017-10-22 15:35:24 
TT 475 091.0 -14.9 075.9 -42.2 8.02E-06 002.0 029.3  48.4 0.019111 0.011891 0.023755 hargrave 2017-10-23 15:38:24 
TT 500 085.4 -14.2 070.2 -38.8 1.26E-05 033.2 022.1  51.3 0.911520 0.939448 0.499185 hargrave 2017-10-24 13:47:51 
TT 500 094.0 -17.9 077.3 -46.3 8.17E-06 002.1 030.9  44.3 0.020317 0.013683 0.026350 hargrave 2017-10-24 16:06:23 
TT 525 098.9 -21.2 080.9 -51.4 8.36E-06 003.1 033.9  39.1 0.035141 0.030533 0.020099 hargrave 2017-10-26 14:03:39 
TT 550 105.7 -24.3 088.0 -57.0 8.67E-06 003.4 037.9  32.9 0.035789 0.035722 0.025769 hargrave 2017-10-27 10:53:27 
TT 555 107.4 -26.4 088.9 -59.6 8.64E-06 003.0 037.7  30.3 0.035869 0.030941 0.021805 hargrave 2017-10-28 13:24:16 
TT 560 108.4 -27.8 089.3 -61.2 8.42E-06 002.2 037.5  28.7 0.018807 0.012855 0.032871 hargrave 2017-10-31 18:10:00 
TT 565 111.6 -29.4 093.4 -63.9 8.52E-06 003.1 038.7  25.6 0.022171 0.017870 0.044379 hargrave 2017-11-03 19:13:24 
TT 570 111.5 -31.0 091.7 -65.3 8.37E-06 003.0 037.5  24.5 0.021005 0.016013 0.043135 hargrave 2017-11-05 18:38:48 
TT 575 116.9 -30.6 102.5 -66.7 8.64E-06 003.3 041.4  21.6 0.023109 0.018737 0.045620 hargrave 2017-11-09 15:35:53 
TT 580 117.0 -32.8 100.8 -68.8 8.81E-06 002.2 039.7  20.0 0.016481 0.017494 0.033681 hargrave 2017-11-14 11:08:15 
TT 600 119.0 -34.5 104.0 -70.9 9.02E-06 003.1 039.8  17.6 0.028185 0.019490 0.043863 hargrave 2017-11-14 20:15:46 
TT 620 119.4 -37.1 102.1 -73.5 9.49E-06 004.6 038.0  15.5 0.039817 0.053598 0.042691 hargrave 2017-11-17 19:25:41 
TT 630 127.5 -33.6 125.8 -71.3 9.88E-06 003.2 045.2  12.9 0.022690 0.021471 0.049809 hargrave 2017-11-19 18:58:38 
TT 640 131.0 -34.8 135.3 -72.4 1.06E-05 003.6 046.0  09.8 0.040160 0.026151 0.055350 hargrave 2017-11-21 18:03:30 
TT 645 133.1 -32.5 139.8 -69.9 1.08E-05 004.2 049.0  09.7 0.034607 0.035589 0.066137 hargrave 2017-11-27 17:42:37 
TT 650 118.9 -41.7 093.1 -77.5 9.57E-06 004.9 034.4  12.6 0.036266 0.038105 0.069522 hargrave 2017-11-28 16:02:46 
TT 655 138.5 -29.9 150.6 -66.4 1.17E-05 003.5 053.7  07.2 0.020645 0.030640 0.064965 hargrave 2017-12-11 13:04:55 
TT 660 128.1 -42.1 126.7 -79.8 9.76E-06 004.4 038.8  07.3 0.032702 0.023452 0.069107 hargrave 2017-12-12 12:44:07 
TT 665 140.3 -30.1 154.5 -66.1 1.12E-05 003.1 054.3  05.7 0.027753 0.023765 0.057703 hargrave 2018-01-08 12:18:56 
TT 670 121.3 -45.9 089.6 -82.0 8.93E-06 004.1 032.6  08.4 0.014906 0.023323 0.062813 hargrave 2018-01-10 15:18:48 
TT 672 143.2 -24.9 156.3 -60.4 1.19E-05 003.0 060.1  05.9 0.024512 0.034388 0.060107 hargrave 2018-01-11 14:25:11 
TT 674 119.0 -44.8 085.0 -80.2 8.03E-06 004.6 032.3  10.3 0.014479 0.019166 0.064083 hargrave 2018-01-12 15:38:52 
TT 676 143.3 -23.2 155.4 -58.8 8.80E-06 003.0 061.6  06.7 0.017371 0.026820 0.046176 hargrave 2018-01-17 09:50:41 
TT 678 113.8 -41.0 081.1 -74.9 4.86E-06 006.5 032.0  15.7 0.006477 0.016719 0.055850 hargrave 2018-01-22 12:44:40 
TT 680 152.1 -08.7 160.9 -42.3 5.51E-06 006.2 078.5  05.2 0.037712 0.027019 0.052323 hargrave 2018-01-25 09:27:01 
TT 680 152.7 -07.0 160.9 -40.5 5.05E-06 005.8 080.3  05.2 0.012981 0.018170 0.050749 hargrave 2018-01-26 11:40:24 
TT 682 073.3 -45.4 026.9 -54.0 2.43E-06 009.6 001.6  22.6 0.007891 0.015886 0.040383 hargrave 2018-01-27 16:30:21 
TT 682 093.9 -44.3 044.1 -65.9 2.45E-06 012.7 017.1  20.6 0.005893 0.030427 0.051579 hargrave 2018-01-31 11:16:22 
TT 682 088.7 -44.2 039.8 -62.7 2.51E-06 013.2 013.4  21.9 0.005062 0.021789 0.059870 hargrave 2018-01-31 12:55:24 
TT 684 168.1  02.1 173.7 -26.2 2.91E-06 009.4 094.5 -05.5 0.011748 0.015088 0.046271 hargrave 2018-02-05 09:27:26 
TT 684 167.9  02.2 173.5 -26.2 3.01E-06 008.8 094.6 -05.3 0.019054 0.019550 0.040940 hargrave 2018-02-05 13:32:41 
TT 684 168.8  02.8 174.0 -25.3 2.99E-06 009.6 095.5 -05.8 0.022389 0.020944 0.043166 hargrave 2018-02-05 16:03:18 
TT 686 109.2 -54.6 019.7 -78.3 2.49E-06 015.0 021.0  06.8 0.005377 0.023233 0.063401 hargrave 2018-02-07 11:32:30 
TT 686 105.0 -56.6 011.8 -75.8 2.55E-06 014.7 017.9  06.5 0.005437 0.019284 0.065076 hargrave 2018-02-07 15:13:01 
TT 686 100.4 -58.6 005.7 -73.0 2.62E-06 013.8 014.8  05.9 0.005090 0.021636 0.061531 hargrave 2018-02-08 11:31:47 
TT 688 165.0 -02.9 173.0 -32.0 2.84E-06 010.0 088.7 -04.5 0.014826 0.016671 0.046356 hargrave 2018-02-14 12:08:58 
TT 688 164.9 -02.1 172.5 -31.4 2.87E-06 011.0 089.4 -04.1 0.018047 0.016646 0.051563 hargrave 2018-02-14 16:29:55 
