TR018 -Ia mag compass orientation (IGRF corrected)
   1613 169.3  78.0  38.5  37.7   1.0
NRM    144.9 -21.1 156.9 -56.3 1.29E-05 004.5 063.1  17.6 0.072653 0.046427 0.061734 hargrave 2017-10-13 14:39:02 
TT 100 150.0 -28.6 170.8 -61.4 1.50E-05 003.5 057.5  10.6 0.047735 0.041765 0.075439 hargrave 2017-10-15 13:38:28 
TT 100 150.2 -28.0 170.6 -60.9 1.50E-05 003.8 058.1  10.6 0.057732 0.048551 0.075523 hargrave 2017-10-15 15:35:55 
TT 200 153.0 -29.8 176.8 -61.2 1.54E-05 004.4 057.2  07.7 0.087764 0.042537 0.071528 hargrave 2017-10-16 09:41:06 
TT 300 154.5 -33.6 183.7 -63.6 1.68E-05 003.2 054.0  05.3 0.047379 0.039423 0.082471 hargrave 2017-10-16 18:13:40 
TT 350 156.2 -33.9 186.5 -63.0 1.72E-05 003.0 054.1  03.9 0.038373 0.047178 0.079885 hargrave 2017-10-17 15:18:16 
TT 400 157.3 -33.3 187.4 -61.9 1.75E-05 003.8 054.9  03.2 0.071478 0.073350 0.067963 hargrave 2017-10-20 12:04:08 
TT 450 158.6 -34.1 190.3 -61.9 1.77E-05 003.9 054.5  01.9 0.079132 0.075869 0.060812 hargrave 2017-10-22 15:33:53 
TT 475 157.6 -37.6 194.2 -65.0 1.78E-05 002.9 050.9  01.7 0.038976 0.053889 0.075966 hargrave 2017-10-23 15:36:53 
TT 500 141.9 -37.0 165.5 -72.0 2.00E-05 025.1 046.8  13.5 0.920253 0.917340 0.470629 hargrave 2017-10-24 13:44:37 
TT 500 157.9 -36.8 193.3 -64.2 1.79E-05 002.3 051.7  01.7 0.036965 0.046624 0.058860 hargrave 2017-10-24 16:04:51 
TT 525 158.5 -36.4 193.4 -63.6 1.78E-05 002.4 052.3  01.4 0.056915 0.040606 0.046152 hargrave 2017-10-26 14:02:07 
TT 550 159.5 -35.1 192.8 -62.1 1.78E-05 003.8 053.8  00.9 0.084710 0.074871 0.050335 hargrave 2017-10-27 10:52:01 
TT 555 160.6 -33.6 192.0 -60.4 1.79E-05 002.7 055.4  00.5 0.066517 0.053496 0.038208 hargrave 2017-10-28 13:22:44 
TT 560 158.9 -36.7 194.3 -63.6 1.75E-05 003.1 052.1  01.0 0.046249 0.058927 0.071783 hargrave 2017-10-31 18:08:27 
TT 565 159.3 -35.3 192.8 -62.3 1.74E-05 004.3 053.5  01.0 0.074698 0.081530 0.081460 hargrave 2017-11-03 19:11:52 
TT 570 159.8 -32.5 189.5 -60.0 1.70E-05 006.6 056.3  01.5 0.147114 0.112332 0.073702 hargrave 2017-11-05 18:37:17 
TT 575 159.1 -37.6 196.0 -64.1 1.73E-05 003.6 051.2  00.6 0.050972 0.062599 0.087139 hargrave 2017-11-09 15:34:21 
TT 580 159.5 -34.7 192.1 -61.8 1.73E-05 002.6 054.1  01.1 0.036688 0.047208 0.064943 hargrave 2017-11-14 11:06:40 
TT 600 158.9 -36.2 193.5 -63.2 1.72E-05 004.0 052.6  01.2 0.077989 0.058505 0.083896 hargrave 2017-11-14 20:14:20 
TT 620 162.1 -34.2 194.8 -60.0 1.73E-05 003.0 055.2 -00.9 0.042033 0.058327 0.069699 hargrave 2017-11-17 19:24:08 
TT 630 162.3 -32.2 192.5 -58.4 1.74E-05 004.6 057.1 -00.6 0.091151 0.090173 0.071019 hargrave 2017-11-19 18:57:06 
TT 640 162.7 -32.1 192.8 -58.0 1.75E-05 004.5 057.4 -00.9 0.085524 0.076193 0.088944 hargrave 2017-11-21 18:01:58 
TT 645 161.0 -38.5 200.0 -63.7 1.69E-05 003.3 050.7 -01.1 0.041149 0.033298 0.090236 hargrave 2017-11-27 17:41:04 
TT 650 163.1 -31.9 193.0 -57.7 1.79E-05 004.0 057.6 -01.2 0.065098 0.061517 0.096738 hargrave 2017-11-28 16:01:13 
TT 655 162.3 -40.3 204.6 -64.1 1.61E-05 003.3 049.2 -02.5 0.036894 0.045920 0.079851 hargrave 2017-12-11 13:03:24 
TT 660 165.1 -30.9 194.3 -55.9 1.80E-05 003.5 058.9 -02.6 0.052226 0.043593 0.098068 hargrave 2017-12-12 12:42:36 
TT 665 162.6 -36.6 198.8 -61.4 1.66E-05 003.5 052.9 -01.9 0.054955 0.046799 0.082573 hargrave 2018-01-08 12:17:24 
TT 670 164.2 -33.4 196.2 -58.3 1.67E-05 005.2 056.3 -02.4 0.091937 0.079698 0.096398 hargrave 2018-01-10 15:17:16 
TT 672 166.4 -39.8 207.9 -61.3 1.51E-05 003.5 050.5 -05.5 0.036302 0.031055 0.087047 hargrave 2018-01-11 14:23:38 
TT 674 164.8 -35.5 199.7 -59.4 1.53E-05 003.7 054.4 -03.3 0.044483 0.033030 0.091436 hargrave 2018-01-12 15:37:20 
TT 676 164.6 -38.0 203.2 -61.2 1.37E-05 003.2 051.9 -03.8 0.028049 0.028267 0.073099 hargrave 2018-01-17 09:49:08 
TT 678 167.5 -40.8 210.5 -61.2 9.46E-06 005.9 049.6 -06.4 0.056273 0.035614 0.075554 hargrave 2018-01-22 12:43:07 
TT 680 180.0 -47.6 231.2 -57.3 6.85E-06 007.6 043.6 -16.0 0.059015 0.047843 0.053736 hargrave 2018-01-25 09:25:29 
TT 680 180.7 -46.1 229.3 -56.1 6.73E-06 005.9 045.1 -16.5 0.033106 0.021205 0.059676 hargrave 2018-01-26 11:38:51 
TT 682 168.4 -38.4 207.6 -59.2 5.84E-06 011.0 052.1 -06.7 0.085646 0.058995 0.048155 hargrave 2018-01-27 16:28:49 
TT 682 170.0 -37.6 208.2 -57.7 6.15E-06 006.0 053.1 -07.9 0.027164 0.014564 0.059263 hargrave 2018-01-31 11:14:49 
TT 684 190.0 -60.2 256.7 -56.3 2.87E-06 009.9 029.8 -20.6 0.010060 0.014960 0.050113 hargrave 2018-02-05 09:25:54 
TT 684 190.2 -59.8 256.0 -56.1 2.95E-06 009.9 030.2 -20.8 0.009485 0.013676 0.049750 hargrave 2018-02-05 13:31:10 
TT 684 189.5 -58.9 254.3 -56.2 2.94E-06 009.9 031.2 -20.6 0.012080 0.010954 0.049645 hargrave 2018-02-05 16:01:46 
TT 686 004.0 -82.7 317.5 -47.8 1.97E-06 012.1 352.8 -10.1 0.004818 0.014312 0.041319 hargrave 2018-02-07 11:31:01 
TT 686 002.9 -81.9 318.2 -47.1 2.07E-06 012.2 352.0 -10.0 0.001655 0.008778 0.044242 hargrave 2018-02-07 15:11:35 
TT 686 358.1 -78.3 320.9 -44.0 2.16E-06 010.6 348.3 -10.0 0.002703 0.009639 0.039974 hargrave 2018-02-08 11:30:21 
TT 688 038.6 -76.6 329.8 -50.4 1.46E-06 011.8 351.3 -01.7 0.004459 0.009346 0.028875 hargrave 2018-02-14 12:07:26 
TT 688 042.9 -76.7 330.0 -51.3 1.47E-06 013.0 352.2 -01.2 0.004136 0.008590 0.032758 hargrave 2018-02-14 16:28:22 
