TR018 -Ea mag compass orientation (IGRF corrected)
 1609.8 201.3  61.0  38.5  37.7   1.0
NRM    064.3 -05.7 056.0 -20.1 2.55E-05 002.9 299.8  33.1 0.101336 0.083519 0.039255 hargrave 2017-10-13 14:32:48 
TT 100 065.6 -08.4 055.4 -23.0 2.54E-05 003.7 303.2  32.3 0.126386 0.104436 0.033550 hargrave 2017-10-15 13:32:02 
TT 100 065.4 -08.4 055.2 -23.0 2.54E-05 003.6 303.1  32.1 0.125946 0.100148 0.030137 hargrave 2017-10-15 15:29:26 
TT 200 064.4 -12.6 051.6 -25.7 2.62E-05 005.7 305.8  28.5 0.074781 0.416981 0.032787 hargrave 2017-10-16 09:35:59 
TT 300 069.4 -18.5 051.8 -33.3 2.47E-05 002.6 314.4  27.6 0.085411 0.080880 0.034140 hargrave 2017-10-16 18:07:47 
TT 350 071.1 -21.3 051.1 -36.5 2.46E-05 002.5 317.8  26.5 0.078751 0.078004 0.034233 hargrave 2017-10-17 15:12:19 
TT 400 075.8 -26.4 051.0 -43.1 2.46E-05 003.9 324.9  25.0 0.097221 0.134675 0.041202 hargrave 2017-10-20 11:58:15 
TT 450 077.4 -30.3 048.7 -47.0 2.42E-05 005.5 328.6  22.5 0.119205 0.205715 0.027324 hargrave 2017-10-22 15:27:39 
TT 475 078.1 -31.8 047.8 -48.4 2.41E-05 002.6 330.0  21.5 0.081272 0.087961 0.023375 hargrave 2017-10-23 15:30:34 
TT 500 086.1 -28.8 058.8 -50.9 2.76E-05 018.7 335.1  27.4 0.935467 0.976514 0.516236 hargrave 2017-10-24 13:31:44 
TT 500 082.2 -34.9 047.9 -53.0 2.46E-05 017.0 334.8  20.5 0.517520 0.705498 0.032392 hargrave 2017-10-24 15:57:43 
TT 500 079.4 -32.8 047.8 -49.9 2.41E-05 002.0 331.6  21.2 0.044101 0.070568 0.035719 hargrave 2017-10-24 16:15:36 
TT 525 080.6 -34.1 047.4 -51.6 2.40E-05 001.8 333.2  20.5 0.060324 0.056705 0.030832 hargrave 2017-10-26 13:55:52 
TT 550 087.3 -37.2 049.7 -57.7 2.37E-05 004.4 339.8  20.0 0.090026 0.164415 0.028929 hargrave 2017-10-27 10:46:08 
TT 555 085.7 -36.7 048.9 -56.4 2.37E-05 005.8 338.3  20.0 0.088141 0.226706 0.030409 hargrave 2017-10-28 13:16:29 
TT 560 084.1 -36.4 047.8 -55.2 2.31E-05 002.3 336.9  19.8 0.067343 0.062373 0.050229 hargrave 2017-10-31 18:02:03 
TT 565 087.7 -37.6 049.6 -58.2 2.29E-05 002.7 340.3  19.8 0.076015 0.080508 0.057335 hargrave 2017-11-03 19:05:39 
TT 570 088.3 -38.4 049.0 -59.0 2.28E-05 003.4 341.1  19.3 0.079168 0.110317 0.059279 hargrave 2017-11-05 18:31:07 
TT 575 088.4 -38.0 049.7 -58.9 2.25E-05 002.6 341.0  19.6 0.073393 0.072478 0.054707 hargrave 2017-11-09 15:28:09 
TT 580 087.8 -39.5 046.9 -59.4 2.27E-05 003.3 341.1  18.1 0.055090 0.109404 0.064883 hargrave 2017-11-14 10:59:38 
TT 600 089.3 -40.5 046.7 -60.9 2.19E-05 003.0 342.6  17.6 0.068582 0.090704 0.055024 hargrave 2017-11-14 20:07:46 
TT 620 091.1 -41.1 047.5 -62.4 2.27E-05 003.5 344.2  17.5 0.080540 0.124277 0.030787 hargrave 2017-11-17 19:17:07 
TT 630 096.0 -42.6 049.6 -66.2 2.20E-05 004.5 348.2  17.0 0.084716 0.159189 0.043577 hargrave 2017-11-19 18:50:05 
TT 640 097.9 -46.3 043.2 -69.3 2.27E-05 003.2 350.5  13.8 0.082023 0.112932 0.044906 hargrave 2017-11-21 17:55:47 
TT 645 091.2 -43.0 044.1 -63.6 2.30E-05 002.4 344.9  15.7 0.079584 0.072827 0.052529 hargrave 2017-11-27 17:34:00 
TT 650 093.2 -43.1 045.6 -64.8 2.02E-05 003.9 346.3  16.0 0.080442 0.118477 0.050698 hargrave 2017-11-28 15:54:10 
TT 655 086.3 -43.9 038.3 -61.1 2.50E-05 002.8 341.8  13.6 0.059521 0.104373 0.064016 hargrave 2017-12-11 12:57:14 
TT 660 111.3 -50.7 040.0 -79.2 2.26E-05 003.7 000.0  10.3 0.064499 0.132107 0.063277 hargrave 2017-12-12 12:36:26 
TT 665 104.3 -50.9 034.3 -75.0 2.03E-05 002.6 355.5  09.9 0.038873 0.076699 0.046569 hargrave 2018-01-08 12:11:04 
TT 670 178.1 -33.6 210.5 -50.2 1.03E-05 003.1 050.0  01.1 0.018691 0.046624 0.040927 hargrave 2018-01-10 15:10:57 
TT 672 055.9 -37.7 024.6 -39.0 9.23E-06 004.1 319.2  05.5 0.020497 0.027228 0.060842 hargrave 2018-01-11 14:17:23 
TT 674 187.0 -18.1 204.4 -33.3 7.66E-06 005.4 067.3  03.2 0.018141 0.031551 0.069073 hargrave 2018-01-12 15:31:05 
TT 676 062.7 -43.7 022.6 -46.7 7.63E-06 004.4 327.0  04.7 0.025257 0.029356 0.051070 hargrave 2018-01-17 09:42:51 
TT 678 180.9 -29.4 208.6 -45.5 5.60E-06 007.6 054.7  01.6 0.012239 0.026309 0.071227 hargrave 2018-01-22 12:36:52 
TT 680 048.8 -36.3 021.1 -33.8 6.83E-06 005.9 314.3  02.2 0.025596 0.033872 0.064539 hargrave 2018-01-25 09:19:17 
TT 682 075.5 -48.6 023.3 -56.8 4.49E-06 009.3 337.1  06.1 0.033071 0.024926 0.063168 hargrave 2018-01-27 16:22:31 
TT 682 088.3 -55.0 015.8 -66.4 4.17E-06 012.4 347.0  03.7 0.014785 0.026744 0.087403 hargrave 2018-01-31 11:10:05 
TT 682 082.1 -50.7 023.0 -61.6 4.47E-06 013.2 341.9  06.2 0.009825 0.031059 0.099929 hargrave 2018-01-31 12:50:36 
TT 684 132.3 -67.5 303.0 -74.7 4.02E-06 009.3 008.0 -07.8 0.084046 0.073081 0.023863 hargrave 2018-02-05 09:19:39 
TT 684 138.2 -56.9 261.5 -82.8 4.84E-06 011.6 014.3  01.2 0.006525 0.027503 0.095795 hargrave 2018-02-05 13:26:29 
TT 684 140.1 -56.5 254.8 -82.1 4.83E-06 012.3 015.4  01.1 0.006902 0.030332 0.101102 hargrave 2018-02-05 15:57:05 
TT 686 071.8 -48.3 021.7 -54.5 4.87E-06 011.2 334.9  05.0 0.010838 0.046794 0.085322 hargrave 2018-02-07 11:25:04 
TT 686 068.9 -47.0 022.0 -52.2 5.12E-06 010.3 332.5  04.9 0.011899 0.032396 0.086738 hargrave 2018-02-07 15:08:33 
TT 686 066.3 -46.9 020.6 -50.6 5.46E-06 009.0 331.0  03.9 0.009405 0.032487 0.080198 hargrave 2018-02-08 11:25:52 
TT 688 044.8 -28.4 024.7 -25.8 6.14E-06 007.2 306.0  04.3 0.016620 0.026675 0.072458 hargrave 2018-02-14 12:01:12 
