TR018 -Ma mag compass orientation (IGRF corrected)
 1619.4 153.3  74.0  38.5  37.7   1.0
NRM    116.5  63.5 122.6  26.2 1.08E-05 002.8 155.6  30.2 0.035622 0.027855 0.032446 hargrave 2017-10-13 14:48:20 
TT 100 133.5  50.8 131.8  13.2 9.89E-06 003.4 139.1  24.8 0.045949 0.028543 0.031262 hargrave 2017-10-15 13:47:57 
TT 100 133.6  49.7 131.9  12.0 9.89E-06 002.5 137.8  24.8 0.033857 0.016985 0.030152 hargrave 2017-10-15 15:44:37 
TT 200 138.5  45.3 135.6  07.9 9.12E-06 002.9 132.9  21.6 0.038504 0.020100 0.024302 hargrave 2017-10-16 09:48:04 
TT 300 143.4  39.6 139.9  02.8 8.90E-06 002.7 127.2  17.7 0.032839 0.013868 0.030689 hargrave 2017-10-16 18:22:19 
TT 350 145.4  34.5 142.3 -02.0 8.77E-06 002.7 122.2  15.4 0.032864 0.013503 0.030352 hargrave 2017-10-17 15:26:18 
TT 400 149.2  30.9 146.2 -04.8 8.72E-06 004.6 119.2  11.5 0.049657 0.017747 0.050672 hargrave 2017-10-20 12:11:20 
TT 450 150.4  20.6 149.6 -14.6 8.80E-06 005.4 109.2  08.2 0.076427 0.019522 0.034822 hargrave 2017-10-22 15:41:28 
TT 475 152.4  21.5 151.3 -13.4 9.03E-06 003.0 110.5  06.6 0.040191 0.015153 0.028925 hargrave 2017-10-23 15:44:28 
TT 500 153.5  20.1 152.7 -14.4 9.10E-06 002.9 109.4  05.3 0.038161 0.015339 0.028981 hargrave 2017-10-24 13:54:01 
TT 525 152.7  13.3 153.8 -21.1 9.34E-06 002.4 102.7  04.2 0.020563 0.020905 0.031321 hargrave 2017-10-26 14:11:24 
TT 550 156.9  19.4 156.1 -14.2 9.16E-06 004.0 109.6  02.0 0.059004 0.018257 0.028404 hargrave 2017-10-27 10:59:56 
TT 555 155.5  12.7 156.9 -21.0 9.29E-06 002.8 102.8  01.4 0.034100 0.015289 0.031614 hargrave 2017-10-28 13:30:24 
TT 560 155.2  11.9 156.8 -21.8 8.87E-06 003.4 102.0  01.4 0.033862 0.023425 0.037327 hargrave 2017-10-31 18:16:09 
TT 565 157.6  16.9 157.5 -16.3 8.92E-06 005.9 107.4  00.6 0.087972 0.022204 0.029237 hargrave 2017-11-03 19:19:29 
TT 570 157.8  14.8 158.4 -18.3 8.82E-06 004.6 105.4 -00.1 0.065396 0.017089 0.030808 hargrave 2017-11-05 18:44:52 
TT 575 157.8  11.9 159.4 -21.0 9.07E-06 002.9 102.7 -01.0 0.033441 0.018423 0.033281 hargrave 2017-11-09 15:41:58 
TT 580 157.2  10.8 159.1 -22.2 8.95E-06 003.0 101.5 -00.7 0.026294 0.024204 0.040408 hargrave 2017-11-14 11:14:27 
TT 600 159.7  10.5 161.7 -21.7 8.98E-06 003.3 101.9 -03.1 0.035781 0.020815 0.038189 hargrave 2017-11-14 20:21:30 
TT 620 161.2  03.6 166.0 -27.7 8.56E-06 002.9 095.6 -06.6 0.022993 0.022183 0.038227 hargrave 2017-11-17 19:31:46 
TT 630 162.4  05.3 166.5 -25.6 9.16E-06 005.4 097.7 -07.3 0.073167 0.019939 0.052863 hargrave 2017-11-19 19:04:41 
TT 640 169.2  04.1 173.9 -23.9 8.76E-06 004.6 098.6 -14.1 0.052786 0.019702 0.053808 hargrave 2017-11-21 18:09:34 
TT 645 164.1  01.9 169.8 -28.1 1.04E-05 004.2 094.8 -09.9 0.040373 0.027787 0.069278 hargrave 2017-11-27 17:48:44 
TT 650 165.3 -02.9 173.3 -31.9 5.81E-06 006.4 090.5 -12.3 0.029645 0.032929 0.065531 hargrave 2017-11-28 16:08:56 
TT 655 163.2  08.4 166.0 -22.4 1.13E-05 004.9 100.9 -07.1 0.040924 0.034831 0.095190 hargrave 2017-12-11 13:10:47 
TT 660 167.7  03.2 172.8 -25.4 6.30E-06 007.2 097.2 -12.9 0.034590 0.036339 0.081833 hargrave 2017-12-12 12:50:00 
TT 665 170.4  12.0 171.4 -16.4 7.55E-06 006.0 106.6 -12.6 0.042931 0.027326 0.069657 hargrave 2018-01-08 12:24:52 
TT 670 172.9 -02.9 181.1 -28.5 5.03E-06 007.6 092.7 -19.6 0.027302 0.023459 0.064966 hargrave 2018-01-10 15:26:23 
TT 672 169.6  12.8 170.3 -15.9 9.57E-06 005.0 107.1 -11.6 0.042555 0.036302 0.072268 hargrave 2018-01-11 14:32:48 
TT 674 168.6 -06.7 178.8 -33.9 4.69E-06 008.5 087.6 -16.5 0.022056 0.022491 0.067074 hargrave 2018-01-12 15:44:54 
TT 674 161.7 -14.8 176.1 -44.2 4.45E-06 011.7 077.8 -11.9 0.025972 0.019830 0.089018 hargrave 2018-01-16 12:02:13 
TT 674 162.0 -14.4 176.1 -43.7 4.50E-06 012.8 078.3 -12.1 0.025928 0.020697 0.099530 hargrave 2018-01-16 13:06:00 
TT 676 173.2  09.8 174.9 -17.1 6.46E-06 006.3 105.4 -16.0 0.029058 0.030031 0.062944 hargrave 2018-01-17 09:58:16 
TT 678 166.0  04.3 170.6 -25.2 7.64E-06 006.4 097.7 -10.9 0.027972 0.024238 0.080686 hargrave 2018-01-22 12:50:38 
TT 680 176.7  17.4 174.6 -08.7 4.97E-06 007.6 114.2 -16.4 0.025493 0.028410 0.059371 hargrave 2018-01-25 09:33:03 
TT 680 180.6  19.9 176.7 -04.8 4.49E-06 007.8 118.1 -18.8 0.025414 0.021662 0.059896 hargrave 2018-01-26 11:43:46 
TT 680 180.0  20.2 176.0 -04.9 4.40E-06 007.2 118.1 -18.0 0.022336 0.022552 0.051450 hargrave 2018-01-26 14:25:02 
TT 682 118.2 -24.7 108.6 -61.3 5.69E-07 050.6 053.7  22.8 0.012499 0.015255 0.064942 hargrave 2018-01-27 16:39:33 
TT 682 146.8 -20.2 159.3 -54.9 1.19E-06 031.4 068.9  00.4 0.012990 0.026122 0.067833 hargrave 2018-01-31 11:19:39 
TT 682 135.8 -25.7 143.0 -62.9 1.02E-06 037.7 060.2  08.1 0.013671 0.018276 0.076078 hargrave 2018-01-31 12:58:47 
TT 684 164.7  24.3 161.3 -07.2 2.54E-06 015.7 116.4 -03.4 0.021314 0.016541 0.068115 hargrave 2018-02-05 09:35:02 
TT 684 164.5  20.2 162.7 -11.1 2.63E-06 015.1 112.5 -04.6 0.019937 0.023505 0.065959 hargrave 2018-02-05 13:34:23 
TT 684 165.1  20.9 163.0 -10.2 2.62E-06 015.2 113.4 -04.9 0.017554 0.022334 0.067320 hargrave 2018-02-05 16:05:00 
TT 686 190.3  51.3 166.3  25.9 2.97E-06 011.4 149.7 -08.5 0.018967 0.024905 0.054672 hargrave 2018-02-07 11:39:34 
TT 686 191.6  51.4 167.0  26.4 2.86E-06 011.4 150.3 -09.0 0.019205 0.020288 0.054524 hargrave 2018-02-07 15:16:11 
TT 686 194.1  50.7 168.8  26.9 2.47E-06 013.2 150.8 -10.6 0.019230 0.021039 0.054641 hargrave 2018-02-08 11:34:57 
TT 688 174.9  32.5 166.3  04.0 2.46E-06 013.4 127.5 -08.7 0.014369 0.027614 0.051951 hargrave 2018-02-14 12:14:56 
TT 688 172.3  29.4 165.6  00.2 2.51E-06 015.3 123.7 -07.9 0.015026 0.028230 0.062555 hargrave 2018-02-14 16:34:48 
