TR010 -Fa mag compass orientation (IGRF corrected)
 543.27 192.3  85.0 290.0  42.5   1.0
NRM    010.1 -27.9 354.9 -68.9 4.20E-05 003.9 297.7 -04.3 0.255506 0.106893 0.096691 hargrave 2017-07-20 17:15:38 
TT 100 010.2 -30.7 352.3 -71.6 4.21E-05 003.6 300.5 -04.4 0.227252 0.138888 0.086480 hargrave 2017-07-21 16:52:55 
TT 200 009.7 -28.4 353.5 -69.3 4.20E-05 002.0 298.2 -04.7 0.122124 0.083998 0.083680 hargrave 2017-07-24 12:34:37 
TT 300 009.5 -30.2 351.3 -70.9 4.20E-05 003.4 299.9 -04.9 0.224860 0.137994 0.072684 hargrave 2017-07-25 09:40:27 
TT 350 009.6 -29.5 352.1 -70.3 4.08E-05 001.8 299.3 -04.8 0.082807 0.036988 0.092985 hargrave 2017-07-31 16:20:28 
TT 400 009.6 -28.6 353.2 -69.4 4.06E-05 001.3 298.3 -04.8 0.041419 0.015779 0.086120 hargrave 2017-08-01 14:29:31 
TT 450 009.9 -30.9 351.3 -71.7 4.10E-05 001.5 300.7 -04.7 0.084080 0.064104 0.083164 hargrave 2017-08-03 13:30:05 
TT 475 010.1 -29.8 353.1 -70.8 4.09E-05 002.0 299.6 -04.4 0.127383 0.069596 0.079937 hargrave 2017-08-04 10:05:54 
TT 500 010.2 -30.8 352.1 -71.7 4.06E-05 002.4 300.6 -04.4 0.158092 0.086943 0.080391 hargrave 2017-08-04 17:03:38 
TT 525 009.9 -30.4 352.1 -71.2 3.94E-05 002.2 300.2 -04.6 0.104736 0.081479 0.082254 hargrave 2017-08-07 15:44:19 
TT 550 010.2 -31.8 351.1 -72.6 3.87E-05 002.3 301.6 -04.4 0.127350 0.060922 0.083623 hargrave 2017-08-08 15:03:57 
TT 555 010.4 -31.0 352.6 -71.9 3.89E-05 001.1 300.8 -04.2 0.062536 0.034306 0.043076 hargrave 2017-08-09 14:25:15 
TT 555 010.4 -31.3 352.3 -72.2 3.82E-05 001.3 301.1 -04.2 0.042119 0.028728 0.077093 hargrave 2017-08-10 09:17:47 
TT 560 010.1 -30.5 352.3 -71.4 3.76E-05 001.4 300.3 -04.4 0.054026 0.026561 0.076849 hargrave 2017-08-16 14:52:01 
TT 565 010.2 -31.1 351.9 -72.0 3.72E-05 001.5 300.9 -04.4 0.057803 0.028158 0.076847 hargrave 2017-08-17 11:41:46 
TT 570 010.2 -30.7 352.4 -71.6 3.68E-05 001.4 300.5 -04.3 0.043175 0.032195 0.076400 hargrave 2017-08-17 20:57:14 
TT 575 009.8 -29.3 353.1 -70.2 3.62E-05 001.9 299.1 -04.6 0.092412 0.040818 0.073108 hargrave 2017-08-18 16:36:56 
TT 580 010.1 -30.1 352.8 -71.0 3.55E-05 001.7 299.9 -04.4 0.073615 0.038164 0.071291 hargrave 2017-08-21 13:38:55 
TT 600 010.0 -29.4 353.3 -70.3 3.51E-05 003.6 299.1 -04.5 0.075848 0.446786 0.068526 hargrave 2017-08-22 12:41:49 
TT 620 009.4 -29.2 352.0 -70.0 3.22E-05 002.4 299.0 -05.0 0.090814 0.077456 0.066902 hargrave 2017-08-23 11:42:24 
TT 630 008.0 -28.6 349.6 -68.9 3.07E-05 002.6 298.2 -06.1 0.107286 0.073603 0.064891 hargrave 2017-08-24 08:13:57 
TT 640 009.1 -28.4 352.1 -69.1 3.07E-05 001.9 298.1 -05.2 0.061831 0.058783 0.067567 hargrave 2017-08-24 16:23:29 
TT 645 008.7 -31.9 347.1 -72.2 2.93E-05 001.8 301.6 -05.7 0.060768 0.059155 0.064306 hargrave 2017-08-25 14:27:00 
TT 650 008.7 -30.3 349.0 -70.7 3.02E-05 002.5 300.1 -05.7 0.100063 0.071624 0.069916 hargrave 2017-08-29 15:41:49 
TT 655 008.4 -30.5 348.2 -70.8 2.90E-05 001.9 300.2 -05.9 0.067120 0.054690 0.058800 hargrave 2017-09-01 15:44:04 
TT 660 009.1 -31.0 349.4 -71.5 2.97E-05 002.0 300.7 -05.3 0.066008 0.077606 0.070468 hargrave 2017-09-08 18:08:15 
TT 665 009.0 -31.0 349.0 -71.5 2.87E-05 001.5 300.8 -05.4 0.028513 0.061980 0.065145 hargrave 2017-09-12 14:43:09 
TT 670 009.2 -29.2 351.7 -69.8 2.89E-05 002.0 298.9 -05.1 0.047615 0.070320 0.079066 hargrave 2017-09-14 18:12:24 
TT 672 009.1 -32.7 346.8 -73.1 2.84E-05 004.0 302.5 -05.4 0.144619 0.119415 0.084956 hargrave 2017-09-15 18:37:09 
TT 674 009.0 -29.2 351.1 -69.8 2.76E-05 002.3 299.0 -05.3 0.077468 0.048324 0.080713 hargrave 2017-09-19 14:13:41 
TT 676 009.4 -33.3 346.7 -73.7 2.54E-05 002.3 303.1 -05.2 0.069873 0.067698 0.068731 hargrave 2017-09-22 16:28:11 
TT 678 009.1 -30.7 349.7 -71.2 2.37E-05 002.6 300.4 -05.3 0.076057 0.052886 0.065817 hargrave 2017-09-24 14:21:05 
TT 680 009.9 -31.2 350.9 -72.0 1.99E-05 002.2 301.0 -04.7 0.052791 0.036590 0.059055 hargrave 2017-09-25 13:08:32 
TT 682 011.1 -29.1 356.3 -70.3 6.52E-06 005.3 298.9 -03.5 0.036165 0.022561 0.044826 hargrave 2017-09-26 18:50:10 
TT 684 008.4 -35.4 340.4 -75.2 4.16E-06 006.0 305.1 -06.0 0.019573 0.011422 0.040629 hargrave 2017-10-01 22:57:40 
TT 686 038.9  43.3 033.6  02.4 1.29E-06 013.5 224.8  22.6 0.015541 0.008755 0.032657 hargrave 2017-10-03 09:39:43 
TT 686 039.6  41.7 034.5  00.9 1.26E-06 013.4 226.3  23.5 0.010625 0.008277 0.031922 hargrave 2017-10-03 11:38:52 
TT 686 038.5  41.5 033.8  00.5 1.26E-06 013.7 226.8  22.8 0.011476 0.008505 0.032020 hargrave 2017-10-03 12:31:32 
TT 688 007.8 -56.8 234.4 -78.1 9.53E-07 018.7 326.6 -06.7 0.009815 0.009669 0.031206 hargrave 2017-10-05 14:25:10 
TT 688 008.0 -55.0 240.6 -79.4 9.78E-07 018.1 324.8 -06.6 0.009288 0.010103 0.030462 hargrave 2017-10-05 16:33:36 
TT 688 007.4 -56.4 236.1 -78.2 9.85E-07 017.7 326.3 -06.8 0.008734 0.010188 0.030036 hargrave 2017-10-05 17:42:42 
TT 690 004.8  19.0 004.4 -22.1 1.44E-06 015.0 250.3 -05.5 0.008098 0.008049 0.037804 hargrave 2017-10-06 16:57:31 
TT 690 004.8  19.5 004.6 -21.6 1.42E-06 015.5 249.8 -05.4 0.011399 0.009359 0.037421 hargrave 2017-10-06 20:01:21 
TT 690 004.1  17.5 003.4 -23.5 1.41E-06 015.2 251.7 -06.3 0.013886 0.010700 0.035675 hargrave 2017-10-06 21:47:53 
TT 692 131.7  71.5 048.0  51.1 1.31E-06 014.4 170.4  21.0 0.011083 0.011672 0.035174 hargrave 2017-10-08 17:22:40 
TT 692 129.1  71.6 047.8  50.3 1.27E-06 013.5 171.2  21.3 0.008892 0.007892 0.032123 hargrave 2017-10-08 19:38:42 
