TR010 -Ca mag compass orientation (IGRF corrected)
 535.95 206.3  71.0 290.0  42.5   1.0
NRM    006.1 -58.9 230.6 -75.9 8.80E-05 005.0 327.2 -26.6 0.489169 0.579429 0.162531 hargrave 2017-07-20 17:11:37 
TT 100 005.5 -62.5 223.1 -72.9 8.91E-05 003.1 331.3 -26.3 0.329567 0.346943 0.155913 hargrave 2017-07-21 16:48:56 
TT 200 004.5 -64.5 220.8 -71.1 8.96E-05 001.9 333.4 -26.4 0.245103 0.133777 0.166345 hargrave 2017-07-24 12:30:39 
TT 300 004.7 -64.6 220.3 -71.0 8.99E-05 002.3 333.6 -26.3 0.303596 0.207893 0.160113 hargrave 2017-07-25 09:36:28 
TT 350 005.4 -62.2 223.9 -73.1 8.96E-05 002.6 330.9 -26.4 0.278560 0.263778 0.173047 hargrave 2017-07-31 16:15:21 
TT 400 004.5 -64.8 220.2 -70.8 8.99E-05 002.2 333.8 -26.4 0.241107 0.212560 0.174431 hargrave 2017-08-01 14:24:20 
TT 450 006.4 -63.2 220.7 -72.6 9.07E-05 002.1 331.9 -25.8 0.237588 0.223055 0.146324 hargrave 2017-08-03 13:26:02 
TT 475 005.9 -64.1 219.8 -71.7 9.02E-05 001.5 333.0 -25.9 0.229487 0.083996 0.142854 hargrave 2017-08-04 10:01:46 
TT 500 005.9 -63.9 220.3 -71.9 9.02E-05 001.5 332.7 -26.0 0.204732 0.091032 0.151504 hargrave 2017-08-04 16:59:25 
TT 525 005.9 -63.9 220.1 -71.9 8.96E-05 002.2 332.7 -25.9 0.221496 0.212409 0.162369 hargrave 2017-08-07 15:39:20 
TT 550 005.6 -64.5 219.5 -71.3 8.93E-05 001.7 333.4 -26.0 0.181257 0.139392 0.163476 hargrave 2017-08-08 14:59:01 
TT 555 005.4 -64.2 220.2 -71.5 8.97E-05 002.7 333.1 -26.1 0.094551 0.438273 0.065771 hargrave 2017-08-09 14:20:22 
TT 555 006.8 -62.4 221.8 -73.4 8.86E-05 001.4 331.0 -25.8 0.117641 0.118588 0.142812 hargrave 2017-08-10 09:12:50 
TT 560 006.0 -64.3 219.4 -71.6 8.83E-05 001.3 333.1 -25.8 0.113518 0.116041 0.142486 hargrave 2017-08-16 14:47:03 
TT 565 006.3 -63.4 220.4 -72.4 8.81E-05 001.3 332.2 -25.8 0.108768 0.108135 0.139342 hargrave 2017-08-17 11:36:49 
TT 570 005.8 -64.6 219.2 -71.3 8.77E-05 001.5 333.4 -25.9 0.104236 0.151637 0.139363 hargrave 2017-08-17 20:52:19 
TT 575 006.0 -63.2 221.3 -72.5 8.73E-05 002.3 331.9 -26.0 0.154990 0.281416 0.140942 hargrave 2017-08-18 16:31:50 
TT 580 005.7 -63.7 220.8 -72.0 8.71E-05 001.8 332.5 -26.1 0.118116 0.205707 0.139391 hargrave 2017-08-21 13:33:59 
TT 600 004.9 -65.4 218.8 -70.4 8.61E-05 001.6 334.5 -26.1 0.103868 0.163030 0.143456 hargrave 2017-08-22 12:36:53 
TT 620 005.8 -64.2 219.8 -71.6 8.32E-05 001.9 333.0 -25.9 0.112583 0.206431 0.143193 hargrave 2017-08-23 11:37:27 
TT 630 004.6 -65.8 218.5 -69.9 8.10E-05 001.4 334.9 -26.1 0.107677 0.109950 0.139358 hargrave 2017-08-24 08:09:01 
TT 640 005.0 -65.7 218.3 -70.2 7.95E-05 002.4 334.7 -26.0 0.111824 0.292361 0.126065 hargrave 2017-08-24 16:18:32 
TT 645 003.8 -66.4 218.4 -69.3 7.87E-05 002.1 335.6 -26.3 0.100531 0.240000 0.126367 hargrave 2017-08-25 14:22:05 
TT 650 005.1 -64.2 220.5 -71.4 7.72E-05 002.8 333.1 -26.2 0.140961 0.328277 0.126011 hargrave 2017-08-29 15:36:54 
TT 655 004.1 -66.2 218.5 -69.5 7.67E-05 001.8 335.4 -26.3 0.097810 0.183439 0.129453 hargrave 2017-09-01 15:39:09 
TT 660 005.2 -66.5 217.0 -69.5 7.61E-05 002.8 335.6 -25.7 0.150858 0.322149 0.138349 hargrave 2017-09-08 18:03:44 
TT 665 003.8 -67.6 216.7 -68.2 7.53E-05 001.7 336.9 -26.0 0.108945 0.139529 0.138363 hargrave 2017-09-12 14:38:55 
TT 670 006.8 -65.2 217.1 -70.9 7.21E-05 002.3 334.1 -25.3 0.132462 0.193012 0.199428 hargrave 2017-09-14 18:07:51 
TT 670 007.4 -64.1 218.0 -72.1 7.21E-05 002.4 332.8 -25.3 0.121302 0.246722 0.134074 hargrave 2017-09-15 09:11:16 
TT 672 004.4 -67.9 215.7 -68.1 7.07E-05 002.3 337.2 -25.7 0.104984 0.185340 0.197529 hargrave 2017-09-15 18:32:33 
TT 672 004.8 -66.3 217.6 -69.6 7.10E-05 003.5 335.4 -25.9 0.107627 0.377714 0.194507 hargrave 2017-09-16 15:45:14 
TT 674 004.0 -66.1 218.6 -69.6 6.72E-05 002.4 335.3 -26.3 0.086694 0.205148 0.184593 hargrave 2017-09-19 14:08:18 
TT 676 004.1 -66.1 218.6 -69.6 6.31E-05 002.9 335.3 -26.3 0.081098 0.272986 0.161741 hargrave 2017-09-22 16:23:37 
TT 678 004.1 -64.8 220.7 -70.7 5.50E-05 003.0 333.8 -26.6 0.077662 0.227837 0.163885 hargrave 2017-09-24 14:16:30 
TT 680 006.5 -64.9 217.8 -71.1 3.51E-05 002.6 333.8 -25.5 0.043888 0.103776 0.116336 hargrave 2017-09-25 13:04:00 
TT 682 012.5 -60.7 215.4 -76.2 2.17E-05 003.7 328.8 -23.2 0.062562 0.095415 0.091303 hargrave 2017-09-26 18:44:49 
TT 684 002.3 -58.4 237.6 -74.8 7.54E-06 005.3 327.0 -28.6 0.017118 0.049521 0.049277 hargrave 2017-10-01 22:53:03 
TT 686 032.3 -27.3 049.9 -67.6 3.19E-06 008.3 297.7 -03.5 0.014904 0.011010 0.043107 hargrave 2017-10-03 09:35:12 
TT 686 037.3 -28.4 061.2 -66.6 3.23E-06 011.2 300.3  00.2 0.021270 0.015343 0.058578 hargrave 2017-10-03 11:37:17 
TT 686 033.0 -26.4 050.4 -66.5 3.23E-06 007.7 297.0 -02.6 0.011412 0.010639 0.041367 hargrave 2017-10-03 12:29:56 
TT 688 217.7 -09.1 220.6  31.2 2.47E-06 008.7 084.9 -13.7 0.014432 0.013338 0.037195 hargrave 2017-10-05 14:20:37 
TT 688 217.3 -10.2 219.8  30.3 2.46E-06 008.3 083.8 -13.6 0.011006 0.014285 0.037131 hargrave 2017-10-05 16:32:01 
TT 688 217.0 -11.1 219.2  29.5 2.47E-06 008.5 082.7 -13.6 0.013582 0.014136 0.036833 hargrave 2017-10-05 17:41:05 
TT 690 059.2  11.7 061.6 -21.3 1.21E-06 016.7 268.7  34.7 0.019716 0.011562 0.032038 hargrave 2017-10-06 16:51:21 
TT 690 059.1  12.2 061.3 -20.9 1.21E-06 016.2 268.1  34.7 0.017910 0.012017 0.031855 hargrave 2017-10-06 19:53:52 
TT 690 059.4  11.4 062.0 -21.5 1.21E-06 016.3 269.2  34.8 0.019248 0.012286 0.031155 hargrave 2017-10-06 21:43:00 
TT 692 307.1  40.9 330.0  19.4 1.86E-06 010.1 189.3 -29.3 0.014857 0.014998 0.028289 hargrave 2017-10-08 17:19:07 
TT 692 308.6  39.6 330.0  17.7 1.84E-06 010.1 190.9 -30.3 0.015366 0.017827 0.026157 hargrave 2017-10-08 19:37:28 
