TR010 -Ea mag compass orientation (IGRF corrected)
 537.31 170.3  25.0 290.0  42.5   1.0
NRM    095.9 -83.0 189.6 -48.8 4.42E-05 002.5 003.6 -58.2 0.103142 0.158843 0.050064 hargrave 2017-07-20 17:14:21 
TT 100 109.5 -82.5 188.9 -47.0 4.54E-05 002.4 007.0 -58.2 0.119431 0.148832 0.036683 hargrave 2017-07-21 16:51:39 
TT 200 102.7 -83.0 189.5 -47.9 4.61E-05 002.5 005.1 -58.4 0.110598 0.164156 0.044657 hargrave 2017-07-24 12:33:20 
TT 300 117.2 -82.4 189.1 -46.0 4.64E-05 002.1 008.8 -58.6 0.109388 0.131073 0.046302 hargrave 2017-07-25 09:39:10 
TT 350 107.2 -82.7 189.3 -47.4 4.69E-05 002.1 006.2 -58.4 0.120326 0.115548 0.057104 hargrave 2017-07-31 16:18:47 
TT 400 114.7 -82.3 188.8 -46.3 4.71E-05 002.1 008.3 -58.3 0.128014 0.118113 0.051900 hargrave 2017-08-01 14:27:49 
TT 450 115.4 -82.6 189.3 -46.3 4.73E-05 001.9 008.2 -58.7 0.103978 0.121470 0.045256 hargrave 2017-08-03 13:28:48 
TT 475 120.1 -82.4 189.2 -45.6 4.74E-05 002.2 009.4 -58.8 0.122182 0.132716 0.041979 hargrave 2017-08-04 10:04:37 
TT 500 119.3 -82.1 188.8 -45.7 4.75E-05 002.8 009.5 -58.5 0.102436 0.215504 0.048495 hargrave 2017-08-04 17:02:21 
TT 525 116.6 -82.5 189.3 -46.1 4.72E-05 002.1 008.5 -58.7 0.113444 0.137689 0.046388 hargrave 2017-08-07 15:42:43 
TT 550 120.5 -82.6 189.6 -45.7 4.71E-05 002.1 009.3 -59.0 0.112943 0.129350 0.046241 hargrave 2017-08-08 15:02:21 
TT 555 119.7 -83.2 190.3 -45.9 4.77E-05 002.0 008.6 -59.4 0.101240 0.142788 0.030088 hargrave 2017-08-09 14:23:40 
TT 555 115.6 -83.3 190.3 -46.4 4.67E-05 002.4 007.6 -59.3 0.140815 0.132153 0.053948 hargrave 2017-08-10 09:16:11 
TT 560 119.9 -83.1 190.2 -45.9 4.65E-05 002.4 008.6 -59.4 0.140174 0.130737 0.051188 hargrave 2017-08-16 14:50:24 
TT 565 121.2 -83.4 190.8 -45.8 4.61E-05 002.6 008.5 -59.8 0.136516 0.165258 0.050875 hargrave 2017-08-17 11:40:10 
TT 570 127.1 -83.2 190.8 -45.1 4.59E-05 002.6 009.9 -60.0 0.152146 0.149665 0.062185 hargrave 2017-08-17 20:55:39 
TT 575 131.7 -83.2 191.1 -44.6 4.57E-05 002.8 010.7 -60.3 0.139187 0.183846 0.063642 hargrave 2017-08-18 16:35:16 
TT 580 130.1 -83.2 191.0 -44.8 4.54E-05 002.5 010.4 -60.2 0.144313 0.151823 0.064876 hargrave 2017-08-21 13:37:19 
TT 600 134.0 -83.0 191.1 -44.3 4.49E-05 002.6 011.4 -60.4 0.143370 0.154472 0.066690 hargrave 2017-08-22 12:40:13 
TT 620 134.5 -82.9 191.0 -44.2 4.39E-05 002.8 011.7 -60.3 0.138108 0.179530 0.063708 hargrave 2017-08-23 11:40:48 
TT 630 133.4 -82.8 190.8 -44.3 4.35E-05 003.0 011.6 -60.2 0.136125 0.189285 0.063811 hargrave 2017-08-24 08:12:21 
TT 640 130.9 -83.1 190.9 -44.7 4.31E-05 002.9 010.8 -60.2 0.134775 0.185277 0.062401 hargrave 2017-08-24 16:21:53 
TT 645 133.3 -82.9 190.8 -44.3 4.29E-05 002.8 011.5 -60.2 0.128600 0.171595 0.063994 hargrave 2017-08-25 14:25:24 
TT 650 125.2 -83.6 191.2 -45.5 4.26E-05 002.4 009.1 -60.1 0.126146 0.131778 0.063073 hargrave 2017-08-29 15:40:14 
TT 655 137.4 -82.7 191.0 -43.7 4.25E-05 003.4 012.5 -60.4 0.152542 0.200468 0.090409 hargrave 2017-09-01 15:42:28 
TT 660 133.8 -81.7 189.5 -43.7 4.25E-05 003.0 013.1 -59.4 0.130494 0.189239 0.030302 hargrave 2017-09-08 18:06:41 
TT 665 129.9 -82.9 190.6 -44.7 4.20E-05 002.9 010.8 -59.9 0.125102 0.169079 0.054785 hargrave 2017-09-12 14:41:41 
TT 670 126.0 -83.1 190.6 -45.2 4.11E-05 003.1 009.8 -59.8 0.136478 0.178807 0.048276 hargrave 2017-09-14 18:10:50 
TT 672 138.8 -81.6 190.0 -43.0 4.10E-05 003.8 014.3 -59.8 0.143554 0.234521 0.045111 hargrave 2017-09-15 18:35:30 
TT 674 126.9 -83.4 191.0 -45.2 3.90E-05 002.7 009.6 -60.1 0.124093 0.136900 0.047616 hargrave 2017-09-19 14:11:17 
TT 676 142.1 -82.0 190.7 -42.8 3.68E-05 003.8 014.4 -60.4 0.116680 0.214451 0.047660 hargrave 2017-09-22 16:26:36 
TT 678 126.9 -83.2 190.8 -45.2 3.21E-05 002.9 009.8 -60.0 0.092557 0.132493 0.045031 hargrave 2017-09-24 14:19:30 
TT 680 132.4 -82.0 189.7 -44.0 2.72E-05 002.6 012.4 -59.5 0.081466 0.089613 0.033631 hargrave 2017-09-25 13:06:58 
TT 682 178.0 -82.0 196.1 -40.1 1.22E-05 002.9 018.8 -64.9 0.037909 0.050128 0.016943 hargrave 2017-09-26 18:48:38 
TT 684 169.7 -82.2 194.8 -40.7 7.42E-06 002.7 017.9 -63.8 0.020305 0.027517 0.016319 hargrave 2017-10-01 22:56:06 
TT 686 006.1 -83.9 202.5 -53.4 2.45E-06 002.2 347.0 -62.7 0.006437 0.006357 0.010170 hargrave 2017-10-03 09:38:11 
TT 688 239.4 -84.6 204.7 -43.2 1.65E-06 003.1 005.6 -69.9 0.005575 0.006060 0.007463 hargrave 2017-10-05 14:23:37 
TT 690 292.4 -33.2 267.6 -25.3 1.42E-07 035.8 227.2 -52.8 0.003062 0.006451 0.008131 hargrave 2017-10-06 16:55:59 
TT 690 291.9 -31.5 268.7 -23.8 1.36E-07 034.2 225.6 -51.2 0.003278 0.006825 0.006697 hargrave 2017-10-06 19:59:46 
TT 690 290.5 -35.1 265.0 -25.4 1.51E-07 032.3 226.0 -55.0 0.003709 0.006327 0.006860 hargrave 2017-10-06 21:46:21 
TT 692 264.1 -34.3 249.0 -09.9 7.42E-07 004.1 186.2 -59.2 0.003754 0.002299 0.008383 hargrave 2017-10-08 17:21:26 
