TR010 -Da mag compass orientation (IGRF corrected)
 536.34 212.3  72.0 290.0  42.5   1.0
NRM    070.3 -25.9 099.4 -45.3 3.84E-05 002.6 309.6  23.0 0.114602 0.135976 0.054925 hargrave 2017-07-20 17:13:01 
TT 100 070.6 -26.8 100.7 -45.7 3.85E-05 002.4 310.6  22.7 0.101951 0.128613 0.057156 hargrave 2017-07-21 16:50:20 
TT 200 070.2 -26.3 099.8 -45.6 3.87E-05 002.8 309.9  22.8 0.124088 0.149165 0.057175 hargrave 2017-07-24 12:32:01 
TT 300 071.6 -28.4 103.2 -46.0 3.88E-05 002.3 312.5  22.5 0.095979 0.128921 0.059165 hargrave 2017-07-25 09:37:51 
TT 350 071.9 -28.4 103.5 -45.8 3.85E-05 002.5 312.7  22.7 0.097226 0.129707 0.069227 hargrave 2017-07-31 16:17:04 
TT 400 072.9 -29.9 105.9 -46.1 3.87E-05 001.8 314.5  22.5 0.055549 0.098671 0.072988 hargrave 2017-08-01 14:26:06 
TT 450 072.3 -29.0 104.5 -46.0 3.89E-05 002.0 313.5  22.6 0.085261 0.106215 0.059080 hargrave 2017-08-03 13:27:25 
TT 475 073.0 -30.0 106.2 -46.1 3.91E-05 001.5 314.8  22.5 0.078196 0.084154 0.057359 hargrave 2017-08-04 10:03:18 
TT 500 072.5 -30.0 105.7 -46.4 3.92E-05 001.9 314.4  22.2 0.071125 0.115430 0.057827 hargrave 2017-08-04 17:00:53 
TT 525 073.7 -31.7 108.6 -46.7 3.84E-05 001.7 316.5  21.9 0.087540 0.065426 0.058244 hargrave 2017-08-07 15:41:04 
TT 550 074.2 -32.2 109.6 -46.7 3.79E-05 001.2 317.3  21.9 0.053989 0.053500 0.058327 hargrave 2017-08-08 15:00:43 
TT 555 074.0 -32.0 109.2 -46.7 3.83E-05 001.4 317.0  21.9 0.076597 0.064224 0.028117 hargrave 2017-08-09 14:22:03 
TT 555 073.3 -31.3 108.0 -46.7 3.75E-05 001.3 316.0  21.9 0.037735 0.047755 0.071556 hargrave 2017-08-10 09:14:32 
TT 560 074.3 -32.5 110.0 -46.8 3.72E-05 001.3 317.5  21.7 0.049161 0.041909 0.069601 hargrave 2017-08-16 14:48:45 
TT 565 074.0 -32.8 110.2 -47.2 3.68E-05 001.5 317.7  21.3 0.060155 0.047506 0.066794 hargrave 2017-08-17 11:38:32 
TT 570 073.1 -32.4 109.0 -47.5 3.65E-05 001.2 316.8  21.1 0.037508 0.040293 0.066449 hargrave 2017-08-17 20:54:01 
TT 575 073.1 -32.6 109.3 -47.7 3.61E-05 001.3 317.0  20.9 0.046927 0.039420 0.062198 hargrave 2017-08-18 16:33:33 
TT 580 073.6 -33.3 110.4 -47.7 3.58E-05 001.9 317.8  20.8 0.080634 0.064284 0.060407 hargrave 2017-08-21 13:35:42 
TT 600 074.3 -33.7 111.5 -47.5 3.53E-05 001.3 318.6  21.0 0.049897 0.039866 0.059510 hargrave 2017-08-22 12:38:35 
TT 620 074.0 -34.0 111.6 -47.8 3.46E-05 001.7 318.6  20.6 0.066942 0.060329 0.060024 hargrave 2017-08-23 11:39:09 
TT 630 074.7 -34.6 112.8 -47.7 3.39E-05 002.8 319.5  20.6 0.108955 0.111264 0.057824 hargrave 2017-08-24 08:10:43 
TT 640 073.8 -34.1 111.5 -48.0 3.36E-05 002.4 318.6  20.5 0.094658 0.091584 0.058382 hargrave 2017-08-24 16:20:14 
TT 645 075.6 -36.7 116.0 -48.3 3.33E-05 001.9 321.7  19.8 0.070720 0.065644 0.057554 hargrave 2017-08-25 14:23:46 
TT 650 074.7 -35.7 114.1 -48.4 3.31E-05 002.0 320.4  19.9 0.074311 0.069346 0.059945 hargrave 2017-08-29 15:38:36 
TT 655 076.2 -37.5 117.4 -48.4 3.28E-05 001.6 322.6  19.6 0.044922 0.052889 0.060342 hargrave 2017-09-01 15:40:51 
TT 660 074.9 -36.1 114.8 -48.4 3.26E-05 002.9 320.8  19.8 0.106914 0.116200 0.056519 hargrave 2017-09-08 18:05:12 
TT 665 076.0 -37.3 117.1 -48.3 3.21E-05 001.5 322.4  19.6 0.061026 0.043237 0.056253 hargrave 2017-09-12 14:40:18 
TT 670 076.4 -37.8 118.0 -48.4 3.18E-05 001.4 323.0  19.5 0.059353 0.040029 0.057651 hargrave 2017-09-14 18:09:20 
TT 672 078.5 -39.0 120.8 -47.6 3.16E-05 002.4 325.1  19.8 0.098362 0.087355 0.057790 hargrave 2017-09-15 18:34:01 
TT 672 077.7 -38.4 119.5 -47.8 3.17E-05 001.4 324.2  19.8 0.069523 0.040560 0.053949 hargrave 2017-09-16 15:46:42 
TT 674 076.2 -38.0 118.0 -48.6 3.11E-05 001.5 323.0  19.3 0.056823 0.054751 0.059858 hargrave 2017-09-19 14:09:47 
TT 676 076.4 -38.4 118.7 -48.7 3.06E-05 004.2 323.4  19.1 0.138012 0.179646 0.054435 hargrave 2017-09-22 16:25:07 
TT 678 073.8 -37.1 115.4 -49.7 2.82E-05 004.4 321.0  18.5 0.144243 0.162993 0.052859 hargrave 2017-09-24 14:17:59 
TT 680 075.7 -37.7 117.4 -48.8 2.23E-05 002.4 322.5  19.1 0.078220 0.058555 0.043998 hargrave 2017-09-25 13:05:29 
TT 682 078.3 -37.8 119.1 -47.1 1.31E-05 003.4 324.1  20.5 0.049260 0.059891 0.027151 hargrave 2017-09-26 18:47:05 
TT 684 093.7 -34.8 125.3 -35.2 6.84E-06 005.0 332.8  30.6 0.031110 0.051829 0.010816 hargrave 2017-10-01 22:54:36 
TT 686 083.1 -02.7 091.3 -19.9 2.54E-06 003.2 294.3  46.2 0.009511 0.009777 0.005083 hargrave 2017-10-03 09:36:43 
TT 688 141.0 -10.6 140.6  11.9 2.39E-06 003.7 034.3  55.9 0.006493 0.009185 0.017870 hargrave 2017-10-05 14:22:04 
TT 690 095.9  27.2 081.5  11.0 2.29E-06 002.5 244.5  64.0 0.007942 0.006784 0.002083 hargrave 2017-10-06 16:52:48 
TT 692 285.2  06.3 290.7  07.9 7.54E-07 003.8 143.7 -60.4 0.003264 0.002751 0.004981 hargrave 2017-10-08 17:20:15 
