TR010 -La mag compass orientation (IGRF corrected)
 549.24 205.3  84.0 290.0  42.5   1.0
NRM    350.3  15.5 349.1 -21.6 2.82E-05 002.6 247.7 -31.4 0.122777 0.086006 0.037915 hargrave 2017-07-20 17:24:44 
TT 100 349.7  12.8 347.5 -23.9 2.72E-05 002.8 250.5 -32.8 0.131952 0.076655 0.037367 hargrave 2017-07-21 17:03:18 
TT 200 349.5  13.8 347.7 -22.9 2.71E-05 002.5 249.3 -32.7 0.113953 0.087275 0.037170 hargrave 2017-07-24 12:44:58 
TT 300 349.6  12.2 347.1 -24.5 2.67E-05 003.4 251.3 -33.0 0.158029 0.076634 0.036475 hargrave 2017-07-25 09:50:50 
TT 350 349.4  11.2 346.5 -25.2 2.63E-05 002.2 252.3 -33.5 0.080090 0.060520 0.033479 hargrave 2017-07-31 16:32:59 
TT 400 349.7  11.2 346.7 -25.4 2.61E-05 002.2 252.5 -33.2 0.085780 0.054420 0.033557 hargrave 2017-08-01 14:41:03 
TT 450 349.5  12.7 347.2 -24.0 2.60E-05 003.0 250.7 -33.0 0.132803 0.082715 0.035288 hargrave 2017-08-03 13:39:16 
TT 475 350.0  11.4 347.1 -25.3 2.59E-05 003.0 252.3 -32.9 0.137897 0.068721 0.035514 hargrave 2017-08-04 10:14:58 
TT 500 349.5  12.4 347.1 -24.3 2.55E-05 002.8 251.0 -33.1 0.118095 0.088131 0.035730 hargrave 2017-08-04 17:13:04 
TT 525 349.8  10.9 346.8 -25.8 2.48E-05 002.9 252.8 -33.2 0.109027 0.056193 0.038923 hargrave 2017-08-07 15:55:28 
TT 550 350.2  10.6 347.0 -26.1 2.42E-05 002.8 253.2 -32.9 0.098848 0.056921 0.039547 hargrave 2017-08-08 15:15:05 
TT 555 350.5  11.2 347.6 -25.7 2.43E-05 001.7 252.6 -32.4 0.056776 0.053166 0.021439 hargrave 2017-08-09 14:37:03 
TT 555 350.4  11.9 347.7 -25.0 2.39E-05 002.0 251.8 -32.4 0.055958 0.069434 0.030836 hargrave 2017-08-10 09:31:23 
TT 560 350.4  11.4 347.5 -25.4 2.36E-05 002.4 252.3 -32.5 0.078450 0.063577 0.032118 hargrave 2017-08-16 15:03:10 
TT 565 350.1  11.8 347.5 -25.0 2.34E-05 002.3 251.8 -32.6 0.072875 0.061701 0.030302 hargrave 2017-08-17 11:53:44 
TT 570 350.2  11.8 347.5 -25.0 2.32E-05 002.2 251.9 -32.6 0.071299 0.061565 0.030086 hargrave 2017-08-17 21:09:55 
TT 575 349.9  11.6 347.2 -25.2 2.30E-05 002.9 252.1 -32.9 0.099315 0.060064 0.029601 hargrave 2017-08-18 16:48:15 
TT 580 350.3  11.0 347.3 -25.8 2.30E-05 001.9 252.9 -32.7 0.050873 0.060375 0.029106 hargrave 2017-08-21 13:50:04 
TT 600 349.8  10.8 346.7 -25.8 2.28E-05 002.1 252.8 -33.2 0.060391 0.061799 0.031212 hargrave 2017-08-22 12:52:59 
TT 620 349.8  11.2 346.9 -25.5 2.24E-05 002.4 252.5 -33.1 0.075337 0.059498 0.030887 hargrave 2017-08-23 11:53:32 
TT 630 350.0  10.8 346.9 -25.8 2.22E-05 002.7 252.9 -33.1 0.092581 0.045274 0.030315 hargrave 2017-08-24 08:25:05 
TT 640 349.9  11.4 347.0 -25.3 2.20E-05 002.9 252.2 -33.0 0.094312 0.054660 0.036584 hargrave 2017-08-24 16:34:38 
TT 645 350.0  09.8 346.5 -26.8 2.18E-05 003.0 254.1 -33.2 0.096434 0.060239 0.034363 hargrave 2017-08-25 14:38:07 
TT 650 349.7  10.7 346.6 -25.9 2.17E-05 003.1 253.0 -33.3 0.100446 0.060155 0.032952 hargrave 2017-08-29 15:53:01 
TT 655 349.5  11.9 346.8 -24.7 2.17E-05 002.5 251.5 -33.2 0.070398 0.060522 0.035312 hargrave 2017-09-01 15:56:50 
TT 660 349.3  11.3 346.5 -25.2 2.15E-05 003.1 252.2 -33.5 0.107732 0.063061 0.031663 hargrave 2017-09-08 18:19:12 
TT 665 349.6  11.3 346.7 -25.3 2.15E-05 002.9 252.3 -33.3 0.100405 0.048993 0.033621 hargrave 2017-09-12 14:53:49 
TT 670 349.8  10.8 346.7 -25.8 2.12E-05 002.0 252.9 -33.2 0.050352 0.062715 0.040290 hargrave 2017-09-14 18:23:31 
TT 672 349.9  10.0 346.5 -26.6 2.07E-05 002.2 253.9 -33.3 0.060957 0.060244 0.038512 hargrave 2017-09-15 18:48:08 
TT 674 349.9  11.2 347.0 -25.5 2.08E-05 002.6 252.5 -33.0 0.071071 0.062462 0.041284 hargrave 2017-09-19 14:24:45 
TT 676 350.5  08.4 346.4 -28.3 2.00E-05 002.2 255.9 -33.2 0.059381 0.043072 0.040694 hargrave 2017-09-22 16:41:04 
TT 678 349.9  10.1 346.5 -26.5 2.00E-05 003.6 253.7 -33.3 0.111685 0.048667 0.043625 hargrave 2017-09-24 14:32:12 
TT 680 349.7  11.6 347.0 -25.0 1.99E-05 004.2 251.9 -33.1 0.130508 0.065732 0.041773 hargrave 2017-09-25 13:19:35 
TT 682 350.2  09.2 346.4 -27.4 1.85E-05 003.4 254.9 -33.2 0.097007 0.041289 0.040411 hargrave 2017-09-26 19:01:14 
TT 684 350.2  10.1 346.8 -26.6 1.77E-05 003.7 253.8 -33.0 0.107330 0.039850 0.019749 hargrave 2017-10-01 23:10:15 
TT 686 347.5 -01.0 338.6 -35.6 4.34E-06 001.6 266.6 -37.7 0.010017 0.004094 0.006341 hargrave 2017-10-03 09:52:07 
TT 688 348.9  00.8 341.1 -34.6 3.25E-06 002.5 264.6 -36.1 0.013704 0.004136 0.004629 hargrave 2017-10-05 14:39:11 
TT 690 352.2  12.5 349.8 -25.1 1.83E-06 003.6 251.7 -30.5 0.010181 0.002275 0.004948 hargrave 2017-10-06 17:10:08 
TT 692 328.2  60.6 354.6  25.9 1.37E-06 004.0 196.3 -18.6 0.003296 0.008705 0.003158 hargrave 2017-10-08 17:35:12 
