TR010 -Ka mag compass orientation (IGRF corrected)
 549.08 189.3  80.0 290.0  42.5   1.0
NRM    030.4  12.6 031.7 -29.2 5.12E-05 002.3 260.4  22.6 0.185873 0.085451 0.063675 hargrave 2017-07-20 17:23:31 
TT 100 030.7  12.3 032.0 -29.5 4.99E-05 004.0 260.8  22.8 0.343450 0.072733 0.071826 hargrave 2017-07-21 17:02:05 
TT 200 030.6  12.2 031.9 -29.5 5.01E-05 002.1 260.8  22.7 0.164755 0.068397 0.067593 hargrave 2017-07-24 12:43:45 
TT 300 030.6  10.9 032.1 -30.8 4.96E-05 003.6 262.2  22.6 0.300153 0.061287 0.069859 hargrave 2017-07-25 09:49:37 
TT 350 030.6  10.7 032.1 -31.1 4.96E-05 002.1 262.5  22.5 0.153220 0.054883 0.078097 hargrave 2017-07-31 16:31:22 
TT 400 030.7  09.7 032.5 -32.0 4.94E-05 003.1 263.5  22.6 0.247042 0.062875 0.081598 hargrave 2017-08-01 14:39:26 
TT 450 030.6  10.2 032.3 -31.5 4.92E-05 001.7 263.0  22.5 0.122055 0.047578 0.069337 hargrave 2017-08-03 13:38:03 
TT 475 030.5  11.2 032.0 -30.5 4.90E-05 002.1 261.9  22.5 0.163065 0.061183 0.068474 hargrave 2017-08-04 10:13:44 
TT 500 030.3  10.7 031.9 -31.0 4.89E-05 001.7 262.4  22.3 0.109195 0.080108 0.067959 hargrave 2017-08-04 17:11:50 
TT 525 030.2  12.5 031.4 -29.4 4.81E-05 001.5 260.5  22.3 0.084760 0.074261 0.067968 hargrave 2017-08-07 15:53:56 
TT 550 030.1  11.2 031.6 -30.6 4.73E-05 001.9 261.9  22.2 0.135680 0.064697 0.066179 hargrave 2017-08-08 15:13:33 
TT 555 030.0  12.0 031.3 -29.8 4.76E-05 001.3 261.0  22.2 0.090798 0.063243 0.034884 hargrave 2017-08-09 14:35:32 
TT 555 030.2  11.9 031.5 -29.9 4.65E-05 002.6 261.1  22.3 0.188293 0.050447 0.086120 hargrave 2017-08-10 09:29:50 
TT 560 029.9  12.1 031.1 -29.7 4.61E-05 001.7 260.9  22.0 0.099749 0.053905 0.080512 hargrave 2017-08-16 15:01:37 
TT 565 029.8  11.5 031.1 -30.4 4.58E-05 001.4 261.6  21.9 0.078760 0.042209 0.077577 hargrave 2017-08-17 11:52:12 
TT 570 029.5  11.6 030.8 -30.2 4.55E-05 001.3 261.3  21.6 0.059491 0.047220 0.075679 hargrave 2017-08-17 21:08:24 
TT 575 029.1  13.5 030.1 -28.5 4.52E-05 001.4 259.4  21.4 0.072934 0.046906 0.077156 hargrave 2017-08-18 16:46:38 
TT 580 029.2  12.4 030.3 -29.5 4.50E-05 001.4 260.5  21.4 0.066758 0.051293 0.076094 hargrave 2017-08-21 13:48:33 
TT 600 029.5  10.6 031.0 -31.3 4.45E-05 001.2 262.4  21.5 0.053748 0.043620 0.074270 hargrave 2017-08-22 12:51:27 
TT 620 029.5  10.7 030.9 -31.2 4.38E-05 001.6 262.4  21.5 0.092164 0.048100 0.074629 hargrave 2017-08-23 11:52:00 
TT 630 029.3  12.0 030.5 -29.9 4.35E-05 001.4 260.9  21.4 0.058508 0.043173 0.078179 hargrave 2017-08-24 08:23:33 
TT 640 029.2  13.0 030.2 -29.0 4.30E-05 001.6 259.9  21.4 0.079742 0.044586 0.077942 hargrave 2017-08-24 16:33:06 
TT 645 029.4  10.6 030.8 -31.3 4.27E-05 001.3 262.4  21.4 0.057897 0.038629 0.072912 hargrave 2017-08-25 14:36:36 
TT 650 029.4  11.5 030.7 -30.4 4.24E-05 001.4 261.5  21.5 0.065668 0.041329 0.077316 hargrave 2017-08-29 15:51:29 
TT 655 029.4  12.1 030.7 -29.8 4.21E-05 001.5 260.8  21.6 0.066206 0.041409 0.080795 hargrave 2017-09-01 15:55:19 
TT 660 029.9  12.8 031.1 -29.0 4.21E-05 002.0 260.1  22.1 0.126397 0.024600 0.077658 hargrave 2017-09-08 18:17:46 
TT 665 030.2  11.8 031.5 -30.0 4.19E-05 001.5 261.2  22.3 0.074963 0.034607 0.082392 hargrave 2017-09-12 14:52:22 
TT 670 030.1  12.0 031.4 -29.9 4.15E-05 001.6 261.1  22.2 0.074660 0.046261 0.079062 hargrave 2017-09-14 18:22:04 
TT 672 030.2  10.8 031.7 -30.9 4.13E-05 002.6 262.3  22.2 0.166695 0.044684 0.074638 hargrave 2017-09-15 18:46:41 
TT 674 030.4  12.2 031.7 -29.6 4.10E-05 002.4 260.9  22.5 0.151193 0.036149 0.083379 hargrave 2017-09-19 14:23:17 
TT 676 030.5  10.0 032.2 -31.8 4.00E-05 001.8 263.3  22.4 0.095064 0.034766 0.083539 hargrave 2017-09-22 16:39:28 
TT 678 030.3  11.6 031.6 -30.2 3.99E-05 003.2 261.5  22.3 0.200688 0.039435 0.085109 hargrave 2017-09-24 14:30:44 
TT 680 030.3  10.1 032.0 -31.7 3.99E-05 001.6 263.1  22.2 0.073367 0.042099 0.078575 hargrave 2017-09-25 13:18:08 
TT 682 030.5  11.5 031.9 -30.2 3.56E-05 001.6 261.6  22.6 0.060224 0.040994 0.073066 hargrave 2017-09-26 18:59:47 
TT 684 030.6  11.5 032.1 -30.2 3.46E-05 003.7 261.6  22.7 0.216045 0.022893 0.068964 hargrave 2017-10-01 23:08:47 
TT 686 032.9  09.6 035.0 -31.8 1.45E-05 002.2 264.0  24.7 0.043422 0.026527 0.025202 hargrave 2017-10-03 09:50:41 
TT 688 036.5  15.9 037.6 -24.9 8.55E-06 003.2 257.3  28.8 0.043017 0.019165 0.015016 hargrave 2017-10-05 14:37:45 
TT 690 029.3  06.4 031.4 -35.5 5.12E-06 002.7 266.9  20.8 0.021080 0.009392 0.009214 hargrave 2017-10-06 17:08:42 
TT 692 033.6  19.6 033.8 -21.8 2.48E-06 002.3 253.0  26.1 0.006330 0.004685 0.007435 hargrave 2017-10-08 17:34:03 
