TR010 -Ha mag compass orientation (IGRF corrected)
 543.73 215.3  80.0 290.0  42.5   1.0
NRM    347.7 -10.2 333.2 -43.8 3.15E-05 003.5 274.2 -48.3 0.182424 0.073605 0.047260 hargrave 2017-07-20 17:19:38 
TT 100 347.4 -12.7 331.1 -45.9 3.13E-05 004.2 277.9 -48.6 0.222398 0.072193 0.042206 hargrave 2017-07-21 16:58:13 
TT 200 347.5 -14.2 330.0 -47.1 3.14E-05 003.9 280.1 -48.6 0.199055 0.071015 0.045705 hargrave 2017-07-24 12:39:55 
TT 300 347.5 -14.4 329.8 -47.3 3.13E-05 003.1 280.5 -48.6 0.150899 0.076338 0.043486 hargrave 2017-07-25 09:45:46 
TT 350 347.7 -12.6 331.4 -45.9 3.13E-05 002.9 277.8 -48.4 0.141805 0.080520 0.036805 hargrave 2017-07-31 16:26:25 
TT 400 347.5 -13.9 330.2 -46.9 3.12E-05 001.9 279.7 -48.6 0.074724 0.087130 0.035435 hargrave 2017-08-01 14:34:29 
TT 450 347.4 -14.5 329.6 -47.4 3.10E-05 003.3 280.7 -48.7 0.166760 0.079642 0.037677 hargrave 2017-08-03 13:34:03 
TT 475 347.4 -14.4 329.7 -47.2 3.08E-05 002.5 280.4 -48.7 0.121398 0.066850 0.038307 hargrave 2017-08-04 10:09:53 
TT 500 347.2 -15.3 328.7 -47.9 3.04E-05 003.5 281.8 -48.9 0.172673 0.079831 0.038308 hargrave 2017-08-04 17:07:45 
TT 525 346.7 -16.6 327.1 -48.7 2.99E-05 002.5 283.8 -49.2 0.107297 0.080448 0.040518 hargrave 2017-08-07 15:49:09 
TT 550 346.5 -16.5 326.8 -48.6 2.94E-05 001.8 283.8 -49.5 0.052978 0.080286 0.040246 hargrave 2017-08-08 15:08:46 
TT 555 346.7 -16.5 327.1 -48.6 2.94E-05 001.3 283.7 -49.3 0.048407 0.060244 0.030000 hargrave 2017-08-09 14:30:01 
TT 555 347.2 -16.1 328.1 -48.6 2.89E-05 002.3 283.1 -48.8 0.096890 0.089127 0.032413 hargrave 2017-08-10 09:25:03 
TT 560 347.2 -16.3 328.0 -48.8 2.84E-05 002.0 283.3 -48.8 0.074782 0.081397 0.032652 hargrave 2017-08-16 14:56:51 
TT 565 347.1 -16.2 327.9 -48.6 2.79E-05 001.7 283.2 -48.9 0.051386 0.082508 0.030381 hargrave 2017-08-17 11:47:24 
TT 570 347.1 -16.6 327.6 -48.9 2.75E-05 001.8 283.8 -48.9 0.062576 0.078362 0.023764 hargrave 2017-08-17 21:03:39 
TT 575 347.0 -15.9 328.1 -48.3 2.72E-05 001.7 282.7 -49.0 0.058220 0.068496 0.020421 hargrave 2017-08-18 16:41:46 
TT 580 347.1 -16.5 327.6 -48.9 2.68E-05 001.6 283.7 -48.9 0.049199 0.064138 0.025257 hargrave 2017-08-21 13:43:48 
TT 600 346.9 -16.8 327.1 -49.0 2.59E-05 002.0 284.2 -49.1 0.079743 0.052686 0.023000 hargrave 2017-08-22 12:46:36 
TT 620 347.1 -18.8 325.6 -50.7 2.52E-05 001.7 287.1 -48.7 0.059079 0.051484 0.024055 hargrave 2017-08-23 11:47:13 
TT 630 347.1 -18.3 326.0 -50.4 2.45E-05 001.5 286.4 -48.8 0.049275 0.041778 0.022119 hargrave 2017-08-24 08:18:46 
TT 640 348.0 -18.4 327.1 -51.0 2.44E-05 001.8 286.5 -47.8 0.065117 0.040219 0.023046 hargrave 2017-08-24 16:28:19 
TT 645 346.8 -18.6 325.4 -50.5 2.39E-05 001.6 286.9 -49.0 0.049238 0.043994 0.022384 hargrave 2017-08-25 14:31:50 
TT 650 347.6 -18.2 326.9 -50.5 2.40E-05 002.4 286.1 -48.2 0.088215 0.046406 0.027726 hargrave 2017-08-29 15:46:42 
TT 655 346.8 -18.0 326.0 -50.0 2.37E-05 001.6 286.0 -49.0 0.053008 0.042665 0.023016 hargrave 2017-09-01 15:49:44 
TT 660 347.3 -17.5 327.0 -49.8 2.37E-05 002.8 285.1 -48.6 0.106515 0.040309 0.026529 hargrave 2017-09-08 18:13:02 
TT 665 346.2 -19.2 324.2 -50.6 2.33E-05 002.4 288.0 -49.4 0.088114 0.042186 0.030072 hargrave 2017-09-12 14:47:52 
TT 670 347.3 -17.6 326.9 -50.0 2.30E-05 001.8 285.4 -48.6 0.058580 0.036213 0.026330 hargrave 2017-09-14 18:17:14 
TT 672 347.5 -17.3 327.4 -49.7 2.30E-05 001.7 284.8 -48.5 0.050720 0.042542 0.024404 hargrave 2017-09-15 18:41:57 
TT 674 346.9 -18.6 325.6 -50.5 2.23E-05 001.8 286.9 -48.9 0.054478 0.039136 0.026480 hargrave 2017-09-19 14:18:30 
TT 676 345.8 -22.8 320.1 -53.2 2.08E-05 001.7 293.5 -49.3 0.040208 0.041184 0.024447 hargrave 2017-09-22 16:34:37 
TT 678 346.4 -22.9 320.8 -53.6 2.06E-05 003.6 293.4 -48.7 0.113434 0.056684 0.026190 hargrave 2017-09-24 14:25:55 
TT 680 347.2 -20.4 324.3 -52.1 1.96E-05 002.2 289.5 -48.3 0.058902 0.047671 0.021049 hargrave 2017-09-25 13:13:21 
TT 682 344.6 -25.2 316.1 -54.3 9.62E-06 002.4 297.4 -49.8 0.033089 0.021366 0.015336 hargrave 2017-09-26 18:55:01 
TT 684 347.2 -21.5 323.0 -53.0 7.49E-06 003.9 291.3 -48.2 0.050397 0.016786 0.011481 hargrave 2017-10-01 23:03:58 
TT 686 355.0 -24.7 330.3 -59.8 2.79E-06 003.2 294.0 -40.6 0.011032 0.009340 0.014360 hargrave 2017-10-03 09:45:58 
TT 688 265.6 -05.3 268.1  12.1 2.33E-07 036.3 093.9 -50.4 0.006368 0.008315 0.016123 hargrave 2017-10-05 14:33:03 
TT 688 264.5 -07.5 265.8  11.1 2.29E-07 034.5 090.2 -49.6 0.005587 0.007791 0.015324 hargrave 2017-10-05 16:37:10 
TT 688 265.9 -08.5 266.2  09.4 2.34E-07 032.5 088.8 -51.1 0.005048 0.006819 0.015204 hargrave 2017-10-05 17:46:12 
TT 690 102.4  65.1 052.6  39.1 1.38E-06 009.7 191.3  32.7 0.005957 0.016466 0.017152 hargrave 2017-10-06 17:03:51 
TT 690 107.8  65.7 053.2  41.4 1.39E-06 010.3 188.5  33.0 0.005011 0.018984 0.017220 hargrave 2017-10-06 20:03:12 
TT 690 107.2  65.3 053.6  41.0 1.40E-06 008.8 189.0  33.3 0.004855 0.014212 0.016892 hargrave 2017-10-06 21:52:30 
TT 692 273.9  59.6 334.5  46.9 8.72E-07 012.5 164.1 -16.0 0.004953 0.009095 0.016731 hargrave 2017-10-08 17:28:52 
TT 692 267.0  64.1 340.2  51.1 5.30E-07 037.9 164.0 -10.5 0.041689 0.013037 0.014283 hargrave 2017-10-08 19:46:31 
