TR010 -Ja mag compass orientation (IGRF corrected)
  548.5 180.3  45.0 290.0  42.5   1.0
NRM    107.1 -53.7 151.4 -37.9 3.81E-06 005.5 010.0 -09.7 0.003970 0.028563 0.023751 hargrave 2017-07-20 17:22:16 
TT 100 129.7 -58.6 165.2 -30.7 5.51E-06 002.6 020.4 -18.6 0.006901 0.015477 0.021155 hargrave 2017-07-21 17:00:51 
TT 200 133.0 -58.4 166.4 -29.3 5.81E-06 002.9 022.1 -19.3 0.033698 0.021663 0.017739 hargrave 2017-07-24 12:42:33 
TT 300 135.0 -57.8 166.8 -28.2 5.99E-06 002.9 023.4 -19.3 0.032620 0.022887 0.017406 hargrave 2017-07-25 09:48:23 
TT 350 135.0 -57.8 166.8 -28.1 6.21E-06 002.4 023.4 -19.3 0.015520 0.016188 0.019935 hargrave 2017-07-31 16:29:49 
TT 400 138.0 -57.0 167.5 -26.4 6.30E-06 002.6 025.3 -19.5 0.017321 0.020267 0.018760 hargrave 2017-08-01 14:37:49 
TT 450 136.2 -58.4 167.8 -28.1 6.40E-06 001.9 023.7 -20.1 0.013422 0.014400 0.016611 hargrave 2017-08-03 13:36:45 
TT 475 140.5 -57.1 168.7 -25.7 6.51E-06 001.9 026.4 -20.4 0.014435 0.019158 0.017265 hargrave 2017-08-04 10:12:31 
TT 500 142.9 -57.1 169.8 -24.8 6.60E-06 001.7 027.6 -21.1 0.017458 0.017771 0.016950 hargrave 2017-08-04 17:10:29 
TT 525 144.2 -57.2 170.5 -24.4 6.69E-06 002.5 028.1 -21.6 0.016432 0.024670 0.016201 hargrave 2017-08-07 15:52:24 
TT 550 148.1 -57.0 172.3 -23.0 6.73E-06 003.5 030.0 -22.8 0.020217 0.035759 0.016760 hargrave 2017-08-08 15:12:01 
TT 555 148.7 -57.5 172.9 -23.3 6.88E-06 003.2 029.9 -23.4 0.020684 0.032447 0.016324 hargrave 2017-08-09 14:34:01 
TT 555 148.8 -57.2 172.7 -23.0 6.76E-06 002.8 030.2 -23.2 0.017252 0.028323 0.014922 hargrave 2017-08-10 09:28:18 
TT 560 146.9 -57.3 171.8 -23.6 6.80E-06 002.4 029.3 -22.6 0.015436 0.023294 0.016610 hargrave 2017-08-16 15:00:06 
TT 565 149.8 -57.0 173.1 -22.5 6.84E-06 003.5 030.8 -23.4 0.020992 0.035045 0.016864 hargrave 2017-08-17 11:50:39 
TT 570 149.2 -57.1 172.8 -22.8 6.87E-06 003.6 030.4 -23.3 0.021201 0.037282 0.016449 hargrave 2017-08-17 21:06:52 
TT 575 151.7 -56.2 173.5 -21.2 6.91E-06 004.8 032.2 -23.5 0.029739 0.050074 0.018341 hargrave 2017-08-18 16:45:06 
TT 580 150.9 -57.9 174.1 -22.9 6.90E-06 003.6 030.6 -24.5 0.021068 0.038165 0.016629 hargrave 2017-08-21 13:47:01 
TT 600 152.6 -57.6 174.8 -22.2 6.90E-06 003.0 031.5 -24.9 0.018694 0.030797 0.017980 hargrave 2017-08-22 12:49:56 
TT 620 153.2 -57.9 175.2 -22.2 6.78E-06 003.4 031.6 -25.3 0.019332 0.035809 0.016414 hargrave 2017-08-23 11:50:28 
TT 630 155.3 -55.0 174.7 -19.2 6.72E-06 003.6 034.7 -24.1 0.019928 0.037071 0.016515 hargrave 2017-08-24 08:22:02 
TT 640 153.4 -56.2 174.4 -20.7 6.73E-06 003.9 033.0 -24.2 0.023183 0.039891 0.017312 hargrave 2017-08-24 16:31:34 
TT 645 156.0 -54.8 175.0 -18.8 6.80E-06 004.1 035.1 -24.2 0.024341 0.043052 0.016773 hargrave 2017-08-25 14:35:04 
TT 650 153.9 -55.2 174.1 -19.8 6.75E-06 003.7 033.9 -23.7 0.022575 0.037434 0.015874 hargrave 2017-08-29 15:49:56 
TT 655 155.0 -54.9 174.5 -19.2 6.93E-06 003.0 034.7 -23.8 0.018313 0.032277 0.014727 hargrave 2017-09-01 15:53:47 
TT 660 153.2 -55.7 174.0 -20.4 6.83E-06 007.0 033.2 -23.7 0.044506 0.075377 0.020737 hargrave 2017-09-08 18:16:15 
TT 660 086.5 -44.5 132.0 -45.1 5.26E-06 041.2 357.3  00.5 0.053279 0.331043 0.316124 hargrave 2017-09-10 09:43:15 
TT 660 156.8 -56.8 176.5 -20.4 6.84E-06 003.4 033.9 -26.0 0.038727 0.030668 0.008222 hargrave 2017-09-10 09:57:02 
TT 665 153.1 -54.9 173.5 -19.7 6.91E-06 005.0 033.8 -23.1 0.033960 0.054132 0.022374 hargrave 2017-09-12 14:50:56 
TT 670 152.7 -55.3 173.5 -20.2 6.85E-06 004.6 033.3 -23.2 0.034335 0.050240 0.018990 hargrave 2017-09-14 18:20:33 
TT 672 155.3 -53.8 174.1 -18.2 6.77E-06 006.2 035.6 -23.2 0.042545 0.065720 0.018193 hargrave 2017-09-15 18:45:11 
TT 674 151.7 -55.9 173.4 -21.0 6.59E-06 004.9 032.4 -23.3 0.035424 0.050786 0.019025 hargrave 2017-09-19 14:21:46 
TT 676 155.9 -52.6 173.8 -16.9 6.44E-06 006.6 036.8 -22.6 0.043471 0.064442 0.021496 hargrave 2017-09-22 16:37:57 
TT 678 153.8 -53.6 173.1 -18.4 6.39E-06 007.7 035.1 -22.4 0.048297 0.074975 0.021715 hargrave 2017-09-24 14:29:11 
TT 678 155.5 -55.5 175.1 -19.5 6.38E-06 006.1 034.4 -24.5 0.036207 0.056876 0.012544 hargrave 2017-09-24 16:04:58 
TT 680 149.6 -56.1 172.4 -21.8 6.35E-06 004.8 031.3 -22.7 0.034193 0.048227 0.018313 hargrave 2017-09-25 13:16:36 
TT 682 165.1 -50.6 178.2 -12.6 4.89E-06 003.6 042.7 -25.4 0.018178 0.025271 0.008862 hargrave 2017-09-26 18:58:16 
TT 684 156.1 -50.7 173.0 -15.2 4.54E-06 006.0 038.3 -21.3 0.027547 0.039482 0.006599 hargrave 2017-10-01 23:07:15 
TT 686 154.4 -59.0 176.5 -22.8 8.52E-07 005.5 031.2 -26.5 0.002967 0.004387 0.008105 hargrave 2017-10-03 09:49:12 
TT 688 170.9 -49.4 181.3 -10.1 1.18E-06 004.7 046.4 -27.5 0.003742 0.006897 0.009008 hargrave 2017-10-05 14:36:15 
TT 690 268.9 -36.2 250.8 -13.8 5.95E-07 004.7 172.7 -81.1 0.003313 0.003369 0.010172 hargrave 2017-10-06 17:07:11 
TT 692 297.5  18.7 308.2  08.8 5.18E-07 008.7 207.7 -21.6 0.001814 0.003201 0.007914 hargrave 2017-10-08 17:32:51 
TT 692 297.3  19.3 308.4  09.4 5.05E-07 009.2 207.3 -21.2 0.002478 0.002948 0.008109 hargrave 2017-10-08 19:51:18 
