TR010 -Ga mag compass orientation (IGRF corrected)
 543.66 205.3  76.0 290.0  42.5   1.0
NRM    007.4 -17.1 357.0 -57.9 3.59E-05 002.6 283.3 -20.8 0.141059 0.108917 0.077401 hargrave 2017-07-20 17:16:57 
TT 100 006.0 -12.6 356.9 -53.2 3.52E-05 004.9 278.2 -21.4 0.294274 0.112511 0.069506 hargrave 2017-07-21 16:54:14 
TT 200 005.6 -11.2 356.8 -51.7 3.54E-05 002.6 276.7 -21.6 0.150593 0.088278 0.068295 hargrave 2017-07-24 12:35:56 
TT 300 006.4 -14.0 356.7 -54.7 3.55E-05 005.8 279.8 -21.3 0.359468 0.120470 0.072659 hargrave 2017-07-25 09:41:46 
TT 350 005.9 -13.3 356.3 -53.8 3.53E-05 001.7 278.9 -21.7 0.060799 0.062944 0.074345 hargrave 2017-07-31 16:22:10 
TT 400 005.9 -13.2 356.4 -53.7 3.52E-05 001.6 278.9 -21.6 0.058448 0.063457 0.069315 hargrave 2017-08-01 14:31:13 
TT 450 006.1 -13.0 356.7 -53.6 3.51E-05 003.7 278.7 -21.4 0.217178 0.091143 0.065038 hargrave 2017-08-03 13:31:24 
TT 475 005.6 -11.4 356.7 -52.0 3.48E-05 002.7 277.0 -21.6 0.152183 0.090528 0.065512 hargrave 2017-08-04 10:07:13 
TT 500 006.2 -13.8 356.6 -54.4 3.47E-05 003.7 279.6 -21.4 0.212946 0.116011 0.066731 hargrave 2017-08-04 17:05:05 
TT 525 006.0 -12.9 356.7 -53.4 3.39E-05 003.0 278.5 -21.5 0.159394 0.072665 0.066620 hargrave 2017-08-07 15:45:56 
TT 550 006.2 -14.3 356.4 -54.9 3.35E-05 002.2 280.1 -21.5 0.097635 0.068972 0.070439 hargrave 2017-08-08 15:05:34 
TT 555 006.3 -14.5 356.4 -55.1 3.37E-05 001.4 280.3 -21.5 0.065059 0.054082 0.035234 hargrave 2017-08-09 14:26:51 
TT 555 006.2 -13.3 356.7 -53.9 3.32E-05 001.8 279.0 -21.4 0.057763 0.078354 0.065317 hargrave 2017-08-10 09:20:13 
TT 560 006.0 -12.6 356.8 -53.2 3.28E-05 001.9 278.3 -21.4 0.069680 0.079189 0.061297 hargrave 2017-08-16 14:53:39 
TT 565 005.9 -12.7 356.6 -53.3 3.25E-05 001.8 278.4 -21.5 0.063127 0.073152 0.060971 hargrave 2017-08-17 11:43:24 
TT 570 005.9 -12.9 356.4 -53.4 3.23E-05 001.9 278.5 -21.6 0.069458 0.072094 0.062597 hargrave 2017-08-17 20:58:52 
TT 575 005.8 -12.3 356.6 -52.9 3.19E-05 002.4 277.9 -21.6 0.100899 0.070499 0.066366 hargrave 2017-08-18 16:38:33 
TT 580 005.8 -12.1 356.7 -52.6 3.16E-05 002.0 277.7 -21.6 0.077677 0.065641 0.063375 hargrave 2017-08-21 13:40:32 
TT 600 006.0 -12.0 357.1 -52.6 3.08E-05 002.3 277.6 -21.4 0.096283 0.053780 0.064695 hargrave 2017-08-22 12:43:26 
TT 620 006.1 -11.1 357.6 -51.8 3.03E-05 003.5 276.7 -21.1 0.168387 0.065641 0.063102 hargrave 2017-08-23 11:44:01 
TT 630 006.3 -11.9 357.5 -52.6 2.97E-05 003.0 277.5 -21.1 0.135592 0.066720 0.064114 hargrave 2017-08-24 08:15:35 
TT 640 006.4 -10.8 358.2 -51.6 2.96E-05 002.4 276.5 -20.7 0.100624 0.066272 0.062831 hargrave 2017-08-24 16:25:07 
TT 645 006.2 -11.5 357.6 -52.1 2.91E-05 002.4 277.1 -21.0 0.094374 0.068162 0.061279 hargrave 2017-08-25 14:28:38 
TT 650 006.3 -11.2 357.9 -51.9 2.92E-05 002.8 276.9 -20.9 0.121864 0.062376 0.063554 hargrave 2017-08-29 15:43:31 
TT 655 005.9 -10.5 357.5 -51.1 2.88E-05 002.5 276.0 -21.2 0.102704 0.059955 0.058110 hargrave 2017-09-01 15:45:40 
TT 660 006.9 -13.0 358.1 -53.8 2.90E-05 002.1 278.9 -20.6 0.067239 0.073092 0.070659 hargrave 2017-09-08 18:09:52 
TT 665 006.8 -13.6 357.6 -54.4 2.86E-05 001.9 279.5 -20.9 0.058491 0.069995 0.067139 hargrave 2017-09-12 14:44:45 
TT 670 006.9 -11.9 358.5 -52.7 2.84E-05 002.1 277.7 -20.5 0.066222 0.073230 0.072164 hargrave 2017-09-14 18:14:02 
TT 672 007.3 -15.2 357.7 -56.1 2.82E-05 002.5 281.3 -20.6 0.087513 0.075538 0.076555 hargrave 2017-09-15 18:38:46 
TT 674 007.1 -13.4 358.1 -54.2 2.73E-05 002.3 279.3 -20.6 0.070578 0.076197 0.068732 hargrave 2017-09-19 14:15:19 
TT 676 006.7 -11.9 358.2 -52.7 2.56E-05 002.1 277.6 -20.7 0.057804 0.069701 0.061938 hargrave 2017-09-22 16:29:48 
TT 678 006.8 -13.5 357.7 -54.3 2.48E-05 003.3 279.4 -20.8 0.114471 0.077711 0.066943 hargrave 2017-09-24 14:22:42 
TT 680 007.0 -13.9 357.8 -54.7 2.33E-05 003.5 279.8 -20.7 0.111889 0.079933 0.071438 hargrave 2017-09-25 13:10:09 
TT 682 008.3 -14.9 359.5 -56.0 1.13E-05 002.1 281.1 -19.7 0.019230 0.014153 0.038697 hargrave 2017-09-26 18:51:48 
TT 684 008.8 -11.5 001.7 -52.8 8.29E-06 002.8 277.6 -18.5 0.036162 0.009588 0.020863 hargrave 2017-10-01 22:59:18 
TT 686 014.3 -06.8 011.4 -49.0 2.75E-06 003.2 274.0 -12.2 0.007506 0.004296 0.013537 hargrave 2017-10-03 09:41:19 
TT 688 003.3 -00.2 357.8 -40.5 1.25E-06 005.4 264.6 -21.4 0.006351 0.002481 0.010065 hargrave 2017-10-05 14:26:46 
TT 690 359.5  30.1 002.1 -10.3 9.43E-07 006.2 233.5 -14.1 0.003756 0.003767 0.009579 hargrave 2017-10-06 16:59:08 
TT 692 240.7  34.3 281.4  57.0 6.39E-07 008.3 134.5 -19.2 0.004489 0.003881 0.007572 hargrave 2017-10-08 17:24:44 
TT 692 242.0  34.6 283.0  56.3 6.28E-07 009.2 135.4 -19.9 0.005756 0.003244 0.008249 hargrave 2017-10-08 19:42:35 
