TR010 -Ba mag compass orientation (IGRF corrected)
 533.98 124.3  70.0 290.0  42.5   1.0
NRM    133.8 -60.8 168.7 -30.7 2.44E-05 002.4 031.3 -22.0 0.081986 0.064751 0.069192 hargrave 2017-07-20 17:10:12 
TT 100 136.0 -60.4 169.3 -29.7 2.54E-05 003.4 031.7 -23.0 0.103353 0.135976 0.048509 hargrave 2017-07-21 16:47:31 
TT 200 138.0 -60.3 170.0 -28.9 2.58E-05 002.4 031.8 -24.0 0.096689 0.092775 0.047343 hargrave 2017-07-24 12:29:14 
TT 300 138.4 -60.1 170.1 -28.6 2.60E-05 002.7 032.0 -24.3 0.112780 0.110283 0.049116 hargrave 2017-07-25 09:35:03 
TT 350 140.6 -61.8 172.2 -29.2 2.57E-05 002.4 030.1 -25.2 0.051371 0.082400 0.063428 hargrave 2017-07-31 16:13:37 
TT 400 140.8 -60.3 171.1 -27.9 2.59E-05 002.2 031.8 -25.4 0.051535 0.069883 0.064696 hargrave 2017-08-01 14:22:36 
TT 450 140.7 -59.6 170.6 -27.5 2.66E-05 002.9 032.6 -25.4 0.098626 0.118206 0.048625 hargrave 2017-08-03 13:24:28 
TT 475 141.7 -61.4 172.4 -28.5 2.67E-05 003.0 030.5 -25.8 0.088352 0.129510 0.052951 hargrave 2017-08-04 10:00:21 
TT 500 142.0 -59.8 171.3 -27.2 2.66E-05 003.2 032.3 -26.1 0.107824 0.130136 0.050502 hargrave 2017-08-04 16:58:00 
TT 525 143.1 -58.8 171.1 -26.1 2.62E-05 002.6 033.2 -26.7 0.052323 0.105338 0.054235 hargrave 2017-08-07 15:37:37 
TT 550 145.1 -59.5 172.5 -26.0 2.63E-05 001.8 032.4 -27.6 0.059003 0.058657 0.050364 hargrave 2017-08-08 14:57:17 
TT 555 146.2 -59.8 173.2 -25.9 2.66E-05 001.1 032.0 -28.1 0.040674 0.053919 0.024952 hargrave 2017-08-09 14:18:40 
TT 555 146.0 -59.8 173.1 -25.9 2.61E-05 001.6 032.0 -28.1 0.045839 0.051459 0.045157 hargrave 2017-08-10 09:11:06 
TT 560 146.8 -60.7 174.1 -26.4 2.59E-05 001.6 030.9 -28.3 0.050359 0.045653 0.043405 hargrave 2017-08-16 14:45:19 
TT 565 146.2 -59.7 173.2 -25.8 2.58E-05 002.0 032.0 -28.2 0.063164 0.065949 0.040802 hargrave 2017-08-17 11:35:04 
TT 570 147.0 -59.6 173.4 -25.5 2.59E-05 001.7 032.1 -28.6 0.056067 0.052199 0.040325 hargrave 2017-08-17 20:50:35 
TT 575 147.7 -59.8 173.8 -25.4 2.57E-05 001.7 031.9 -28.9 0.052461 0.057124 0.042277 hargrave 2017-08-18 16:30:06 
TT 580 148.6 -59.7 174.2 -25.1 2.57E-05 001.6 031.8 -29.3 0.049378 0.053646 0.042074 hargrave 2017-08-21 13:32:15 
TT 600 148.3 -59.8 174.1 -25.2 2.57E-05 001.8 031.8 -29.2 0.056450 0.056847 0.043677 hargrave 2017-08-22 12:35:09 
TT 620 148.4 -60.2 174.4 -25.5 2.50E-05 001.9 031.3 -29.2 0.050372 0.066442 0.044066 hargrave 2017-08-23 11:35:42 
TT 630 147.3 -59.3 173.3 -25.2 2.48E-05 002.1 032.4 -28.8 0.058952 0.070902 0.041738 hargrave 2017-08-24 08:07:17 
TT 640 147.1 -60.9 174.3 -26.5 2.47E-05 001.9 030.7 -28.4 0.055967 0.058865 0.049053 hargrave 2017-08-24 16:16:48 
TT 645 146.8 -59.6 173.4 -25.6 2.47E-05 002.1 032.1 -28.5 0.061625 0.061047 0.049266 hargrave 2017-08-25 14:20:21 
TT 650 147.2 -60.6 174.2 -26.2 2.42E-05 001.8 030.9 -28.5 0.047688 0.056579 0.049046 hargrave 2017-08-29 15:35:10 
TT 655 147.0 -59.3 173.2 -25.2 2.45E-05 001.8 032.5 -28.6 0.056247 0.056083 0.038848 hargrave 2017-09-01 15:37:26 
TT 660 146.7 -59.2 173.0 -25.3 2.45E-05 002.4 032.6 -28.5 0.093201 0.069783 0.027640 hargrave 2017-09-08 18:02:16 
TT 665 146.4 -58.8 172.6 -25.0 2.45E-05 003.2 033.1 -28.4 0.105229 0.103977 0.029669 hargrave 2017-09-12 14:37:30 
TT 670 146.2 -61.1 174.1 -26.9 2.39E-05 001.9 030.5 -28.0 0.087723 0.052841 0.035450 hargrave 2017-09-14 18:06:23 
TT 672 146.2 -57.3 171.5 -23.9 2.40E-05 002.9 034.8 -28.5 0.106364 0.075858 0.038901 hargrave 2017-09-15 18:31:07 
TT 672 146.9 -59.0 173.0 -25.0 2.41E-05 002.8 032.8 -28.6 0.107616 0.068681 0.045069 hargrave 2017-09-16 15:43:45 
TT 674 147.2 -60.8 174.3 -26.4 2.36E-05 003.1 030.7 -28.5 0.105874 0.085264 0.032918 hargrave 2017-09-19 14:06:52 
TT 676 145.3 -56.4 170.5 -23.5 2.31E-05 005.0 035.8 -28.1 0.144927 0.145698 0.033339 hargrave 2017-09-22 16:22:11 
TT 678 144.6 -58.1 171.3 -25.0 2.11E-05 003.8 034.0 -27.6 0.118224 0.097945 0.037629 hargrave 2017-09-24 14:15:01 
TT 680 145.3 -57.7 171.4 -24.5 1.51E-05 003.6 034.4 -28.0 0.075202 0.067723 0.038767 hargrave 2017-09-25 13:02:32 
TT 682 142.1 -54.9 167.9 -23.3 1.10E-05 002.6 037.7 -26.4 0.040611 0.037198 0.015766 hargrave 2017-09-26 18:43:23 
TT 684 148.3 -50.4 168.3 -17.5 5.69E-06 005.1 042.5 -30.5 0.040632 0.028535 0.015724 hargrave 2017-10-01 22:51:36 
TT 686 163.2 -77.6 190.7 -37.1 2.29E-06 004.8 010.9 -27.4 0.008874 0.007872 0.015743 hargrave 2017-10-03 09:33:47 
TT 688 110.8 -19.4 123.9 -13.7 8.22E-07 008.8 067.1  05.4 0.005008 0.008327 0.009923 hargrave 2017-10-05 14:19:12 
TT 688 109.9 -19.4 123.3 -14.2 8.21E-07 008.0 066.7  06.1 0.005611 0.008514 0.007547 hargrave 2017-10-05 16:30:34 
TT 688 110.1 -20.9 124.5 -15.1 8.17E-07 008.2 065.5  05.4 0.005634 0.008410 0.007932 hargrave 2017-10-05 17:39:39 
TT 690 350.3 -43.6 289.7 -69.0 8.62E-07 010.7 328.6  14.7 0.007574 0.004690 0.013833 hargrave 2017-10-06 16:49:56 
TT 690 347.1 -43.1 288.6 -66.6 8.54E-07 012.1 326.6  13.4 0.010443 0.007454 0.013177 hargrave 2017-10-06 19:52:28 
TT 690 348.5 -44.0 287.4 -67.9 8.64E-07 010.3 328.0  13.5 0.009117 0.006468 0.011572 hargrave 2017-10-06 21:41:36 
TT 692 152.2  42.4 100.6  56.3 1.00E-06 007.3 139.1 -05.4 0.007389 0.007123 0.008264 hargrave 2017-10-08 17:17:58 
TT 692 150.0  40.0 103.1  53.8 9.96E-07 006.9 136.1 -05.3 0.007556 0.006692 0.007346 hargrave 2017-10-08 19:36:22 
