TR010 -Aa mag compass orientation (IGRF corrected)
  533.9 137.3  46.0 290.0  42.5   1.0
NRM    124.2 -60.9 165.2 -34.3 5.04E-05 002.2 033.9 -31.8 0.090237 0.137061 0.137746 hargrave 2017-07-20 17:08:05 
TT 100 122.1 -62.4 165.9 -36.0 5.13E-05 002.7 031.8 -31.9 0.092220 0.228025 0.093077 hargrave 2017-07-21 16:46:08 
TT 200 124.5 -61.9 166.2 -34.8 5.19E-05 002.2 033.0 -32.5 0.081075 0.171700 0.111786 hargrave 2017-07-24 12:27:51 
TT 300 127.2 -60.8 166.2 -33.1 5.24E-05 002.8 034.9 -33.0 0.062697 0.239492 0.105358 hargrave 2017-07-25 09:33:39 
TT 350 125.6 -63.5 168.2 -35.4 5.21E-05 002.6 031.7 -33.8 0.131148 0.166180 0.129902 hargrave 2017-07-31 16:11:54 
TT 400 125.2 -64.5 169.0 -36.1 5.24E-05 002.2 030.6 -34.2 0.139605 0.102128 0.122616 hargrave 2017-08-01 14:20:50 
TT 450 128.3 -62.4 168.0 -33.7 5.32E-05 002.2 033.7 -34.3 0.050294 0.189254 0.098831 hargrave 2017-08-03 13:23:00 
TT 475 127.5 -63.3 168.7 -34.6 5.33E-05 002.6 032.4 -34.4 0.089938 0.225350 0.107670 hargrave 2017-08-04 09:58:49 
TT 500 129.2 -62.9 168.9 -33.7 5.29E-05 001.8 033.4 -34.9 0.074718 0.124667 0.101156 hargrave 2017-08-04 16:56:37 
TT 525 129.3 -63.9 169.8 -34.3 5.24E-05 002.0 032.3 -35.4 0.133425 0.090737 0.109250 hargrave 2017-08-07 15:35:54 
TT 550 131.1 -63.3 169.9 -33.3 5.24E-05 002.1 033.4 -35.9 0.143454 0.094904 0.106704 hargrave 2017-08-08 14:55:35 
TT 555 130.7 -64.2 170.6 -34.1 5.32E-05 001.3 032.3 -36.1 0.083234 0.079906 0.049906 hargrave 2017-08-09 14:17:00 
TT 555 129.4 -64.9 170.8 -34.9 5.21E-05 001.9 031.3 -35.9 0.121665 0.102348 0.083721 hargrave 2017-08-10 09:09:24 
TT 560 130.1 -64.9 171.0 -34.7 5.21E-05 001.7 031.5 -36.2 0.111784 0.082235 0.080390 hargrave 2017-08-16 14:43:37 
TT 565 130.4 -64.8 171.0 -34.5 5.18E-05 001.9 031.6 -36.3 0.117564 0.096053 0.078330 hargrave 2017-08-17 11:33:22 
TT 570 131.1 -64.9 171.3 -34.3 5.17E-05 001.8 031.7 -36.6 0.099727 0.109778 0.078573 hargrave 2017-08-17 20:48:53 
TT 575 132.2 -64.3 171.2 -33.6 5.14E-05 003.1 032.6 -36.8 0.151676 0.223765 0.080321 hargrave 2017-08-18 16:28:24 
TT 580 132.2 -64.8 171.7 -34.0 5.11E-05 002.0 032.0 -37.0 0.103864 0.130204 0.079316 hargrave 2017-08-21 13:30:34 
TT 600 132.6 -65.0 172.0 -34.0 5.05E-05 002.6 031.9 -37.2 0.125581 0.180117 0.081804 hargrave 2017-08-22 12:33:28 
TT 620 133.2 -66.0 173.0 -34.4 4.94E-05 001.7 030.9 -37.8 0.082846 0.093948 0.082569 hargrave 2017-08-23 11:34:00 
TT 630 136.0 -64.1 172.3 -32.2 4.88E-05 003.0 033.8 -38.1 0.153839 0.188168 0.076312 hargrave 2017-08-24 08:05:35 
TT 640 135.8 -65.3 173.3 -33.2 4.82E-05 002.4 032.2 -38.6 0.123399 0.141686 0.081638 hargrave 2017-08-24 16:15:05 
TT 645 136.6 -65.1 173.4 -32.8 4.82E-05 002.0 032.7 -38.8 0.103889 0.116478 0.079204 hargrave 2017-08-25 14:18:38 
TT 650 136.2 -65.5 173.6 -33.2 4.77E-05 002.2 032.1 -38.8 0.112453 0.118179 0.080221 hargrave 2017-08-29 15:33:29 
TT 655 136.6 -64.7 173.1 -32.5 4.79E-05 002.3 033.1 -38.6 0.117429 0.140439 0.077117 hargrave 2017-09-01 15:35:45 
TT 660 135.7 -65.0 173.0 -33.0 4.76E-05 002.6 032.6 -38.4 0.171682 0.130042 0.069888 hargrave 2017-09-08 18:00:49 
TT 665 136.7 -64.4 172.8 -32.3 4.75E-05 002.6 033.5 -38.5 0.152159 0.148655 0.066471 hargrave 2017-09-12 14:36:08 
TT 670 136.9 -64.7 173.2 -32.4 4.70E-05 002.3 033.2 -38.7 0.142504 0.075823 0.114814 hargrave 2017-09-14 18:04:54 
TT 672 139.0 -62.6 172.2 -30.2 4.65E-05 004.1 036.2 -38.8 0.252937 0.208615 0.087142 hargrave 2017-09-15 18:29:39 
TT 672 138.6 -64.1 173.3 -31.5 4.65E-05 002.4 034.3 -39.2 0.142530 0.118059 0.080542 hargrave 2017-09-16 15:42:16 
TT 674 137.3 -64.4 173.1 -32.1 4.60E-05 002.8 033.6 -38.8 0.177146 0.108354 0.102140 hargrave 2017-09-19 14:04:33 
TT 676 137.9 -64.0 172.9 -31.6 4.50E-05 004.0 034.3 -38.9 0.230209 0.202412 0.086649 hargrave 2017-09-22 16:19:20 
TT 678 139.0 -64.0 173.3 -31.3 4.20E-05 004.8 034.5 -39.3 0.262876 0.227057 0.077999 hargrave 2017-09-24 14:13:32 
TT 680 135.8 -63.9 172.1 -32.2 3.16E-05 003.4 033.9 -38.0 0.144123 0.111422 0.076059 hargrave 2017-09-25 13:00:14 
TT 682 138.8 -64.2 173.4 -31.4 2.22E-05 003.7 034.3 -39.3 0.098429 0.099275 0.044332 hargrave 2017-09-26 18:41:56 
TT 684 132.5 -63.5 170.6 -33.0 1.19E-05 007.6 033.5 -36.5 0.100891 0.112773 0.053172 hargrave 2017-10-01 22:50:08 
TT 684 133.3 -64.5 171.7 -33.4 1.20E-05 002.6 032.7 -37.3 0.031870 0.036726 0.028159 hargrave 2017-10-02 08:50:04 
TT 686 110.6 -69.4 171.0 -43.4 4.45E-06 004.1 021.9 -32.4 0.016273 0.021807 0.019073 hargrave 2017-10-03 09:32:20 
TT 688 129.3 -45.0 154.3 -21.3 2.43E-06 005.0 050.5 -24.9 0.010315 0.005856 0.018658 hargrave 2017-10-05 14:17:45 
TT 690 210.7 -36.4 208.6  05.6 1.57E-06 003.1 115.4 -75.2 0.006795 0.008414 0.012781 hargrave 2017-10-06 16:48:28 
TT 692 185.7  31.6 160.4  70.7 5.92E-07 013.5 145.4 -05.4 0.003175 0.004631 0.013499 hargrave 2017-10-08 17:16:49 
TT 692 188.7  33.2 165.1  73.3 5.82E-07 012.3 148.4 -05.2 0.003539 0.005101 0.011814 hargrave 2017-10-08 19:35:16 
