TR010 -Ia mag compass orientation (IGRF corrected)
  547.7 181.3  39.0 290.0  42.5   1.0
NRM    111.4 -65.1 165.8 -41.4 2.88E-05 004.4 009.4 -27.1 0.057608 0.210923 0.042924 hargrave 2017-07-20 17:20:59 
TT 100 112.8 -65.3 166.4 -41.0 2.94E-05 004.9 009.9 -27.4 0.077611 0.237639 0.053875 hargrave 2017-07-21 16:59:34 
TT 200 110.7 -65.7 166.4 -41.9 3.00E-05 002.2 008.9 -27.6 0.068449 0.075588 0.065206 hargrave 2017-07-24 12:41:16 
TT 300 116.0 -65.2 167.2 -39.8 3.04E-05 003.3 011.4 -27.8 0.075481 0.141474 0.074227 hargrave 2017-07-25 09:47:07 
TT 350 114.6 -65.2 166.8 -40.3 3.07E-05 003.3 010.8 -27.6 0.092186 0.144646 0.059780 hargrave 2017-07-31 16:28:10 
TT 400 118.4 -64.8 167.4 -38.7 3.10E-05 002.9 012.7 -27.7 0.089627 0.125941 0.060063 hargrave 2017-08-01 14:36:09 
TT 450 112.7 -65.9 167.1 -41.3 3.10E-05 002.9 009.7 -28.0 0.103556 0.108431 0.074066 hargrave 2017-08-03 13:35:25 
TT 475 115.2 -65.4 167.1 -40.1 3.10E-05 003.9 011.0 -27.8 0.130036 0.173904 0.070883 hargrave 2017-08-04 10:11:14 
TT 500 123.0 -64.3 168.2 -36.8 3.08E-05 003.1 014.9 -28.0 0.077904 0.133063 0.070113 hargrave 2017-08-04 17:09:06 
TT 525 118.8 -65.1 167.8 -38.7 3.06E-05 002.3 012.7 -28.0 0.075814 0.081513 0.072795 hargrave 2017-08-07 15:50:49 
TT 550 119.4 -65.3 168.1 -38.6 3.07E-05 002.5 012.9 -28.3 0.079489 0.098235 0.070816 hargrave 2017-08-08 15:10:26 
TT 555 118.9 -65.9 168.7 -39.1 3.11E-05 002.0 012.5 -28.8 0.070557 0.081017 0.052515 hargrave 2017-08-09 14:32:27 
TT 555 119.4 -65.8 168.7 -38.9 3.06E-05 002.6 012.7 -28.8 0.093331 0.090004 0.074807 hargrave 2017-08-10 09:26:43 
TT 560 118.5 -66.2 168.9 -39.4 3.05E-05 002.7 012.2 -29.0 0.091053 0.101874 0.071152 hargrave 2017-08-16 14:58:30 
TT 565 118.2 -66.4 169.1 -39.6 3.02E-05 003.0 012.0 -29.2 0.084446 0.125605 0.069864 hargrave 2017-08-17 11:49:04 
TT 570 121.0 -66.1 169.5 -38.5 3.01E-05 002.7 013.3 -29.3 0.074967 0.112752 0.070826 hargrave 2017-08-17 21:05:18 
TT 575 120.8 -66.4 169.7 -38.7 2.98E-05 002.8 013.1 -29.5 0.072067 0.122754 0.067421 hargrave 2017-08-18 16:43:30 
TT 580 121.7 -66.3 169.9 -38.3 2.97E-05 002.3 013.5 -29.6 0.080773 0.083922 0.065210 hargrave 2017-08-21 13:45:27 
TT 600 120.8 -66.4 169.8 -38.7 2.92E-05 002.3 013.1 -29.6 0.076405 0.088892 0.064181 hargrave 2017-08-22 12:48:21 
TT 620 120.6 -66.4 169.7 -38.8 2.87E-05 002.2 013.0 -29.5 0.067579 0.080477 0.061553 hargrave 2017-08-23 11:48:53 
TT 630 124.5 -65.8 170.1 -37.1 2.84E-05 002.2 015.0 -29.5 0.069160 0.081626 0.060917 hargrave 2017-08-24 08:20:26 
TT 640 124.7 -65.8 170.2 -37.0 2.81E-05 002.4 015.0 -29.5 0.062867 0.097536 0.060613 hargrave 2017-08-24 16:29:58 
TT 645 126.6 -65.3 170.3 -36.1 2.81E-05 002.7 016.1 -29.4 0.057565 0.114017 0.062377 hargrave 2017-08-25 14:33:29 
TT 650 122.0 -66.4 170.1 -38.3 2.79E-05 002.2 013.6 -29.7 0.067514 0.076349 0.063813 hargrave 2017-08-29 15:48:21 
TT 655 127.4 -65.4 170.6 -35.9 2.80E-05 002.9 016.4 -29.7 0.068409 0.111002 0.082424 hargrave 2017-09-01 15:51:23 
TT 660 123.8 -65.6 169.8 -37.2 2.81E-05 003.5 014.7 -29.3 0.043910 0.156579 0.064933 hargrave 2017-09-08 18:14:41 
TT 665 124.2 -65.8 170.1 -37.2 2.81E-05 003.1 014.8 -29.5 0.043918 0.125144 0.080766 hargrave 2017-09-12 14:49:27 
TT 670 126.6 -65.4 170.4 -36.2 2.79E-05 002.8 016.0 -29.5 0.045531 0.116293 0.058827 hargrave 2017-09-14 18:18:53 
TT 672 127.8 -64.9 170.3 -35.5 2.79E-05 002.8 016.8 -29.3 0.044292 0.121615 0.054266 hargrave 2017-09-15 18:43:36 
TT 674 125.3 -65.4 170.0 -36.6 2.75E-05 003.0 015.5 -29.3 0.048637 0.121164 0.062809 hargrave 2017-09-19 14:20:10 
TT 676 131.3 -63.8 170.4 -33.6 2.67E-05 003.7 019.0 -29.0 0.044166 0.154841 0.066324 hargrave 2017-09-22 16:36:21 
TT 678 126.3 -64.8 169.7 -35.9 2.64E-05 004.1 016.2 -28.9 0.047776 0.171157 0.067316 hargrave 2017-09-24 14:27:35 
TT 680 123.6 -65.2 169.2 -37.1 2.61E-05 002.9 014.8 -28.8 0.049294 0.109637 0.058723 hargrave 2017-09-25 13:15:00 
TT 682 127.4 -64.0 169.3 -35.1 1.67E-05 002.6 017.1 -28.4 0.032882 0.061745 0.038745 hargrave 2017-09-26 18:56:41 
TT 684 121.0 -61.5 164.6 -35.9 1.49E-05 004.1 015.1 -24.9 0.028586 0.101711 0.026754 hargrave 2017-10-01 23:05:38 
TT 686 127.0 -57.9 163.5 -31.3 3.16E-06 003.1 019.6 -22.8 0.009273 0.013679 0.005971 hargrave 2017-10-03 09:47:36 
TT 688 051.0 -76.9 187.2 -58.1 1.23E-06 002.8 348.9 -40.4 0.008417 0.003340 0.008953 hargrave 2017-10-05 14:34:41 
TT 690 042.5 -65.4 174.4 -68.4 6.92E-07 007.7 338.3 -32.3 0.001881 0.006656 0.006686 hargrave 2017-10-06 17:05:33 
TT 690 041.4 -64.6 173.8 -69.3 6.97E-07 008.3 337.3 -31.9 0.002440 0.008356 0.005562 hargrave 2017-10-06 20:04:49 
TT 690 048.2 -65.4 170.1 -66.7 6.87E-07 007.9 340.6 -31.0 0.001625 0.007016 0.006649 hargrave 2017-10-06 21:54:07 
TT 692 157.5 -23.4 161.0  09.5 2.07E-07 012.2 057.4 -04.3 0.003402 0.003272 0.003409 hargrave 2017-10-08 17:31:35 
TT 692 149.9 -24.5 155.5  05.1 1.93E-07 029.9 051.0 -01.4 0.002096 0.009776 0.002884 hargrave 2017-10-08 19:49:21 
