TR030 -Ya mag compass orientation (IGRF corrected)
   3.99 338.3  56.0  11.0  14.1   1.0
NRM    348.9  57.8 012.3  60.4 1.87E-05 004.0 145.2  23.1 0.095502 0.080118 0.057793 hargrave 2018-05-11 18:11:00 
TT 100 350.6  58.2 014.3  60.3 1.76E-05 003.1 146.1  22.5 0.047177 0.072557 0.050573 hargrave 2018-05-14 16:26:59 
TT 200 351.6  57.0 014.2  59.1 1.74E-05 003.5 145.3  21.4 0.068759 0.065760 0.051309 hargrave 2018-05-15 16:44:33 
TT 300 352.6  56.7 015.0  58.5 1.69E-05 003.5 145.3  20.8 0.065847 0.068737 0.046348 hargrave 2018-05-16 13:59:30 
TT 350 355.0  58.3 018.5  59.3 1.67E-05 003.6 147.5  20.5 0.065318 0.074308 0.043706 hargrave 2018-05-17 15:37:46 
TT 400 353.3  55.6 014.6  57.4 1.62E-05 003.1 144.5  19.9 0.054434 0.053905 0.048631 hargrave 2018-05-18 13:57:27 
TT 450 354.5  55.8 016.0  57.3 1.59E-05 003.5 145.1  19.5 0.063520 0.063936 0.044508 hargrave 2018-05-21 10:57:28 
TT 475 355.5  56.6 017.5  57.7 1.58E-05 002.5 146.1  19.4 0.042623 0.045443 0.040339 hargrave 2018-07-30 16:57:07 
TT 500 356.3  57.1 018.6  58.0 1.54E-05 001.3 146.8  19.3 0.022229 0.032379 0.018117 hargrave 2018-07-31 13:21:33 
TT 525 356.7  55.7 018.0  56.6 1.51E-05 002.4 145.7  18.3 0.040109 0.047531 0.029671 hargrave 2018-08-01 11:25:21 
TT 550 356.1  55.6 017.2  56.6 1.48E-05 001.6 145.4  18.5 0.024469 0.037578 0.017726 hargrave 2018-08-01 18:20:15 
TT 550 356.8  55.6 017.9  56.5 1.48E-05 001.9 145.6  18.2 0.031051 0.039657 0.020547 hargrave 2018-08-01 19:42:53 
TT 555 359.1  56.4 020.6  56.7 1.48E-05 002.2 147.1  17.6 0.035094 0.044275 0.026911 hargrave 2018-08-03 11:41:41 
TT 560 359.5  56.5 021.1  56.7 1.46E-05 001.6 147.4  17.5 0.024226 0.029015 0.028060 hargrave 2018-08-03 18:38:08 
TT 565 359.3  56.8 021.2  57.0 1.44E-05 003.1 147.5  17.8 0.046377 0.061863 0.026327 hargrave 2018-08-13 16:54:26 
TT 570 000.0  56.7 021.8  56.7 1.43E-05 002.7 147.7  17.4 0.041870 0.053403 0.024021 hargrave 2018-08-14 13:47:25 
TT 575 358.9  55.7 019.9  56.1 1.43E-05 003.1 146.5  17.4 0.045986 0.063959 0.026305 hargrave 2018-08-15 10:11:07 
TT 580 000.8  57.0 022.7  56.8 1.42E-05 003.2 148.2  17.2 0.050940 0.066081 0.025437 hargrave 2018-08-15 17:16:32 
TT 600 000.0  55.9 021.2  56.0 1.38E-05 004.1 147.1  16.9 0.056405 0.083086 0.026742 hargrave 2018-08-16 13:33:40 
TT 620 002.4  56.4 023.6  55.9 1.30E-05 004.4 148.2  16.2 0.052899 0.082828 0.030466 hargrave 2018-08-17 11:48:15 
TT 630 004.6  58.5 027.2  57.2 1.26E-05 002.7 150.7  16.5 0.032062 0.049369 0.028277 hargrave 2018-08-28 13:27:31 
TT 640 005.6  58.0 027.7  56.6 1.14E-05 003.6 150.7  15.8 0.026642 0.048853 0.050626 hargrave 2018-09-10 12:00:23 
TT 645 003.6  53.0 022.3  52.5 1.29E-05 002.2 145.9  13.5 0.019456 0.059754 0.021871 hargrave 2018-09-11 13:57:37 
TT 650 015.2  54.2 033.3  50.9 1.24E-05 005.7 151.7  09.4 0.026056 0.104349 0.073953 hargrave 2018-09-12 13:57:45 
TT 655 001.9  53.1 020.9  53.0 1.17E-05 004.2 145.4  14.4 0.031851 0.072847 0.043024 hargrave 2018-09-20 14:24:45 
TT 660 014.1  54.4 032.5  51.4 1.21E-05 003.6 151.4  09.9 0.014110 0.078681 0.032086 hargrave 2018-09-21 11:48:09 
TT 665 003.6  56.1 024.5  55.3 1.11E-05 003.6 148.5  15.5 0.020571 0.066698 0.034733 hargrave 2018-09-24 14:12:39 
TT 670 021.7  62.1 044.1  56.7 1.05E-05 003.7 159.5  13.1 0.012792 0.072202 0.019088 hargrave 2018-09-25 11:43:11 
TT 672 005.2  50.8 022.4  50.1 1.13E-05 004.3 145.0  11.3 0.021324 0.089874 0.029264 hargrave 2018-09-25 19:52:09 
TT 674 023.8  62.0 045.6  56.2 9.32E-06 005.0 160.3  12.5 0.012962 0.082544 0.022429 hargrave 2018-09-26 16:32:41 
TT 676 005.0  51.5 022.7  50.8 9.83E-06 003.7 145.4  11.9 0.012430 0.069069 0.025344 hargrave 2018-10-04 15:59:54 
TT 678 027.3  64.1 049.9  57.4 7.50E-06 004.9 162.9  13.3 0.005850 0.064883 0.022766 hargrave 2018-10-05 13:38:04 
TT 680 016.7  56.0 035.7  52.3 6.64E-06 004.6 153.6  10.2 0.009723 0.043869 0.033224 hargrave 2018-10-09 17:39:25 
TT 682 031.0  54.0 046.4  47.4 4.44E-06 007.0 159.1  03.8 0.004559 0.054284 0.017791 hargrave 2018-10-11 15:47:29 
TT 684 005.0  44.3 018.8  44.1 2.86E-06 007.9 139.9  07.1 0.005327 0.047841 0.014759 hargrave 2018-10-12 14:13:45 
TT 686 196.2 -06.1 197.6 -04.7 2.64E-06 004.6 298.8  26.5 0.005078 0.028010 0.005106 hargrave 2018-10-19 13:44:30 
TT 688 356.7  27.6 004.4  30.2 2.60E-06 014.1 122.8  01.6 0.008893 0.040741 0.059709 hargrave 2018-10-20 13:08:46 
