TR030 -Ua mag compass orientation (IGRF corrected)
   3.53  13.3  32.0  11.0  14.1   1.0
NRM    256.0  71.6 210.2  81.9 1.56E-05 002.6 208.6  72.4 0.059086 0.047090 0.022974 hargrave 2018-05-11 18:06:42 
TT 100 247.3  68.0 211.1  77.2 1.49E-05 001.7 223.2  71.2 0.035864 0.029903 0.019588 hargrave 2018-05-14 16:22:50 
TT 200 246.4  67.9 210.2  76.9 1.48E-05 001.6 223.7  70.9 0.032529 0.030209 0.023076 hargrave 2018-05-15 16:40:15 
TT 300 246.4  67.0 212.6  76.2 1.45E-05 001.7 226.4  71.1 0.033318 0.027794 0.020006 hargrave 2018-05-16 13:55:14 
TT 350 245.8  67.8 209.7  76.7 1.44E-05 002.5 224.2  70.7 0.053224 0.040105 0.021411 hargrave 2018-05-17 15:33:32 
TT 400 245.0  67.5 209.6  76.3 1.40E-05 002.6 225.4  70.5 0.054392 0.040658 0.021034 hargrave 2018-05-18 13:53:14 
TT 450 243.2  67.0 208.4  75.5 1.38E-05 002.7 227.0  69.9 0.055016 0.039018 0.021699 hargrave 2018-05-21 10:53:17 
TT 475 242.8  66.8 208.5  75.2 1.37E-05 001.6 227.8  69.7 0.031024 0.022119 0.017337 hargrave 2018-07-30 16:52:38 
TT 500 240.1  66.2 206.6  74.1 1.30E-05 002.0 229.7  68.7 0.035772 0.021668 0.040119 hargrave 2018-07-31 13:17:00 
TT 525 240.2  66.5 205.9  74.4 1.31E-05 002.0 228.8  68.8 0.038691 0.023597 0.013608 hargrave 2018-08-01 11:20:52 
TT 550 239.1  65.3 207.0  73.1 1.29E-05 003.1 232.0  68.3 0.057572 0.037270 0.031951 hargrave 2018-08-01 18:15:51 
TT 550 239.0  64.8 207.9  72.7 1.29E-05 002.2 233.4  68.3 0.041246 0.024059 0.031600 hargrave 2018-08-01 19:38:25 
TT 555 240.9  66.0 208.0  74.1 1.29E-05 001.9 230.2  69.1 0.036359 0.018443 0.027792 hargrave 2018-08-03 11:37:16 
TT 560 238.3  65.1 206.4  72.8 1.26E-05 002.3 232.4  68.0 0.040988 0.023355 0.040630 hargrave 2018-08-03 18:33:45 
TT 565 238.2  65.7 205.2  73.3 1.29E-05 002.9 230.8  68.0 0.048478 0.045675 0.024607 hargrave 2018-08-13 16:49:55 
TT 570 237.5  64.8 206.1  72.3 1.29E-05 002.0 233.3  67.6 0.033483 0.030467 0.023297 hargrave 2018-08-14 13:43:00 
TT 575 238.7  64.8 207.5  72.6 1.29E-05 001.8 233.3  68.1 0.029170 0.026661 0.021574 hargrave 2018-08-15 10:05:04 
TT 580 237.2  65.5 204.4  72.8 1.29E-05 002.8 231.4  67.5 0.046572 0.044159 0.023050 hargrave 2018-08-15 17:12:03 
TT 600 237.6  64.5 206.7  72.1 1.26E-05 002.4 234.0  67.6 0.042544 0.032610 0.022398 hargrave 2018-08-16 13:27:32 
TT 620 235.0  64.3 204.2  71.3 1.20E-05 002.8 234.4  66.5 0.045106 0.040307 0.015983 hargrave 2018-08-17 11:42:09 
TT 630 233.9  61.3 207.3  68.5 1.24E-05 003.4 241.2  65.4 0.052470 0.053682 0.025222 hargrave 2018-08-28 13:23:03 
TT 640 235.4  59.4 211.4  67.2 1.19E-05 003.2 246.1  65.6 0.039731 0.050033 0.024629 hargrave 2018-09-10 11:56:02 
TT 645 224.3  67.1 188.0  71.0 1.14E-05 004.6 226.4  62.6 0.067817 0.061639 0.021127 hargrave 2018-09-11 13:53:14 
TT 650 152.3 -07.4 154.6 -16.0 7.44E-06 020.9 237.1 -27.0 0.038151 0.035867 0.308367 hargrave 2018-09-12 13:51:48 
TT 650 170.0  17.3 166.6  11.8 6.25E-06 003.9 241.4  03.0 0.030349 0.052476 0.022600 hargrave 2018-09-12 15:18:12 
TT 655 257.8  59.8 241.2  72.0 1.00E-05 005.4 251.3  76.8 0.055574 0.073169 0.028302 hargrave 2018-09-20 14:19:37 
TT 660 206.0  60.5 180.5  61.1 1.07E-05 005.4 232.4  52.7 0.057194 0.088993 0.019871 hargrave 2018-09-21 11:43:56 
TT 665 224.9  58.6 200.7  64.0 1.04E-05 005.9 243.6  60.3 0.058897 0.086709 0.031537 hargrave 2018-09-24 14:08:16 
TT 670 200.5  50.8 183.0  51.0 1.12E-05 004.3 241.3  44.4 0.043096 0.079525 0.015250 hargrave 2018-09-25 11:38:47 
TT 672 290.1  65.6 301.7  79.3 8.52E-06 009.1 160.1  81.7 0.055116 0.127701 0.033147 hargrave 2018-09-25 19:47:45 
TT 672 266.6  57.6 256.9  71.0 8.88E-06 003.5 265.5  81.1 0.031475 0.041872 0.020789 hargrave 2018-09-26 09:16:36 
TT 674 191.5  58.6 169.6  56.0 9.71E-06 008.1 228.2  45.6 0.065800 0.125551 0.027246 hargrave 2018-09-26 16:28:28 
TT 674 198.9  54.6 179.1  54.1 1.01E-05 002.8 236.3  46.2 0.028051 0.035745 0.020643 hargrave 2018-09-26 17:24:36 
TT 676 266.8  79.7 132.5  85.2 6.88E-06 009.7 187.7  67.7 0.052270 0.106560 0.028411 hargrave 2018-10-04 15:55:25 
TT 676 250.4  71.4 203.5  80.4 7.05E-06 002.6 212.3  71.1 0.016538 0.024446 0.017882 hargrave 2018-10-04 17:29:58 
TT 678 208.7  41.1 196.0  43.9 8.18E-06 007.5 256.2  41.6 0.055138 0.100055 0.026024 hargrave 2018-10-05 13:33:54 
TT 680 294.4  56.9 303.1  70.3 4.65E-06 010.0 083.9  83.9 0.024052 0.079709 0.006149 hargrave 2018-10-09 17:35:10 
TT 680 286.3  55.3 289.5  69.3 4.50E-06 007.2 032.6  86.9 0.022403 0.052084 0.007157 hargrave 2018-10-10 09:35:54 
TT 682 205.7  14.2 201.8  17.3 4.83E-06 004.8 272.8  18.5 0.024807 0.087263 0.016283 hargrave 2018-10-11 15:43:14 
TT 684 347.7 -00.3 348.3  05.3 3.69E-06 008.2 067.8  13.0 0.011937 0.095192 0.013979 hargrave 2018-10-12 14:09:33 
TT 684 341.2 -02.4 341.4  04.6 3.45E-06 007.7 060.8  14.2 0.011956 0.068272 0.013470 hargrave 2018-10-12 15:23:22 
TT 686 115.8 -42.0 120.6 -55.5 1.95E-05 011.7 211.6 -72.1 0.269162 0.096440 1.210375 hargrave 2018-10-19 13:40:48 
TT 686 134.5 -33.5 141.5 -44.8 7.20E-06 007.0 234.2 -57.8 0.081037 0.080555 0.288818 hargrave 2018-10-19 15:20:30 
TT 688 006.0 -13.8 002.7 -12.2 5.22E-06 016.8 076.5 -07.9 0.015932 0.102463 0.139802 hargrave 2018-10-20 13:05:46 
