TR030 -Fa mag compass orientation (IGRF corrected)
   1.12  12.3  77.0  11.0  14.1   1.0
NRM    017.3  46.2 030.9  42.9 3.00E-05 002.1 136.1  06.0 0.058640 0.063343 0.080085 hargrave 2018-05-11 17:44:27 
TT 100 018.1  47.0 032.0  43.5 2.91E-05 002.2 137.0  05.6 0.066088 0.066244 0.076750 hargrave 2018-05-14 16:00:46 
TT 200 018.2  48.7 032.9  45.1 2.88E-05 001.9 138.7  05.9 0.050918 0.041608 0.081313 hargrave 2018-05-15 16:16:24 
TT 300 018.6  48.5 033.1  44.8 2.85E-05 001.9 138.5  05.6 0.045955 0.060647 0.069943 hargrave 2018-05-16 13:32:00 
TT 350 019.3  49.6 034.3  45.7 2.95E-05 011.3 139.8  05.4 0.527563 0.754296 0.067677 hargrave 2018-05-17 15:11:57 
TT 350 018.8  49.4 033.7  45.6 2.79E-05 001.6 139.4  05.7 0.030030 0.048570 0.069409 hargrave 2018-05-17 16:56:51 
TT 400 020.1  49.2 034.8  45.2 2.70E-05 002.2 139.5  04.8 0.049672 0.070575 0.072194 hargrave 2018-05-18 13:31:39 
TT 450 020.9  49.5 035.7  45.2 2.60E-05 001.6 139.9  04.4 0.031252 0.029758 0.065255 hargrave 2018-05-21 10:30:17 
TT 475 021.1  48.0 035.1  43.8 2.60E-05 002.8 138.5  03.9 0.038881 0.137564 0.064704 hargrave 2018-07-30 16:27:51 
TT 500 022.4  47.9 036.2  43.5 2.49E-05 001.4 138.7  03.0 0.034591 0.034731 0.049183 hargrave 2018-07-31 12:52:21 
TT 525 022.9  49.1 037.2  44.4 2.48E-05 002.4 139.9  03.0 0.066441 0.079346 0.035998 hargrave 2018-08-01 10:54:06 
TT 550 023.8  49.3 038.1  44.4 2.43E-05 001.9 140.2  02.5 0.051795 0.069676 0.031871 hargrave 2018-08-01 17:50:31 
TT 550 024.1  49.6 038.4  44.6 2.43E-05 002.2 140.6  02.4 0.056359 0.080339 0.033951 hargrave 2018-08-01 19:13:44 
TT 555 023.2  48.8 037.3  44.1 2.42E-05 002.4 139.6  02.8 0.066859 0.077040 0.028719 hargrave 2018-08-03 11:12:22 
TT 560 027.0  50.4 041.3  44.8 2.40E-05 003.1 142.0  00.9 0.071723 0.085016 0.077678 hargrave 2018-08-03 18:08:00 
TT 565 025.9  50.2 040.3  44.9 2.39E-05 001.5 141.5  01.5 0.030220 0.046437 0.038521 hargrave 2018-08-13 16:25:10 
TT 570 025.4  49.3 039.4  44.1 2.38E-05 002.0 140.6  01.5 0.055384 0.055037 0.039205 hargrave 2018-08-14 13:17:12 
TT 575 025.7  49.6 039.8  44.3 2.37E-05 001.8 140.9  01.5 0.043281 0.053589 0.040982 hargrave 2018-08-15 09:38:30 
TT 580 026.2  49.5 040.2  44.1 2.34E-05 002.8 140.9  01.1 0.075055 0.082377 0.039935 hargrave 2018-08-15 16:48:12 
TT 600 027.5  49.8 041.5  44.1 2.31E-05 002.6 141.5  00.4 0.074076 0.072624 0.038592 hargrave 2018-08-16 13:02:07 
TT 620 030.5  51.5 044.8  45.1 2.18E-05 002.2 143.8 -00.8 0.044305 0.060061 0.046720 hargrave 2018-08-17 11:19:22 
TT 630 029.9  51.4 044.2  45.1 2.05E-05 002.4 143.5 -00.5 0.065829 0.060737 0.046850 hargrave 2018-08-28 12:59:06 
TT 640 041.0  56.0 055.4  47.4 2.05E-05 001.4 150.6 -04.3 0.035707 0.043412 0.034609 hargrave 2018-09-10 11:31:40 
TT 645 034.0  50.8 047.4  43.8 1.78E-05 001.8 144.0 -03.0 0.036692 0.053646 0.037682 hargrave 2018-09-11 13:28:45 
TT 650 028.9  46.5 041.2  40.7 1.90E-05 003.9 138.7 -01.6 0.068174 0.090601 0.101364 hargrave 2018-09-12 13:27:15 
TT 655 037.9  67.9 060.3  59.0 1.28E-05 004.8 160.1  02.8 0.037444 0.092114 0.048532 hargrave 2018-09-20 13:53:35 
TT 660 017.4  29.0 024.7  26.6 1.75E-05 004.3 119.4  01.9 0.110908 0.082932 0.066692 hargrave 2018-09-21 11:21:49 
TT 665 086.6  86.5 098.1  72.4 8.48E-06 004.7 179.0  09.6 0.051186 0.058888 0.037380 hargrave 2018-09-24 13:43:41 
TT 670 028.1  19.1 032.1  14.5 1.46E-05 002.3 112.5 -10.2 0.038256 0.056662 0.041378 hargrave 2018-09-25 11:14:58 
TT 672 156.6  49.7 145.6  40.6 4.98E-06 011.6 212.4 -11.3 0.009180 0.120211 0.033845 hargrave 2018-09-25 19:24:02 
TT 672 174.6  29.7 167.7  24.9 6.49E-06 002.1 236.8 -08.4 0.016273 0.043040 0.023534 hargrave 2018-09-26 09:14:55 
TT 674 010.2 -19.5 005.3 -18.7 1.00E-05 003.4 070.5 -02.4 0.030841 0.055644 0.036886 hargrave 2018-09-26 16:05:58 
TT 676 203.7 -32.0 211.6 -27.9 1.21E-05 002.4 303.7  02.6 0.055551 0.062076 0.036763 hargrave 2018-10-04 15:32:21 
TT 678 345.6 -39.3 336.8 -32.2 1.55E-05 002.8 044.9  11.3 0.023818 0.041541 0.069982 hargrave 2018-10-05 13:11:14 
TT 680 213.4 -40.7 223.0 -34.2 1.72E-05 002.9 314.6  06.8 0.039490 0.062987 0.065334 hargrave 2018-10-09 17:13:04 
TT 682 351.1 -42.5 340.5 -36.4 1.76E-05 003.5 043.8  06.2 0.046607 0.094712 0.068116 hargrave 2018-10-11 15:21:10 
TT 684 203.1 -47.0 216.4 -42.4 1.44E-05 003.7 317.9 -02.3 0.069884 0.130681 0.064886 hargrave 2018-10-12 13:47:31 
TT 686 295.4 -32.4 293.8 -18.7 2.44E-05 058.0 015.1  42.9 0.413659 0.273185 3.420407 hargrave 2018-10-19 13:21:34 
TT 686 293.3 -45.0 291.1 -31.2 2.09E-05 008.6 009.0  31.1 0.132559 0.087960 0.427664 hargrave 2018-10-19 15:08:11 
TT 688 157.7 -19.9 163.1 -27.1 1.87E-05 040.3 285.3 -36.6 0.174314 0.306435 1.658276 hargrave 2018-10-20 12:47:21 
