TR030 -Qa mag compass orientation (IGRF corrected)
   2.71  26.3  67.0  11.0  14.1   1.0
NRM    350.9  57.9 014.4  60.0 3.40E-05 002.3 146.7  37.9 0.113187 0.079187 0.061206 hargrave 2018-05-11 18:01:03 
TT 100 350.6  58.7 014.9  60.8 3.31E-05 002.6 147.8  37.8 0.131557 0.082139 0.056961 hargrave 2018-05-14 16:16:25 
TT 200 350.2  60.1 015.9  62.1 3.30E-05 002.8 149.5  37.5 0.132660 0.094144 0.050867 hargrave 2018-05-15 16:33:45 
TT 300 350.2  60.0 015.7  62.0 3.26E-05 002.5 149.4  37.6 0.122326 0.076434 0.054693 hargrave 2018-05-16 13:47:56 
TT 350 350.8  59.4 015.7  61.4 3.24E-05 002.1 148.5  37.5 0.097851 0.074197 0.051179 hargrave 2018-05-17 15:27:53 
TT 400 350.9  58.9 015.3  60.9 3.19E-05 002.3 147.9  37.6 0.109568 0.069736 0.055731 hargrave 2018-05-18 13:47:33 
TT 450 350.8  59.6 015.9  61.6 3.12E-05 003.2 148.8  37.4 0.145393 0.102234 0.048701 hargrave 2018-05-21 10:47:30 
TT 475 351.1  59.3 015.9  61.2 3.09E-05 003.1 148.4  37.4 0.122653 0.111200 0.041172 hargrave 2018-07-30 16:44:53 
TT 500 352.2  59.7 017.3  61.3 3.01E-05 002.0 148.7  36.7 0.075141 0.072140 0.039437 hargrave 2018-07-31 13:10:07 
TT 525 353.1  59.7 018.1  61.1 2.98E-05 003.0 148.5  36.3 0.107048 0.118016 0.039111 hargrave 2018-08-01 11:13:05 
TT 550 351.9  59.2 016.6  60.9 2.96E-05 002.3 148.1  37.0 0.089493 0.085046 0.033365 hargrave 2018-08-01 18:08:58 
TT 550 351.2  59.1 015.8  61.0 2.96E-05 002.3 148.1  37.4 0.086131 0.086417 0.041553 hargrave 2018-08-01 19:31:29 
TT 555 351.8  59.9 017.1  61.6 2.94E-05 002.9 149.0  36.8 0.096104 0.116037 0.055162 hargrave 2018-08-03 11:29:23 
TT 560 352.4  61.0 018.8  62.4 2.91E-05 002.3 150.1  36.2 0.081033 0.087649 0.048615 hargrave 2018-08-03 18:26:04 
TT 565 350.2  60.7 016.4  62.6 2.91E-05 003.1 150.2  37.3 0.102485 0.119745 0.036528 hargrave 2018-08-13 16:42:54 
TT 570 351.1  59.5 016.0  61.4 2.89E-05 002.6 148.6  37.3 0.091832 0.096138 0.033921 hargrave 2018-08-14 13:35:55 
TT 575 351.4  59.2 016.0  61.0 2.88E-05 002.1 148.1  37.3 0.070624 0.080731 0.032093 hargrave 2018-08-15 09:57:14 
TT 580 351.2  59.1 015.8  61.0 2.89E-05 003.3 148.1  37.4 0.111906 0.127583 0.030593 hargrave 2018-08-15 17:05:56 
TT 600 350.9  59.7 016.1  61.6 2.84E-05 003.0 148.9  37.3 0.098973 0.111889 0.032374 hargrave 2018-08-16 13:20:36 
TT 620 350.4  60.8 016.8  62.7 2.72E-05 002.1 150.3  37.2 0.070401 0.075834 0.026227 hargrave 2018-08-17 11:36:04 
TT 630 347.6  61.0 014.4  63.5 2.67E-05 002.5 151.2  38.4 0.101169 0.080352 0.029525 hargrave 2018-08-28 13:16:51 
TT 640 349.0  61.3 016.0  63.5 2.49E-05 002.8 151.2  37.6 0.120465 0.085218 0.030068 hargrave 2018-09-10 11:49:13 
TT 645 032.6  63.6 053.4  56.0 2.37E-05 016.9 152.4  17.8 0.124127 0.173559 0.718384 hargrave 2018-09-11 13:47:06 
TT 645 061.7  58.0 072.0  46.2 2.22E-05 001.6 154.4  02.8 0.054683 0.048566 0.039163 hargrave 2018-09-11 14:50:57 
TT 650 063.2  71.3 078.6  58.9 2.04E-05 004.1 164.8  11.1 0.089345 0.139963 0.033166 hargrave 2018-09-12 13:44:52 
TT 655 353.8  66.0 026.2  66.2 2.35E-05 004.0 155.6  33.9 0.127736 0.130441 0.035556 hargrave 2018-09-20 14:12:56 
TT 660 350.5  72.4 035.7  71.9 2.40E-05 002.7 163.2  32.3 0.093452 0.096209 0.032801 hargrave 2018-09-21 11:38:19 
TT 665 337.6  70.1 020.6  73.3 2.27E-05 003.7 163.7  37.0 0.097779 0.120520 0.031518 hargrave 2018-09-24 14:02:14 
TT 670 011.9  64.4 038.6  60.8 2.41E-05 003.4 152.1  26.8 0.077169 0.144532 0.031654 hargrave 2018-09-25 11:32:42 
TT 672 011.3  65.8 039.7  62.1 2.41E-05 005.4 153.6  27.0 0.089713 0.227218 0.034388 hargrave 2018-09-25 19:41:41 
TT 674 349.8  80.2 059.7  76.1 1.99E-05 004.7 171.1  28.6 0.078017 0.158451 0.023816 hargrave 2018-09-26 16:22:45 
TT 676 011.3  54.0 029.9  51.6 1.97E-05 005.0 140.4  27.1 0.067055 0.183879 0.037229 hargrave 2018-10-04 15:49:24 
TT 678 285.1  82.7 096.6  83.2 1.25E-05 007.5 181.6  30.1 0.026971 0.163013 0.032501 hargrave 2018-10-05 13:28:11 
TT 680 005.3  53.6 024.2  52.7 9.03E-06 009.1 139.9  30.7 0.048480 0.144472 0.032169 hargrave 2018-10-09 17:29:16 
TT 680 007.5  55.7 027.6  54.1 8.66E-06 004.6 142.3  29.3 0.026435 0.064667 0.027493 hargrave 2018-10-10 09:32:57 
TT 682 201.7  37.8 190.5  39.0 7.16E-06 010.9 233.2  10.4 0.040032 0.168331 0.026378 hargrave 2018-10-11 15:37:23 
TT 682 204.4  34.7 194.3  36.8 7.34E-06 005.7 236.9  11.4 0.017483 0.110802 0.028984 hargrave 2018-10-11 17:00:45 
TT 684 038.6  29.2 044.5  22.0 8.01E-06 009.3 121.5  01.1 0.026571 0.198028 0.031765 hargrave 2018-10-12 14:03:43 
TT 684 038.8  29.6 044.8  22.4 7.13E-06 007.4 121.9  01.1 0.025604 0.126350 0.032129 hargrave 2018-10-12 15:21:49 
TT 686 169.5 -07.4 171.8 -12.4 1.17E-05 083.0 261.9 -36.7 2.151786 0.496925 11.65901 hargrave 2018-10-19 13:35:58 
TT 686 265.1  14.2 263.6  27.7 1.69E-05 006.0 281.0  59.2 0.069811 0.144916 0.077821 hargrave 2018-10-19 15:15:41 
TT 688 310.0  17.4 313.1  29.5 4.01E-05 045.8 068.8  76.0 0.824850 0.256078 4.192152 hargrave 2018-10-20 13:00:56 
