TR030 -Ja mag compass orientation (IGRF corrected)
   1.84   6.3  52.0  11.0  14.1   1.0
NRM    223.9  47.7 208.1  53.7 3.15E-05 001.8 238.3  51.2 0.082744 0.032818 0.055988 hargrave 2018-05-11 17:51:10 
TT 100 222.6  45.6 207.9  51.5 3.12E-05 001.3 241.3  50.0 0.054798 0.024652 0.049007 hargrave 2018-05-14 16:06:36 
TT 200 222.6  44.4 208.5  50.4 3.09E-05 001.6 243.1  49.8 0.062603 0.047650 0.047988 hargrave 2018-05-15 16:23:04 
TT 300 221.8  44.7 207.6  50.4 3.08E-05 001.6 242.6  49.3 0.069399 0.026694 0.052578 hargrave 2018-05-16 13:37:56 
TT 350 221.3  46.7 206.0  52.2 3.03E-05 016.4 239.4  49.3 0.544221 0.764320 0.035790 hargrave 2018-05-17 15:17:52 
TT 350 221.7  43.8 207.9  49.5 3.07E-05 001.5 243.9  49.0 0.060657 0.028301 0.051156 hargrave 2018-05-17 17:02:41 
TT 400 220.7  43.9 206.8  49.4 3.02E-05 001.4 243.6  48.4 0.058825 0.027671 0.048624 hargrave 2018-05-18 13:37:31 
TT 450 220.2  42.3 207.1  47.8 3.00E-05 001.4 245.7  47.7 0.056839 0.027935 0.048904 hargrave 2018-05-21 10:36:07 
TT 475 220.4  42.1 207.4  47.6 2.98E-05 001.6 246.2  47.8 0.075785 0.028151 0.031228 hargrave 2018-07-30 16:34:07 
TT 500 220.0  40.8 207.6  46.3 2.96E-05 001.7 247.9  47.2 0.077876 0.032781 0.029348 hargrave 2018-07-31 12:58:40 
TT 525 219.0  40.3 206.7  45.6 2.93E-05 001.8 248.2  46.3 0.080191 0.042006 0.036449 hargrave 2018-08-01 11:01:28 
TT 550 217.6  40.5 205.2  45.4 2.91E-05 001.8 247.6  45.3 0.087569 0.024663 0.044309 hargrave 2018-08-01 17:57:33 
TT 550 218.0  40.8 205.5  45.9 2.93E-05 001.8 247.2  45.7 0.084779 0.032242 0.028259 hargrave 2018-08-01 19:20:04 
TT 555 218.2  39.9 206.1  45.1 2.91E-05 001.8 248.5  45.6 0.086193 0.028228 0.030957 hargrave 2018-08-03 11:18:44 
TT 560 217.7  39.2 205.9  44.2 2.90E-05 001.9 249.4  45.0 0.079364 0.038148 0.047851 hargrave 2018-08-03 18:15:26 
TT 565 217.4  39.1 205.6  44.1 2.91E-05 001.4 249.4  44.7 0.064409 0.031915 0.029028 hargrave 2018-08-13 16:32:13 
TT 570 216.6  39.4 204.6  44.1 2.93E-05 001.6 248.7  44.2 0.068923 0.043272 0.030607 hargrave 2018-08-14 13:24:25 
TT 575 216.8  39.0 205.0  43.9 2.91E-05 001.4 249.3  44.3 0.063912 0.035607 0.030972 hargrave 2018-08-15 09:45:35 
TT 580 216.5  39.5 204.5  44.2 2.92E-05 001.5 248.6  44.2 0.072199 0.037358 0.028296 hargrave 2018-08-15 16:55:17 
TT 600 217.0  38.1 205.6  43.0 2.89E-05 001.7 250.6  44.2 0.079831 0.030950 0.025531 hargrave 2018-08-16 13:08:23 
TT 620 215.9  36.5 205.0  41.3 2.84E-05 001.3 252.1  42.8 0.053059 0.027041 0.028242 hargrave 2018-08-17 11:25:35 
TT 630 215.1  36.1 204.4  40.7 2.88E-05 001.4 252.3  42.0 0.056215 0.062718 0.018612 hargrave 2018-08-28 13:05:25 
TT 640 216.8  36.1 206.2  41.1 2.85E-05 001.7 253.1  43.3 0.051456 0.055943 0.064903 hargrave 2018-09-10 11:37:51 
TT 645 219.7  41.3 207.0  46.8 2.51E-05 002.3 247.0  47.1 0.063814 0.071783 0.059416 hargrave 2018-09-11 13:35:50 
TT 650 209.6  38.8 197.8  41.9 2.75E-05 002.0 247.0  38.9 0.035521 0.061497 0.100968 hargrave 2018-09-12 13:33:27 
TT 655 220.3  37.3 209.4  43.0 2.33E-05 002.4 252.9  46.4 0.066667 0.057167 0.069522 hargrave 2018-09-20 14:00:21 
TT 660 206.4  26.7 199.0  29.6 3.11E-05 001.4 258.9  31.2 0.053181 0.072230 0.067499 hargrave 2018-09-21 11:27:43 
TT 665 213.2  42.3 199.9  46.2 2.14E-05 002.7 243.8  42.7 0.069088 0.072826 0.045572 hargrave 2018-09-24 13:50:50 
TT 670 188.8  46.5 174.6  44.2 2.62E-05 001.9 231.2  28.0 0.042129 0.079937 0.037091 hargrave 2018-09-25 11:21:19 
TT 672 236.2  66.1 202.1  73.1 1.47E-05 005.5 206.2  53.8 0.075715 0.119104 0.047019 hargrave 2018-09-25 19:30:18 
TT 674 200.0  17.8 195.2  19.5 3.43E-05 002.4 263.7  21.5 0.125988 0.070799 0.066664 hargrave 2018-09-26 16:11:59 
TT 676 330.7  71.7 019.1  76.0 1.29E-05 005.8 158.1  46.8 0.060757 0.135962 0.029132 hargrave 2018-10-04 15:38:47 
TT 678 187.2  24.7 181.0  23.0 2.64E-05 001.9 250.5  15.6 0.046534 0.108845 0.039289 hargrave 2018-10-05 13:17:11 
TT 680 352.1  18.9 357.3  22.9 1.15E-05 003.1 097.0  22.5 0.035222 0.100813 0.039445 hargrave 2018-10-09 17:19:06 
TT 682 148.4  43.1 140.8  32.9 1.54E-05 005.8 215.3  03.9 0.067224 0.140459 0.061395 hargrave 2018-10-11 15:27:16 
TT 684 002.2  03.5 003.3  05.6 2.05E-05 003.0 090.2  05.4 0.071671 0.219165 0.074727 hargrave 2018-10-12 13:53:33 
TT 686 190.8  12.5 187.8  12.1 2.20E-05 007.4 262.8  11.2 0.158123 0.111999 0.227884 hargrave 2018-10-19 13:26:44 
TT 688 010.8  12.5 013.9  12.2 2.49E-05 007.7 102.6  04.2 0.168661 0.304522 0.285244 hargrave 2018-10-20 12:52:27 
