TR030 -Ra mag compass orientation (IGRF corrected)
    2.9  11.3  79.0  11.0  14.1   1.0
NRM    332.6  30.6 340.6  38.6 5.72E-05 001.8 120.6  38.7 0.066284 0.153853 0.087528 hargrave 2018-05-11 18:02:30 
TT 100 332.0  32.2 340.5  40.3 5.63E-05 002.2 122.7  38.9 0.167092 0.125526 0.081186 hargrave 2018-05-14 16:17:51 
TT 200 331.7  32.5 340.4  40.6 5.60E-05 002.5 123.2  39.0 0.202810 0.126110 0.077515 hargrave 2018-05-15 16:35:15 
TT 300 332.2  31.7 340.6  39.7 5.57E-05 002.0 122.0  38.8 0.149915 0.118522 0.070465 hargrave 2018-05-16 13:49:22 
TT 350 331.9  31.3 340.2  39.5 5.54E-05 001.7 121.7  39.1 0.114143 0.120412 0.071239 hargrave 2018-05-17 15:29:19 
TT 400 332.0  30.7 340.0  38.8 5.49E-05 002.5 120.8  39.2 0.205732 0.116458 0.077826 hargrave 2018-05-18 13:48:59 
TT 450 331.8  31.0 339.9  39.1 5.43E-05 002.3 121.2  39.3 0.187073 0.116971 0.071939 hargrave 2018-05-21 10:48:59 
TT 475 332.0  29.9 339.8  38.1 5.44E-05 001.7 119.8  39.4 0.113119 0.093534 0.070828 hargrave 2018-07-30 16:46:25 
TT 500 332.6  30.2 340.5  38.2 5.30E-05 001.3 120.1  38.8 0.067492 0.111321 0.058388 hargrave 2018-07-31 13:11:39 
TT 525 332.2  29.9 340.0  38.0 5.31E-05 001.6 119.8  39.2 0.102909 0.110863 0.057677 hargrave 2018-08-01 11:14:38 
TT 550 332.3  29.8 340.1  37.9 5.26E-05 001.8 119.6  39.1 0.130031 0.110427 0.052530 hargrave 2018-08-01 18:10:30 
TT 550 332.2  29.4 339.9  37.6 5.27E-05 001.6 119.2  39.3 0.102884 0.108031 0.057176 hargrave 2018-08-01 19:33:01 
TT 555 332.8  29.1 340.4  37.1 5.23E-05 001.6 118.6  38.8 0.113457 0.091777 0.049574 hargrave 2018-08-03 11:30:56 
TT 560 332.2  29.6 340.0  37.7 5.24E-05 001.7 119.4  39.2 0.110181 0.101037 0.055486 hargrave 2018-08-03 18:27:40 
TT 565 331.6  29.4 339.3  37.7 5.22E-05 001.8 119.3  39.8 0.106873 0.101821 0.089263 hargrave 2018-08-13 16:44:27 
TT 570 331.5  28.9 339.0  37.2 5.19E-05 001.7 118.6  40.0 0.087177 0.098256 0.087739 hargrave 2018-08-14 13:37:28 
TT 575 331.5  29.3 339.1  37.5 5.18E-05 001.5 119.1  39.9 0.076092 0.087044 0.084994 hargrave 2018-08-15 09:58:50 
TT 580 331.5  29.2 339.1  37.5 5.19E-05 001.5 119.1  39.9 0.085152 0.077637 0.081275 hargrave 2018-08-15 17:07:29 
TT 600 331.6  28.7 339.1  37.0 5.13E-05 001.5 118.4  39.9 0.058751 0.101322 0.086212 hargrave 2018-08-16 13:22:09 
TT 620 331.2  29.3 338.8  37.6 4.95E-05 001.5 119.2  40.1 0.093888 0.063523 0.072803 hargrave 2018-08-17 11:37:37 
TT 630 330.0  28.8 337.3  37.4 4.85E-05 002.2 118.8  41.3 0.148776 0.093618 0.083223 hargrave 2018-08-28 13:18:25 
TT 640 331.7  27.1 338.7  35.4 4.49E-05 001.9 116.4  40.1 0.078630 0.122104 0.110043 hargrave 2018-09-10 11:50:46 
TT 645 346.5  29.4 354.8  34.4 4.22E-05 001.6 117.6  26.9 0.068811 0.109704 0.071489 hargrave 2018-09-11 13:48:40 
TT 650 345.6  34.0 355.5  38.9 3.72E-05 018.1 122.7  27.3 0.097758 0.108286 1.303464 hargrave 2018-09-12 13:46:24 
TT 650 331.2  29.4 338.8  37.8 4.32E-05 004.4 119.4  40.1 0.099861 0.124542 0.363252 hargrave 2018-09-12 15:15:55 
TT 655 332.9  29.0 340.5  37.0 4.34E-05 002.1 118.5  38.7 0.102445 0.133754 0.074836 hargrave 2018-09-20 14:14:30 
TT 660 333.8  23.7 339.9  31.7 4.37E-05 002.1 111.7  38.6 0.107348 0.150745 0.046449 hargrave 2018-09-21 11:39:45 
TT 665 323.2  23.0 328.5  33.0 3.93E-05 002.5 112.3  48.3 0.115381 0.124686 0.073896 hargrave 2018-09-24 14:03:46 
TT 670 330.4  23.0 336.2  31.7 3.95E-05 001.8 111.2  41.8 0.070307 0.103789 0.067423 hargrave 2018-09-25 11:34:18 
TT 672 337.3  28.2 344.9  35.3 4.25E-05 002.8 116.9  35.0 0.116226 0.199585 0.065985 hargrave 2018-09-25 19:43:13 
TT 674 330.4  20.4 335.6  29.1 3.53E-05 002.4 107.6  42.0 0.098234 0.144716 0.064082 hargrave 2018-09-26 16:24:16 
TT 676 337.5  31.9 346.3  38.8 3.26E-05 002.2 121.2  34.3 0.042385 0.153394 0.054767 hargrave 2018-10-04 15:50:56 
TT 678 333.8  11.6 337.0  19.8 2.21E-05 001.6 096.1  38.6 0.030565 0.105757 0.051916 hargrave 2018-10-05 13:29:37 
TT 680 337.7  35.1 347.7  41.9 1.22E-05 006.0 125.1  33.6 0.064363 0.122826 0.049636 hargrave 2018-10-09 17:30:47 
TT 682 336.4 -11.4 334.9 -03.2 1.14E-05 004.2 069.5  30.9 0.019733 0.127089 0.036284 hargrave 2018-10-11 15:38:54 
TT 684 207.8 -10.5 209.7 -06.2 6.29E-06 005.8 283.8  13.8 0.028189 0.155798 0.025445 hargrave 2018-10-12 14:05:11 
TT 686 280.4 -01.8 280.4  12.3 6.24E-05 025.4 356.0  77.2 0.961619 0.331178 6.160927 hargrave 2018-10-19 13:37:12 
TT 686 104.2 -19.8 104.6 -33.9 2.04E-05 063.3 342.7 -80.7 0.342326 0.157380 2.650969 hargrave 2018-10-19 15:16:55 
TT 688 100.6 -13.0 100.5 -27.1 2.35E-05 017.6 019.7 -87.9 0.277293 0.188562 1.869389 hargrave 2018-10-20 13:02:13 
