TR030 -Ka mag compass orientation (IGRF corrected)
   1.98   4.3  52.0  11.0  14.1   1.0
NRM    203.5  50.8 185.8  51.7 3.82E-05 002.0 231.0  39.8 0.087252 0.083451 0.068432 hargrave 2018-05-11 17:53:55 
TT 100 203.0  48.6 186.6  49.5 3.77E-05 002.9 233.7  38.9 0.145049 0.113948 0.060047 hargrave 2018-05-14 16:09:21 
TT 200 202.2  49.3 185.5  50.0 3.76E-05 002.6 232.6  38.7 0.117596 0.109026 0.057822 hargrave 2018-05-15 16:25:50 
TT 300 201.8  49.1 185.2  49.7 3.75E-05 002.5 232.8  38.3 0.119622 0.094155 0.058423 hargrave 2018-05-16 13:40:42 
TT 350 201.5  47.9 185.6  48.6 3.74E-05 002.6 234.1  37.8 0.128862 0.099263 0.054978 hargrave 2018-05-17 15:20:38 
TT 400 200.4  48.0 184.5  48.4 3.73E-05 002.0 233.7  37.2 0.093170 0.073250 0.059245 hargrave 2018-05-18 13:40:17 
TT 450 200.5  45.5 185.9  46.0 3.70E-05 002.7 236.7  36.4 0.139006 0.095080 0.056341 hargrave 2018-05-21 10:40:25 
TT 475 200.5  45.5 185.9  46.1 3.69E-05 003.7 236.7  36.4 0.195242 0.123352 0.056575 hargrave 2018-07-30 16:37:09 
TT 500 198.3  45.3 183.9  45.3 3.66E-05 003.6 236.3  34.8 0.181217 0.082869 0.119407 hargrave 2018-07-31 13:01:39 
TT 525 198.5  45.4 184.1  45.5 3.67E-05 003.6 236.2  35.0 0.203449 0.103932 0.056842 hargrave 2018-08-01 11:04:24 
TT 550 198.2  43.9 184.5  44.0 3.65E-05 004.3 237.8  34.3 0.232645 0.118212 0.088188 hargrave 2018-08-01 18:00:27 
TT 550 198.3  44.0 184.6  44.1 3.65E-05 004.2 237.7  34.4 0.229494 0.113284 0.093206 hargrave 2018-08-01 19:22:58 
TT 555 199.2  43.9 185.5  44.2 3.65E-05 003.1 238.2  34.9 0.172331 0.080424 0.069207 hargrave 2018-08-03 11:21:39 
TT 560 198.5  43.4 185.0  43.6 3.64E-05 003.5 238.4  34.3 0.190048 0.091650 0.074307 hargrave 2018-08-03 18:18:22 
TT 565 198.2  43.2 184.8  43.4 3.63E-05 002.9 238.6  34.0 0.157482 0.075025 0.061467 hargrave 2018-08-13 16:35:07 
TT 570 197.5  44.0 183.7  43.9 3.63E-05 003.8 237.5  33.8 0.214412 0.105386 0.061703 hargrave 2018-08-14 13:27:19 
TT 575 198.1  42.8 184.9  42.9 3.62E-05 004.0 239.0  33.8 0.225437 0.104668 0.054360 hargrave 2018-08-15 09:48:28 
TT 580 197.9  42.8 184.7  42.8 3.65E-05 002.9 239.0  33.6 0.158369 0.083693 0.060518 hargrave 2018-08-15 16:58:18 
TT 600 197.5  42.7 184.4  42.7 3.60E-05 004.4 238.9  33.3 0.242016 0.123482 0.055312 hargrave 2018-08-16 13:12:56 
TT 620 196.9  40.9 184.6  40.8 3.57E-05 003.8 240.7  32.2 0.217873 0.091851 0.046498 hargrave 2018-08-17 11:28:28 
TT 630 197.5  39.7 185.7  39.9 3.61E-05 003.0 242.2  32.1 0.165138 0.093908 0.045068 hargrave 2018-08-28 13:09:10 
TT 640 200.4  38.8 188.8  39.7 3.52E-05 003.7 244.3  33.8 0.184246 0.118580 0.097067 hargrave 2018-09-10 11:41:38 
TT 645 195.7  43.3 182.5  42.8 3.41E-05 004.2 237.6  32.4 0.198827 0.125720 0.106792 hargrave 2018-09-11 13:39:32 
TT 650 176.0  33.1 168.0  28.5 3.21E-05 018.4 238.7  14.0 0.135423 0.229626 1.043621 hargrave 2018-09-12 13:37:13 
TT 650 160.5  19.1 157.2  11.5 3.17E-05 005.4 240.3 -05.7 0.239054 0.198388 0.046538 hargrave 2018-09-12 15:11:39 
TT 655 191.7  40.0 180.1  38.7 3.57E-05 002.8 239.7  28.3 0.076083 0.186139 0.059376 hargrave 2018-09-20 14:05:46 
TT 660 188.9  36.9 178.7  35.1 3.82E-05 003.5 241.5  24.8 0.181089 0.137515 0.094669 hargrave 2018-09-21 11:31:14 
TT 665 190.5  43.4 177.6  41.7 3.12E-05 003.0 235.7  29.0 0.122678 0.095804 0.050651 hargrave 2018-09-24 13:54:33 
TT 670 178.6  46.9 165.4  42.2 3.38E-05 003.6 227.8  23.3 0.137695 0.158653 0.059071 hargrave 2018-09-25 11:25:03 
TT 672 173.6  46.4 161.3  40.8 3.26E-05 004.5 226.2  20.2 0.166900 0.185919 0.057034 hargrave 2018-09-25 19:34:01 
TT 674 183.7  29.2 176.3  26.5 3.76E-05 003.0 245.9  17.1 0.154379 0.110592 0.064772 hargrave 2018-09-26 16:15:35 
TT 676 159.7  62.6 142.2  53.4 1.98E-05 006.7 207.1  23.3 0.117002 0.201935 0.028309 hargrave 2018-10-04 15:41:42 
TT 678 181.0  26.8 174.5  23.6 2.94E-05 004.1 246.5  13.7 0.159267 0.156577 0.045865 hargrave 2018-10-05 13:20:49 
TT 680 170.4  28.2 164.2  22.5 2.55E-05 003.7 239.5  07.1 0.058220 0.151452 0.102887 hargrave 2018-10-09 17:21:54 
TT 682 160.8  35.1 153.7  27.2 1.83E-05 007.4 228.9  05.6 0.116831 0.217243 0.066676 hargrave 2018-10-11 15:30:09 
TT 684 028.7  23.7 033.9  18.7 1.66E-05 006.3 123.4 -02.9 0.036640 0.270106 0.066811 hargrave 2018-10-12 13:56:20 
TT 686 186.8  17.4 182.6  15.8 1.95E-05 002.0 257.6  12.5 0.041569 0.170053 0.067638 hargrave 2018-10-19 13:29:48 
TT 688 094.5 -19.1 093.7 -33.1 6.71E-05 006.4 180.6 -71.1 0.731490 0.282600 3.494106 hargrave 2018-10-20 12:54:50 
