TR030 -Ma mag compass orientation (IGRF corrected)
    2.2   2.3  53.0  11.0  14.1   1.0
NRM    032.8  27.7 038.7  21.7 2.23E-05 001.5 130.0 -04.5 0.038490 0.053519 0.052142 hargrave 2018-05-11 17:56:51 
TT 100 034.5  27.3 040.2  21.0 2.14E-05 001.8 130.9 -05.8 0.044314 0.064261 0.046035 hargrave 2018-05-14 16:12:15 
TT 200 034.8  27.7 040.6  21.3 2.14E-05 002.6 131.4 -05.7 0.062803 0.082877 0.046854 hargrave 2018-05-15 16:28:44 
TT 300 035.0  27.4 040.7  20.9 2.12E-05 001.6 131.3 -06.2 0.046140 0.052320 0.044224 hargrave 2018-05-16 13:43:41 
TT 350 035.3  26.9 040.8  20.5 2.09E-05 002.3 131.1 -06.6 0.068705 0.065928 0.044421 hargrave 2018-05-17 15:23:36 
TT 400 035.4  25.9 040.7  19.5 2.05E-05 002.1 130.5 -07.4 0.068186 0.043338 0.046091 hargrave 2018-05-18 13:43:19 
TT 450 036.9  26.0 042.1  19.3 1.99E-05 002.1 131.6 -08.2 0.069505 0.052706 0.043633 hargrave 2018-05-21 10:43:19 
TT 475 036.7  25.2 041.7  18.5 1.96E-05 002.0 130.9 -08.8 0.068872 0.052553 0.035533 hargrave 2018-07-30 16:40:15 
TT 500 037.4  22.2 041.7  15.5 1.94E-05 002.7 129.4 -11.4 0.085648 0.061781 0.028381 hargrave 2018-07-31 13:04:45 
TT 525 036.6  23.0 041.1  16.4 1.91E-05 002.4 129.4 -10.3 0.078583 0.057771 0.025302 hargrave 2018-08-01 11:07:33 
TT 550 038.4  22.8 042.7  15.8 1.90E-05 002.5 130.5 -11.6 0.074213 0.051082 0.042868 hargrave 2018-08-01 18:03:38 
TT 550 038.1  22.8 042.5  15.9 1.89E-05 002.3 130.3 -11.4 0.072832 0.056597 0.034617 hargrave 2018-08-01 19:26:04 
TT 555 038.3  24.0 042.9  17.0 1.88E-05 002.0 131.2 -10.7 0.070123 0.050412 0.021077 hargrave 2018-08-03 11:24:47 
TT 560 039.5  23.5 043.9  16.3 1.89E-05 002.9 131.7 -11.7 0.082791 0.056265 0.043949 hargrave 2018-08-03 18:21:30 
TT 565 037.8  23.2 042.2  16.3 1.87E-05 002.3 130.3 -10.9 0.078679 0.043414 0.024662 hargrave 2018-08-13 16:38:22 
TT 570 037.7  22.5 042.0  15.6 1.85E-05 002.2 129.8 -11.4 0.058375 0.059442 0.023672 hargrave 2018-08-14 13:30:29 
TT 575 038.0  22.8 042.4  15.9 1.87E-05 003.6 130.3 -11.3 0.089155 0.088166 0.021551 hargrave 2018-08-15 09:51:37 
TT 580 038.5  22.4 042.7  15.4 1.83E-05 002.7 130.3 -11.9 0.073337 0.066023 0.019101 hargrave 2018-08-15 17:01:25 
TT 600 038.2  21.5 042.2  14.6 1.82E-05 001.9 129.5 -12.4 0.051172 0.054520 0.021631 hargrave 2018-08-16 13:16:05 
TT 620 041.1  22.5 045.2  15.0 1.72E-05 003.4 132.3 -13.4 0.068174 0.082446 0.022922 hargrave 2018-08-17 11:31:35 
TT 630 040.3  22.4 044.4  15.1 1.63E-05 002.3 131.7 -13.0 0.038668 0.056444 0.020823 hargrave 2018-08-28 13:12:18 
TT 640 043.4  22.5 047.3  14.5 1.50E-05 002.6 133.9 -14.8 0.026105 0.033869 0.056708 hargrave 2018-09-10 11:44:42 
TT 645 057.9  09.4 058.6 -01.0 1.82E-05 017.6 138.0 -33.5 0.051589 0.062730 0.652351 hargrave 2018-09-11 13:42:38 
TT 645 066.0 -01.8 064.9 -13.3 2.17E-05 003.1 139.3 -47.3 0.083298 0.073137 0.052982 hargrave 2018-09-11 14:49:23 
TT 650 048.1  28.2 052.9  19.2 1.46E-05 004.8 141.0 -12.8 0.054726 0.107688 0.068730 hargrave 2018-09-12 13:40:20 
TT 655 049.9  22.9 053.5  13.7 1.28E-05 004.5 139.3 -18.0 0.041605 0.089180 0.041266 hargrave 2018-09-20 14:08:42 
TT 660 056.6  26.6 060.4  16.2 1.58E-05 003.3 146.7 -18.1 0.067021 0.104448 0.033198 hargrave 2018-09-21 11:34:07 
TT 665 044.9  23.6 048.9  15.3 1.39E-05 003.5 135.8 -14.7 0.037557 0.078705 0.031285 hargrave 2018-09-24 13:57:45 
TT 670 079.4  29.8 081.6  16.6 1.13E-05 005.9 168.0 -22.1 0.061687 0.117072 0.022696 hargrave 2018-09-25 11:28:13 
TT 672 054.5  25.9 058.3  15.8 1.80E-05 004.8 144.6 -17.7 0.078572 0.148313 0.040309 hargrave 2018-09-25 19:37:07 
TT 674 096.8  37.6 097.4  23.5 1.31E-05 007.1 183.7 -15.3 0.057952 0.154603 0.030121 hargrave 2018-09-26 16:18:30 
TT 676 044.6  22.1 048.3  13.8 1.82E-05 004.4 134.5 -15.8 0.083901 0.145334 0.034904 hargrave 2018-10-04 15:44:52 
TT 678 134.5  28.9 131.3  16.9 1.11E-05 007.2 217.1 -13.2 0.057913 0.127983 0.043324 hargrave 2018-10-05 13:23:49 
TT 680 104.2  35.9 103.8  21.9 9.93E-06 007.5 190.0 -16.2 0.021866 0.124139 0.047488 hargrave 2018-10-09 17:24:54 
TT 682 150.4  19.8 147.6  10.4 1.24E-05 005.8 234.5 -11.1 0.052112 0.133461 0.044408 hargrave 2018-10-11 15:33:09 
TT 684 010.4 -04.6 009.3 -04.3 1.61E-05 003.5 091.2 -09.2 0.052813 0.170150 0.064123 hargrave 2018-10-12 13:59:21 
TT 686 110.7 -26.9 112.4 -40.8 4.66E-05 004.6 242.3 -71.5 0.346171 0.198061 0.499208 hargrave 2018-10-19 13:32:22 
TT 688 074.7 -19.6 071.5 -32.1 3.94E-05 009.5 133.7 -66.8 0.432693 0.259113 2.171147 hargrave 2018-10-20 12:57:20 
