TR030 -Ha mag compass orientation (IGRF corrected)
   1.53  30.3  78.0  11.0  14.1   1.0
NRM    343.5  60.3 009.7  63.9 3.23E-05 002.1 156.4  32.3 0.075966 0.096503 0.037268 hargrave 2018-05-11 17:47:28 
TT 100 341.9  61.2 009.2  65.1 3.10E-05 001.7 157.8  32.3 0.063652 0.073298 0.030533 hargrave 2018-05-14 16:03:46 
TT 200 340.6  61.9 008.7  66.0 3.04E-05 001.8 158.9  32.3 0.065317 0.078146 0.028604 hargrave 2018-05-15 16:19:21 
TT 300 342.3  61.1 009.3  64.9 2.99E-05 001.7 157.5  32.3 0.062254 0.072998 0.030448 hargrave 2018-05-16 13:34:59 
TT 350 344.6  62.1 012.8  65.2 3.08E-05 013.2 157.6  30.8 0.505116 0.779937 0.030765 hargrave 2018-05-17 15:14:57 
TT 350 340.1  62.4 008.9  66.5 2.96E-05 001.6 159.5  32.2 0.059607 0.068465 0.032163 hargrave 2018-05-17 16:59:49 
TT 400 339.6  62.7 008.8  66.9 2.88E-05 002.1 159.9  32.1 0.073563 0.086675 0.028730 hargrave 2018-05-18 13:34:40 
TT 450 340.6  62.4 009.3  66.4 2.82E-05 001.6 159.3  32.0 0.059939 0.066642 0.025413 hargrave 2018-05-21 10:33:13 
TT 475 341.5  61.9 009.6  65.8 2.80E-05 002.1 158.6  32.0 0.059221 0.083202 0.036581 hargrave 2018-07-30 16:31:04 
TT 500 339.3  62.4 008.0  66.7 2.74E-05 002.1 159.8  32.5 0.052140 0.062364 0.068770 hargrave 2018-07-31 12:55:37 
TT 525 339.2  62.4 008.0  66.8 2.71E-05 002.2 159.9  32.5 0.041095 0.084429 0.060737 hargrave 2018-08-01 10:57:21 
TT 550 339.4  62.7 008.5  67.0 2.67E-05 002.2 160.0  32.2 0.042371 0.079323 0.058562 hargrave 2018-08-01 17:53:41 
TT 550 339.7  62.8 009.0  67.0 2.67E-05 002.1 160.0  32.0 0.051256 0.078663 0.050449 hargrave 2018-08-01 19:16:56 
TT 555 338.8  62.8 008.0  67.2 2.66E-05 001.9 160.3  32.4 0.038138 0.070392 0.050675 hargrave 2018-08-03 11:15:36 
TT 560 338.8  62.7 008.0  67.2 2.66E-05 002.2 160.3  32.4 0.053975 0.071766 0.064022 hargrave 2018-08-03 18:11:17 
TT 565 337.8  63.0 007.4  67.6 2.62E-05 001.9 160.9  32.5 0.038929 0.067319 0.052802 hargrave 2018-08-13 16:28:19 
TT 570 338.0  62.8 007.4  67.4 2.61E-05 002.0 160.6  32.6 0.039908 0.070472 0.055205 hargrave 2018-08-14 13:20:26 
TT 575 338.8  62.6 007.8  67.0 2.60E-05 001.9 160.1  32.5 0.035793 0.069230 0.051392 hargrave 2018-08-15 09:41:40 
TT 580 339.8  62.2 008.3  66.4 2.60E-05 001.9 159.4  32.4 0.042549 0.065516 0.051023 hargrave 2018-08-15 16:51:21 
TT 600 341.1  61.9 009.2  65.9 2.56E-05 001.8 158.7  32.2 0.045494 0.056010 0.051445 hargrave 2018-08-16 13:05:18 
TT 620 337.5  64.4 009.1  68.8 2.44E-05 002.8 162.1  31.6 0.037448 0.109299 0.042660 hargrave 2018-08-17 11:22:32 
TT 630 338.3  63.4 008.5  67.8 2.44E-05 001.8 161.0  32.1 0.070087 0.057007 0.030130 hargrave 2018-08-28 13:02:20 
TT 640 334.8  65.2 007.8  70.2 2.29E-05 002.2 163.8  31.8 0.076270 0.071719 0.036391 hargrave 2018-09-10 11:34:46 
TT 645 349.5  63.2 018.7  64.9 2.39E-05 002.3 157.2  28.3 0.088003 0.087426 0.039319 hargrave 2018-09-11 13:31:54 
TT 650 102.2  59.4 101.8  45.3 2.20E-05 020.2 170.4 -17.1 0.111202 0.057152 0.852621 hargrave 2018-09-12 13:30:24 
TT 650 320.7  53.5 337.9  63.1 2.77E-05 006.4 162.8  45.4 0.110747 0.068441 0.368353 hargrave 2018-09-12 15:07:35 
TT 655 355.4  58.2 018.9  59.2 2.20E-05 002.5 150.7  28.1 0.073953 0.087618 0.045306 hargrave 2018-09-20 13:56:35 
TT 660 326.5  77.0 038.8  79.6 2.26E-05 002.8 173.8  23.6 0.089202 0.103168 0.034085 hargrave 2018-09-21 11:24:53 
TT 665 357.9  59.9 022.6  60.1 2.46E-05 002.0 151.9  26.3 0.075092 0.059343 0.056521 hargrave 2018-09-24 13:46:53 
TT 670 357.5  75.2 046.6  72.2 2.46E-05 002.2 166.8  19.7 0.089825 0.085479 0.035205 hargrave 2018-09-25 11:18:12 
TT 672 016.0  38.6 026.7  36.0 2.71E-05 003.0 126.9  18.6 0.036055 0.184261 0.049145 hargrave 2018-09-25 19:27:11 
TT 674 221.3  66.9 185.5  70.1 2.08E-05 004.0 203.5  15.3 0.092048 0.126561 0.040151 hargrave 2018-09-26 16:09:01 
TT 676 032.1  58.9 049.9  51.8 1.97E-05 002.1 148.5  09.4 0.070192 0.094543 0.031390 hargrave 2018-10-04 15:35:33 
TT 678 214.7  34.8 204.5  39.4 1.70E-05 005.6 236.3  10.4 0.097764 0.118780 0.077945 hargrave 2018-10-05 13:14:15 
TT 680 024.4  26.5 030.6  22.5 1.24E-05 003.2 115.1  10.5 0.022616 0.094366 0.046049 hargrave 2018-10-09 17:16:04 
TT 682 162.3  70.2 138.5  60.8 1.08E-05 008.4 193.1 -02.9 0.051975 0.147001 0.043036 hargrave 2018-10-11 15:24:14 
TT 682 177.7  65.1 153.4  58.9 1.04E-05 004.9 200.7 -01.9 0.023639 0.082261 0.051222 hargrave 2018-10-11 16:56:05 
TT 684 037.9  19.7 041.5  12.9 1.44E-05 003.9 110.8 -02.9 0.026887 0.212079 0.056414 hargrave 2018-10-12 13:50:32 
TT 686 189.0  01.8 188.7  01.2 2.19E-05 035.0 263.6 -20.4 0.213052 0.193113 1.584389 hargrave 2018-10-19 13:24:14 
TT 686 242.2  07.5 240.1  18.4 2.38E-05 009.0 268.7  32.6 0.073809 0.271224 0.351924 hargrave 2018-10-19 15:09:30 
TT 688 058.2  03.4 057.9 -06.9 2.09E-05 030.2 100.0 -26.4 0.133918 0.323666 1.187058 hargrave 2018-10-20 12:49:55 
