TR030 -Ta mag compass orientation (IGRF corrected)
   3.46 349.3  49.0  11.0  14.1   1.0
NRM    318.7  53.8 335.6  63.7 3.58E-05 002.5 129.0  49.1 0.118590 0.098634 0.042877 hargrave 2018-05-11 18:05:16 
TT 100 317.9  53.3 334.2  63.4 3.48E-05 002.5 128.2  49.6 0.112540 0.095705 0.037405 hargrave 2018-05-14 16:20:37 
TT 200 319.2  52.7 335.4  62.6 3.47E-05 002.0 127.4  48.7 0.088515 0.080141 0.039681 hargrave 2018-05-15 16:38:01 
TT 300 320.2  51.8 336.1  61.5 3.43E-05 001.7 126.2  47.9 0.080925 0.062607 0.030151 hargrave 2018-05-16 13:53:00 
TT 350 320.0  51.9 335.8  61.7 3.41E-05 003.0 126.4  48.1 0.148652 0.103508 0.032329 hargrave 2018-05-17 15:32:05 
TT 400 320.9  51.6 336.7  61.2 3.39E-05 001.9 126.1  47.5 0.084249 0.079356 0.032330 hargrave 2018-05-18 13:51:48 
TT 450 321.0  51.4 336.7  60.9 3.37E-05 001.6 125.7  47.4 0.064346 0.058278 0.039530 hargrave 2018-05-21 10:51:52 
TT 475 320.8  50.2 335.7  59.9 3.37E-05 001.1 124.0  47.3 0.037034 0.048714 0.034098 hargrave 2018-07-30 16:50:17 
TT 500 321.4  50.7 336.8  60.2 3.31E-05 001.2 124.8  47.0 0.036847 0.065746 0.026893 hargrave 2018-07-31 13:14:38 
TT 525 321.8  50.1 336.9  59.6 3.27E-05 001.4 124.1  46.6 0.050659 0.065443 0.033862 hargrave 2018-08-01 11:18:29 
TT 550 322.8  51.2 338.8  60.4 3.24E-05 001.3 125.8  46.2 0.042229 0.067402 0.043519 hargrave 2018-08-01 18:14:16 
TT 550 322.7  51.1 338.6  60.4 3.25E-05 001.2 125.7  46.3 0.040805 0.061234 0.040452 hargrave 2018-08-01 19:36:02 
TT 555 321.7  50.2 336.7  59.7 3.27E-05 001.2 124.1  46.7 0.042240 0.059592 0.035067 hargrave 2018-08-03 11:34:50 
TT 560 322.8  49.7 337.9  59.0 3.22E-05 001.4 123.8  45.9 0.047902 0.063265 0.048136 hargrave 2018-08-03 18:31:25 
TT 565 322.0  49.8 337.0  59.3 3.23E-05 001.8 123.8  46.4 0.063220 0.070952 0.040158 hargrave 2018-08-13 16:48:19 
TT 570 322.1  50.1 337.3  59.5 3.20E-05 001.4 124.2  46.4 0.039528 0.060587 0.041545 hargrave 2018-08-14 13:40:33 
TT 575 322.1  49.5 336.9  59.0 3.19E-05 001.5 123.3  46.3 0.051779 0.063930 0.037407 hargrave 2018-08-15 10:02:41 
TT 580 322.4  50.5 337.8  59.8 3.18E-05 001.3 124.7  46.4 0.033528 0.061838 0.038051 hargrave 2018-08-15 17:10:27 
TT 600 322.7  49.2 337.3  58.5 3.13E-05 001.6 123.0  45.9 0.041636 0.068811 0.041783 hargrave 2018-08-16 13:25:09 
TT 620 324.3  49.8 339.7  58.8 3.02E-05 001.3 124.2  45.0 0.030958 0.057697 0.041246 hargrave 2018-08-17 11:40:34 
TT 630 322.8  48.0 336.8  57.4 3.04E-05 001.6 121.3  45.5 0.065182 0.045872 0.043474 hargrave 2018-08-28 13:21:31 
TT 640 323.4  49.0 338.1  58.2 2.80E-05 001.6 122.9  45.4 0.047615 0.073861 0.047723 hargrave 2018-09-10 11:53:41 
TT 645 330.3  46.8 344.9  54.7 2.83E-05 001.9 122.0  40.3 0.078723 0.074905 0.025620 hargrave 2018-09-11 13:51:43 
TT 650 326.2  49.7 341.9  58.3 2.63E-05 001.5 124.6  43.8 0.049987 0.086130 0.045730 hargrave 2018-09-12 13:49:22 
TT 655 327.8  43.0 340.0  51.5 2.82E-05 001.6 116.4  40.5 0.039873 0.079259 0.032584 hargrave 2018-09-20 14:18:10 
TT 660 331.1  48.8 346.8  56.4 2.66E-05 001.9 124.7  40.5 0.049755 0.103091 0.018833 hargrave 2018-09-21 11:42:31 
TT 665 326.8  51.3 343.6  59.6 2.56E-05 002.0 126.8  43.8 0.046342 0.092573 0.038994 hargrave 2018-09-24 14:06:44 
TT 670 327.1  53.1 345.2  61.2 2.36E-05 001.8 129.2  44.1 0.059468 0.072137 0.025320 hargrave 2018-09-25 11:37:16 
TT 672 332.7  43.4 345.7  50.9 2.67E-05 002.0 118.8  37.4 0.036268 0.115251 0.043343 hargrave 2018-09-25 19:46:14 
TT 674 331.8  52.9 350.5  60.1 2.33E-05 002.4 130.1  41.3 0.041492 0.117731 0.027898 hargrave 2018-09-26 16:27:02 
TT 676 334.4  46.1 349.0  53.0 2.31E-05 001.7 122.5  37.4 0.053394 0.092466 0.034901 hargrave 2018-10-04 15:53:54 
TT 678 319.8  57.9 340.6  67.3 1.53E-05 002.8 135.3  48.9 0.036857 0.089286 0.019893 hargrave 2018-10-05 13:32:27 
TT 680 330.7  48.0 346.0  55.7 1.15E-05 004.1 123.6  40.4 0.038600 0.079437 0.035398 hargrave 2018-10-09 17:33:39 
TT 682 249.9  72.7 196.3  81.1 4.20E-06 010.3 185.2  58.0 0.024360 0.073090 0.008473 hargrave 2018-10-11 15:41:48 
TT 682 243.5  69.1 203.1  77.2 4.15E-06 008.2 191.4  60.7 0.019729 0.056320 0.010425 hargrave 2018-10-11 17:02:14 
TT 682 240.9  68.3 202.5  75.9 4.17E-06 005.3 194.0  61.0 0.019202 0.033440 0.010815 hargrave 2018-10-11 17:22:55 
TT 684 344.5  18.8 349.7  24.6 4.79E-06 003.0 101.5  15.7 0.010859 0.073250 0.017311 hargrave 2018-10-12 14:08:01 
TT 686 249.3  36.3 241.9  47.9 1.42E-05 038.2 297.6  80.9 0.344067 0.091973 1.403022 hargrave 2018-10-19 13:39:34 
TT 686 091.1 -18.5 089.9 -32.3 9.25E-06 049.8 207.7 -65.3 0.209443 0.061069 1.009276 hargrave 2018-10-19 15:19:17 
TT 688 053.3 -22.3 047.7 -31.3 9.93E-06 008.8 122.6 -61.2 0.134598 0.077910 0.436442 hargrave 2018-10-20 13:04:33 
