TR030 -La mag compass orientation (IGRF corrected)
   2.08   2.3  53.0  11.0  14.1   1.0
NRM    077.0  46.5 081.4  33.4 1.90E-05 001.5 169.5 -05.4 0.018916 0.038903 0.027370 hargrave 2018-05-11 17:55:26 
TT 100 083.9  44.8 086.9  31.2 1.86E-05 001.4 174.0 -07.9 0.043777 0.029945 0.028559 hargrave 2018-05-14 16:10:49 
TT 200 084.6  44.3 087.4  30.7 1.86E-05 002.6 174.4 -08.4 0.045713 0.075326 0.029592 hargrave 2018-05-15 16:27:18 
TT 300 084.8  43.6 087.5  30.0 1.85E-05 001.7 174.5 -09.1 0.042787 0.045083 0.027432 hargrave 2018-05-16 13:42:12 
TT 350 087.3  43.4 089.6  29.6 1.84E-05 002.8 176.3 -09.5 0.045647 0.084722 0.028082 hargrave 2018-05-17 15:22:11 
TT 400 086.7  42.1 089.0  28.3 1.81E-05 002.2 175.8 -10.8 0.052155 0.059214 0.027901 hargrave 2018-05-18 13:41:50 
TT 450 088.7  41.3 090.6  27.5 1.78E-05 001.7 177.2 -11.6 0.048781 0.042229 0.028820 hargrave 2018-05-21 10:41:53 
TT 475 087.2  40.7 089.3  27.0 1.78E-05 002.5 176.0 -12.1 0.046615 0.065211 0.040271 hargrave 2018-07-30 16:38:44 
TT 500 091.0  38.5 092.4  24.6 1.78E-05 003.7 178.9 -14.5 0.042360 0.083924 0.078089 hargrave 2018-07-31 13:03:13 
TT 525 090.9  39.7 092.4  25.8 1.76E-05 002.1 178.9 -13.3 0.040797 0.045706 0.041041 hargrave 2018-08-01 11:06:01 
TT 550 093.4  39.0 094.5  25.0 1.75E-05 004.3 180.9 -14.0 0.044229 0.079120 0.104732 hargrave 2018-08-01 18:02:02 
TT 550 093.3  38.7 094.4  24.7 1.75E-05 004.0 180.8 -14.3 0.043494 0.078997 0.094883 hargrave 2018-08-01 19:24:33 
TT 555 093.1  40.0 094.3  26.0 1.73E-05 004.2 180.6 -13.0 0.044090 0.112972 0.058277 hargrave 2018-08-03 11:23:15 
TT 560 093.5  40.4 094.6  26.4 1.73E-05 003.4 180.9 -12.6 0.036071 0.075391 0.072340 hargrave 2018-08-03 18:19:56 
TT 565 093.1  39.7 094.3  25.8 1.72E-05 002.6 180.7 -13.2 0.040669 0.058038 0.053799 hargrave 2018-08-13 16:36:46 
TT 570 092.6  40.1 093.9  26.1 1.71E-05 002.5 180.3 -12.9 0.021994 0.062949 0.038546 hargrave 2018-08-14 13:28:58 
TT 575 091.9  39.6 093.2  25.6 1.72E-05 002.3 179.7 -13.4 0.034147 0.040850 0.057179 hargrave 2018-08-15 09:50:05 
TT 580 094.0  39.9 095.1  25.9 1.71E-05 003.0 181.4 -13.1 0.014217 0.082234 0.034486 hargrave 2018-08-15 16:59:53 
TT 600 094.1  39.9 095.1  25.9 1.69E-05 002.5 181.4 -13.1 0.037993 0.062330 0.035518 hargrave 2018-08-16 13:14:32 
TT 620 098.8  37.9 099.1  23.8 1.68E-05 003.3 185.3 -14.9 0.036907 0.085072 0.047081 hargrave 2018-08-17 11:30:03 
TT 630 098.5  39.3 098.9  25.2 1.65E-05 002.3 184.9 -13.5 0.045013 0.065342 0.013350 hargrave 2018-08-28 13:10:46 
TT 640 107.2  40.4 106.3  26.3 1.67E-05 003.4 191.5 -11.5 0.044299 0.092917 0.038153 hargrave 2018-09-10 11:43:12 
TT 645 105.9  40.9 105.2  26.9 1.74E-05 003.3 190.4 -11.1 0.062575 0.094571 0.033502 hargrave 2018-09-11 13:41:07 
TT 650 105.2  39.7 104.5  25.7 1.83E-05 005.5 190.1 -12.4 0.078329 0.148875 0.097185 hargrave 2018-09-12 13:38:48 
TT 655 108.0  39.4 107.0  25.4 1.65E-05 005.3 192.3 -12.2 0.050049 0.151597 0.035968 hargrave 2018-09-20 14:07:16 
TT 660 117.5  39.0 115.1  25.4 1.91E-05 003.6 199.7 -10.6 0.082945 0.114627 0.030154 hargrave 2018-09-21 11:32:43 
TT 665 089.5  39.0 091.2  25.2 1.62E-05 004.2 177.8 -13.9 0.046641 0.112388 0.031323 hargrave 2018-09-24 13:56:08 
TT 670 109.3  38.3 108.2  24.4 2.07E-05 003.3 193.6 -13.1 0.088431 0.109857 0.037101 hargrave 2018-09-25 11:26:37 
TT 672 079.7  36.6 082.5  23.3 1.96E-05 006.2 169.6 -15.5 0.089695 0.212826 0.029599 hargrave 2018-09-25 19:35:36 
TT 674 122.4  31.1 120.2  17.8 1.85E-05 005.3 206.6 -16.3 0.096096 0.156325 0.022067 hargrave 2018-09-26 16:17:04 
TT 676 075.5  38.3 079.1  25.4 1.74E-05 006.2 166.5 -13.1 0.068928 0.191634 0.026319 hargrave 2018-10-04 15:43:20 
TT 678 140.8  31.0 136.6  19.8 1.59E-05 005.6 220.4 -08.3 0.068280 0.154651 0.023007 hargrave 2018-10-05 13:22:23 
TT 680 115.8  42.1 113.5  28.4 1.02E-05 007.8 197.4 -08.0 0.062418 0.142277 0.040389 hargrave 2018-10-09 17:23:23 
TT 682 145.3  31.4 140.7  20.9 1.08E-05 008.4 223.2 -05.5 0.049544 0.177035 0.041483 hargrave 2018-10-11 15:31:39 
TT 682 151.3  28.6 146.7  19.1 1.08E-05 004.2 229.0 -04.2 0.020165 0.108112 0.034127 hargrave 2018-10-11 16:57:41 
TT 684 014.0  05.6 015.3  04.7 1.19E-05 004.2 101.5 -05.9 0.031584 0.215983 0.044124 hargrave 2018-10-12 13:57:54 
TT 686 252.8  26.1 248.2  38.3 5.23E-05 036.3 297.7  70.2 1.037798 0.344484 4.978973 hargrave 2018-10-19 13:31:05 
TT 686 253.7  27.5 249.0  39.8 4.76E-05 011.4 295.7  71.7 0.508236 0.205284 2.774813 hargrave 2018-10-19 15:12:09 
TT 688 071.4 -02.0 070.3 -14.3 1.75E-05 010.1 146.2 -50.1 0.146344 0.228251 0.639413 hargrave 2018-10-20 12:56:07 
