TR030 -Ga mag compass orientation (IGRF corrected)
   1.31  18.3  66.0  11.0  14.1   1.0
NRM    358.9  40.8 011.4  42.2 4.27E-05 001.8 124.7  29.7 0.102550 0.064555 0.063421 hargrave 2018-05-11 17:45:58 
TT 100 359.1  41.2 011.8  42.5 4.13E-05 001.5 125.1  29.6 0.072384 0.064954 0.056722 hargrave 2018-05-14 16:02:17 
TT 200 359.1  40.6 011.5  42.0 4.10E-05 002.2 124.5  29.6 0.137816 0.060746 0.055078 hargrave 2018-05-15 16:17:55 
TT 300 359.3  39.9 011.3  41.3 4.06E-05 001.6 123.7  29.3 0.081196 0.068730 0.054442 hargrave 2018-05-16 13:33:32 
TT 350 001.1  40.3 013.3  41.3 4.17E-05 008.8 124.4  28.0 0.535485 0.765196 0.048439 hargrave 2018-05-17 15:13:28 
TT 350 359.0  38.8 010.7  40.3 4.03E-05 002.9 122.5  29.3 0.182330 0.079844 0.055067 hargrave 2018-05-17 16:58:23 
TT 400 359.6  38.8 011.2  40.2 3.99E-05 001.8 122.6  28.9 0.106237 0.054215 0.053693 hargrave 2018-05-18 13:33:10 
TT 450 000.1  40.5 012.4  41.7 3.94E-05 002.9 124.5  28.8 0.183472 0.078490 0.048199 hargrave 2018-05-21 10:31:47 
TT 475 000.1  39.6 012.1  40.8 3.92E-05 001.5 123.5  28.6 0.075392 0.052894 0.047043 hargrave 2018-07-30 16:29:28 
TT 500 000.3  37.6 011.4  38.9 3.84E-05 001.8 121.3  28.1 0.099597 0.062859 0.039269 hargrave 2018-07-31 12:54:05 
TT 525 000.4  37.4 011.4  38.6 3.81E-05 002.2 121.0  28.1 0.125000 0.072754 0.036338 hargrave 2018-08-01 10:55:48 
TT 550 001.1  38.0 012.3  39.1 3.78E-05 001.9 121.9  27.6 0.103369 0.069841 0.043715 hargrave 2018-08-01 17:52:09 
TT 550 001.0  37.9 012.2  38.9 3.78E-05 001.8 121.7  27.6 0.098993 0.060737 0.042938 hargrave 2018-08-01 19:15:21 
TT 555 000.1  37.5 011.2  38.9 3.79E-05 001.8 121.2  28.3 0.095385 0.071525 0.037840 hargrave 2018-08-03 11:14:03 
TT 560 000.3  36.8 011.1  38.1 3.77E-05 001.5 120.4  28.0 0.076072 0.062202 0.039751 hargrave 2018-08-03 18:09:37 
TT 565 359.9  37.6 011.0  39.0 3.76E-05 001.7 121.2  28.5 0.083083 0.051556 0.056093 hargrave 2018-08-13 16:26:47 
TT 570 359.6  36.9 010.5  38.4 3.74E-05 002.1 120.4  28.6 0.112360 0.065092 0.056416 hargrave 2018-08-14 13:18:50 
TT 575 360.0  37.6 011.1  38.9 3.74E-05 001.5 121.2  28.4 0.071325 0.046471 0.051937 hargrave 2018-08-15 09:40:07 
TT 580 360.0  38.2 011.4  39.5 3.73E-05 001.4 121.9  28.5 0.071962 0.040990 0.051989 hargrave 2018-08-15 16:49:49 
TT 600 359.8  37.5 010.9  38.9 3.68E-05 001.5 121.1  28.5 0.063189 0.054801 0.054018 hargrave 2018-08-16 13:03:45 
TT 620 359.5  37.3 010.6  38.8 3.51E-05 002.0 120.9  28.7 0.093004 0.066703 0.047293 hargrave 2018-08-17 11:20:59 
TT 630 358.8  38.3 010.3  39.9 3.46E-05 001.6 121.9  29.5 0.056266 0.074554 0.041471 hargrave 2018-08-28 13:00:48 
TT 640 359.8  37.6 011.0  39.0 3.21E-05 001.8 121.2  28.5 0.045826 0.101771 0.042535 hargrave 2018-09-10 11:33:15 
TT 645 002.8  37.2 013.7  37.9 3.46E-05 002.2 121.2  26.1 0.115679 0.078981 0.051599 hargrave 2018-09-11 13:30:22 
TT 650 007.4  39.7 019.0  39.1 3.34E-05 001.8 124.8  23.1 0.088386 0.096981 0.055464 hargrave 2018-09-12 13:28:52 
TT 655 003.8  36.3 014.3  36.8 3.18E-05 002.0 120.4  25.2 0.075265 0.079318 0.037349 hargrave 2018-09-20 13:55:07 
TT 660 009.2  47.3 024.2  45.9 2.96E-05 001.6 133.1  23.4 0.056135 0.100296 0.033059 hargrave 2018-09-21 11:23:27 
TT 665 003.9  50.3 020.9  49.9 2.88E-05 001.3 135.9  27.3 0.023261 0.059306 0.047395 hargrave 2018-09-24 13:45:21 
TT 670 018.1  53.4 035.3  49.5 2.83E-05 001.4 140.8  19.2 0.063530 0.072487 0.041823 hargrave 2018-09-25 11:16:36 
TT 672 012.8  31.7 021.3  30.2 3.50E-05 002.4 117.8  16.7 0.076110 0.140142 0.059193 hargrave 2018-09-25 19:25:39 
TT 674 026.2  73.8 059.6  66.0 2.10E-05 003.7 162.8  20.8 0.057103 0.150438 0.033869 hargrave 2018-09-26 16:07:29 
TT 676 023.1  27.2 029.6  23.5 2.75E-05 001.3 116.8  06.7 0.046701 0.091725 0.044152 hargrave 2018-10-04 15:33:58 
TT 678 181.4  48.4 167.2  44.3 1.43E-05 006.0 219.8  07.4 0.095373 0.114633 0.036923 hargrave 2018-10-05 13:12:46 
TT 680 025.6  34.7 034.1  30.1 1.32E-05 005.6 124.6  07.8 0.069510 0.110732 0.050913 hargrave 2018-10-09 17:14:36 
TT 682 159.3  33.9 152.7  25.7 1.31E-05 006.7 221.8 -14.5 0.088707 0.127757 0.046294 hargrave 2018-10-11 15:22:42 
TT 684 087.1  49.4 089.9  35.6 1.15E-05 009.6 165.9 -14.2 0.053251 0.202013 0.042947 hargrave 2018-10-12 13:49:03 
TT 684 096.9  49.6 097.7  35.5 1.06E-05 004.8 172.3 -15.7 0.024226 0.076978 0.043203 hargrave 2018-10-12 15:17:21 
TT 686 188.0  23.3 182.1  21.8 1.95E-05 006.4 244.7  00.6 0.157502 0.130259 0.121100 hargrave 2018-10-19 13:22:54 
TT 688 073.0  07.5 073.1 -05.0 2.72E-05 046.0 128.0 -43.3 0.282043 0.502634 2.780522 hargrave 2018-10-20 12:48:39 
