TR030 -Aa mag compass orientation (IGRF corrected)
   0.25  21.3  61.0  11.0  14.1   1.0
NRM    004.4  70.8 041.7  67.7 1.21E-05 001.6 158.1  32.8 0.020275 0.027938 0.016482 hargrave 2018-05-11 17:36:59 
TT 100 005.7  74.3 049.1  70.0 1.16E-05 001.6 162.1  32.0 0.014806 0.027837 0.013953 hargrave 2018-05-14 15:53:24 
TT 200 008.2  74.1 050.0  69.4 1.15E-05 001.4 161.8  31.4 0.014691 0.023834 0.013342 hargrave 2018-05-15 16:08:59 
TT 300 008.5  73.4 048.7  68.8 1.14E-05 002.7 160.9  31.3 0.020844 0.049074 0.015426 hargrave 2018-05-16 13:24:30 
TT 350 019.2  70.3 050.6  64.3 1.24E-05 026.3 157.6  27.8 0.533369 0.758413 0.015653 hargrave 2018-05-17 15:04:33 
TT 350 008.3  73.8 049.3  69.1 1.11E-05 001.6 161.4  31.4 0.014825 0.026082 0.014773 hargrave 2018-05-17 16:49:17 
TT 400 012.4  73.2 050.8  67.9 1.07E-05 002.1 160.7  30.2 0.017097 0.034388 0.014680 hargrave 2018-05-18 13:24:10 
TT 450 016.9  75.5 057.2  68.8 1.02E-05 002.6 163.3  29.1 0.018392 0.040886 0.017428 hargrave 2018-05-21 10:22:55 
TT 475 019.2  73.7 055.5  67.1 1.02E-05 001.5 161.4  28.3 0.014062 0.021726 0.016482 hargrave 2018-07-30 16:19:46 
TT 500 020.5  75.9 060.0  68.6 9.82E-06 002.5 164.0  28.2 0.015739 0.042847 0.014007 hargrave 2018-07-31 12:44:20 
TT 525 025.9  75.6 062.2  67.5 9.68E-06 002.0 163.9  26.9 0.017069 0.031966 0.018365 hargrave 2018-08-01 10:46:04 
TT 550 025.8  76.0 062.8  67.9 9.48E-06 002.1 164.3  27.0 0.016136 0.032325 0.013663 hargrave 2018-08-01 17:42:35 
TT 550 024.8  76.1 062.4  68.1 9.48E-06 002.1 164.4  27.3 0.016550 0.032941 0.013928 hargrave 2018-08-01 19:05:54 
TT 555 040.3  75.9 069.9  65.7 9.14E-06 003.4 165.4  23.6 0.016547 0.039349 0.038945 hargrave 2018-08-03 11:04:08 
TT 560 033.6  76.0 066.7  66.7 9.21E-06 002.2 164.9  25.2 0.018215 0.019400 0.033689 hargrave 2018-08-03 17:59:52 
TT 565 028.1  76.8 065.3  68.1 9.17E-06 001.3 165.4  26.6 0.021237 0.015393 0.010353 hargrave 2018-08-13 16:17:07 
TT 570 030.3  78.8 069.7  69.4 9.12E-06 001.6 167.6  26.7 0.014419 0.025938 0.010516 hargrave 2018-08-14 13:09:10 
TT 575 031.3  77.2 067.4  68.0 9.09E-06 002.0 166.0  26.1 0.015359 0.031978 0.009167 hargrave 2018-08-15 09:30:19 
TT 580 033.9  79.1 071.6  69.1 9.02E-06 001.8 168.1  26.1 0.014768 0.027560 0.010767 hargrave 2018-08-15 16:40:13 
TT 600 036.0  78.4 071.4  68.3 8.85E-06 001.6 167.5  25.5 0.016199 0.023393 0.012035 hargrave 2018-08-16 12:54:09 
TT 620 080.9  80.0 092.5  66.2 8.39E-06 001.4 174.6  20.3 0.017549 0.018370 0.012366 hargrave 2018-08-17 11:11:27 
TT 630 176.3  84.0 121.7  73.3 8.29E-06 001.6 186.1  26.3 0.016823 0.018399 0.020091 hargrave 2018-08-28 12:51:00 
TT 640 173.3  67.3 148.4  60.0 9.59E-06 003.2 200.9  16.8 0.019562 0.022208 0.051458 hargrave 2018-09-10 11:23:49 
TT 645 108.9  68.9 105.9  54.9 1.30E-05 001.6 179.1  07.9 0.056188 0.026734 0.020286 hargrave 2018-09-11 13:20:49 
TT 650 110.6  06.4 110.6 -07.5 3.09E-05 005.4 178.8 -54.6 0.071667 0.066526 0.470786 hargrave 2018-09-12 13:19:21 
TT 655 129.9  62.4 121.2  49.5 1.39E-05 002.7 188.5  02.6 0.028260 0.030769 0.057962 hargrave 2018-09-20 13:44:36 
TT 660 151.0  48.8 141.3  38.8 2.10E-05 002.1 205.0 -04.5 0.104128 0.049424 0.031225 hargrave 2018-09-21 11:14:23 
TT 665 166.3  53.8 151.9  46.2 1.89E-05 002.6 209.1  05.4 0.061186 0.059287 0.078123 hargrave 2018-09-24 13:35:46 
TT 670 149.9  35.4 143.9  25.5 2.26E-05 001.5 212.0 -16.1 0.081319 0.044983 0.032669 hargrave 2018-09-25 11:07:04 
TT 672 123.4  56.3 117.8  43.0 1.66E-05 003.1 186.7 -04.1 0.094322 0.043569 0.068311 hargrave 2018-09-25 19:16:05 
TT 674 135.7  39.1 130.8  27.2 2.11E-05 002.2 199.7 -18.2 0.057421 0.061341 0.038060 hargrave 2018-09-26 15:58:23 
TT 676 116.3  59.8 112.0  46.1 1.52E-05 003.1 182.5 -01.1 0.092231 0.041191 0.065683 hargrave 2018-10-04 15:24:20 
TT 678 162.6  28.2 157.1  20.8 2.22E-05 002.4 225.3 -14.7 0.096822 0.040769 0.044841 hargrave 2018-10-05 13:03:43 
TT 680 189.7  27.1 182.6  25.9 2.21E-05 002.8 240.9  03.7 0.036322 0.081516 0.089954 hargrave 2018-10-09 17:05:27 
TT 682 157.1  30.3 151.5  21.9 1.97E-05 004.1 220.1 -16.3 0.099551 0.084596 0.069484 hargrave 2018-10-11 15:13:40 
TT 684 159.8  46.5 149.4  38.0 1.52E-05 005.1 211.1 -02.8 0.084588 0.093979 0.063670 hargrave 2018-10-12 13:39:51 
TT 686 147.6  06.3 147.3 -03.5 2.73E-05 035.4 230.5 -40.4 0.317794 0.138672 2.130900 hargrave 2018-10-19 13:14:56 
TT 686 132.2 -04.7 133.6 -16.7 4.16E-05 005.8 223.1 -58.7 0.215080 0.169629 0.798212 hargrave 2018-10-19 15:01:47 
TT 688 109.7  52.9 107.8  39.0 1.39E-05 010.2 179.1 -08.0 0.068879 0.051704 0.237893 hargrave 2018-10-20 12:40:53 
