TR030 -Na mag compass orientation (IGRF corrected)
   2.41   7.3  77.0  11.0  14.1   1.0
NRM    242.6  48.3 229.1  58.3 3.60E-05 001.8 212.1  44.5 0.092207 0.061006 0.057216 hargrave 2018-05-11 17:58:14 
TT 100 240.2  47.2 226.8  56.8 3.58E-05 002.0 214.6  43.9 0.094622 0.079213 0.056383 hargrave 2018-05-14 16:13:37 
TT 200 239.7  47.1 226.3  56.6 3.56E-05 001.6 215.1  43.7 0.067517 0.057895 0.052999 hargrave 2018-05-15 16:30:55 
TT 300 239.4  46.9 226.0  56.4 3.53E-05 001.7 215.4  43.6 0.090032 0.047723 0.053787 hargrave 2018-05-16 13:45:05 
TT 350 238.1  46.2 224.8  55.5 3.53E-05 002.1 216.9  43.2 0.085797 0.086750 0.054068 hargrave 2018-05-17 15:25:03 
TT 400 237.1  45.5 224.0  54.6 3.48E-05 001.8 218.2  43.0 0.084177 0.064116 0.055391 hargrave 2018-05-18 13:44:42 
TT 450 236.0  44.4 223.4  53.3 3.42E-05 001.8 220.0  42.9 0.079980 0.058795 0.051689 hargrave 2018-05-21 10:44:41 
TT 475 236.0  44.4 223.3  53.3 3.43E-05 001.8 220.0  42.9 0.089410 0.058918 0.041046 hargrave 2018-07-30 16:41:48 
TT 500 234.5  42.8 222.4  51.5 3.37E-05 001.5 222.6  42.6 0.082669 0.027194 0.037089 hargrave 2018-07-31 13:07:05 
TT 525 235.3  43.5 223.0  52.3 3.36E-05 002.0 221.4  42.9 0.104150 0.056797 0.038306 hargrave 2018-08-01 11:09:57 
TT 550 233.8  43.1 221.4  51.6 3.33E-05 002.0 222.6  42.0 0.106210 0.046198 0.045613 hargrave 2018-08-01 18:05:56 
TT 550 233.6  43.0 221.2  51.5 3.34E-05 002.0 222.8  42.0 0.107015 0.054947 0.045330 hargrave 2018-08-01 19:28:28 
TT 555 234.4  42.4 222.5  51.0 3.35E-05 002.0 223.2  42.8 0.107630 0.046935 0.035154 hargrave 2018-08-03 11:26:16 
TT 560 233.9  42.9 221.7  51.4 3.32E-05 002.2 222.8  42.2 0.118289 0.054188 0.044968 hargrave 2018-08-03 18:22:58 
TT 565 233.4  42.8 221.2  51.2 3.34E-05 002.7 223.1  41.9 0.119345 0.101672 0.022591 hargrave 2018-08-13 16:39:52 
TT 570 233.1  43.1 220.7  51.4 3.32E-05 001.8 222.9  41.6 0.097171 0.055622 0.020779 hargrave 2018-08-14 13:32:53 
TT 575 233.1  42.8 220.7  51.2 3.31E-05 002.4 223.2  41.7 0.115811 0.081384 0.019646 hargrave 2018-08-15 09:54:06 
TT 580 231.4  42.0 219.3  50.0 3.37E-05 003.4 224.9  40.9 0.092866 0.211635 0.018944 hargrave 2018-08-15 17:02:54 
TT 600 232.1  42.8 219.7  51.0 3.27E-05 001.9 223.6  41.1 0.100946 0.063179 0.027948 hargrave 2018-08-16 13:17:34 
TT 620 230.2  42.2 217.8  50.0 3.21E-05 002.1 225.0  40.0 0.098368 0.072056 0.021669 hargrave 2018-08-17 11:33:03 
TT 630 228.6  40.3 216.9  47.8 3.26E-05 000.9 227.9  39.5 0.046066 0.043135 0.023856 hargrave 2018-08-28 13:13:48 
TT 640 228.3  38.8 217.2  46.3 3.19E-05 005.0 229.9  39.7 0.063029 0.348650 0.065066 hargrave 2018-09-10 11:46:14 
TT 645 178.4  43.4 166.6  38.8 2.56E-05 007.3 226.0  02.6 0.075824 0.066135 0.313498 hargrave 2018-09-11 13:44:06 
TT 650 179.9  42.0 168.5  37.9 2.58E-05 013.1 227.5  03.3 0.115186 0.061494 0.588438 hargrave 2018-09-12 13:41:52 
TT 650 250.4  31.2 244.5  43.0 4.53E-05 005.1 229.3  59.3 0.281830 0.116744 0.380368 hargrave 2018-09-12 15:13:07 
TT 655 226.1  37.6 215.3  44.6 3.16E-05 003.0 232.0  38.4 0.107504 0.104175 0.072052 hargrave 2018-09-20 14:10:05 
TT 660 227.4  46.9 212.4  53.8 3.07E-05 002.3 220.4  36.4 0.067764 0.092828 0.055412 hargrave 2018-09-21 11:35:30 
TT 665 229.0  42.7 216.3  50.2 2.86E-05 002.7 224.9  39.0 0.100235 0.087439 0.047428 hargrave 2018-09-24 13:59:13 
TT 670 213.4  43.2 199.6  47.1 3.26E-05 003.6 227.7  27.8 0.153016 0.133771 0.050878 hargrave 2018-09-25 11:29:42 
TT 672 235.5  60.0 210.9  67.7 2.36E-05 005.7 203.7  33.9 0.140369 0.194092 0.037862 hargrave 2018-09-25 19:38:35 
TT 674 208.4  39.3 196.5  42.1 3.19E-05 003.9 232.5  24.5 0.158432 0.140399 0.059972 hargrave 2018-09-26 16:19:56 
TT 676 256.0  62.0 235.8  73.7 1.98E-05 005.5 192.6  38.7 0.080467 0.173028 0.053952 hargrave 2018-10-04 15:46:21 
TT 678 199.8  34.6 189.8  35.6 2.56E-05 005.5 237.4  17.5 0.156704 0.185585 0.072976 hargrave 2018-10-05 13:25:12 
TT 680 230.7  65.0 198.1  70.9 1.27E-05 007.4 200.5  29.1 0.037899 0.157024 0.051805 hargrave 2018-10-09 17:26:17 
TT 682 191.8  23.3 185.8  22.7 1.45E-05 006.1 248.1  09.2 0.081549 0.176746 0.053043 hargrave 2018-10-11 15:34:32 
TT 684 024.8  50.6 039.6  45.5 8.63E-06 012.5 142.8 -00.7 0.048983 0.236637 0.035258 hargrave 2018-10-12 14:00:48 
TT 684 027.9  53.3 043.5  47.3 7.56E-06 009.1 146.0 -01.4 0.015338 0.127093 0.047955 hargrave 2018-10-12 15:18:51 
TT 684 028.5  54.1 044.4  47.9 7.47E-06 004.3 146.8 -01.4 0.019734 0.053873 0.027053 hargrave 2018-10-12 15:35:42 
TT 686 182.6  09.2 180.6  06.9 1.53E-05 005.3 260.0 -02.4 0.047111 0.123744 0.132050 hargrave 2018-10-19 13:33:33 
TT 688 283.3  15.5 283.6  29.6 7.22E-05 057.5 114.2  83.6 0.741042 0.443165 8.271905 hargrave 2018-10-20 12:58:30 
