TR030 -Za mag compass orientation (IGRF corrected)
   4.18 342.3  60.0  11.0  14.1   1.0
NRM    326.2  37.1 335.9  46.3 1.54E-05 003.5 118.3  29.6 0.081450 0.052287 0.018202 hargrave 2018-05-11 18:12:24 
TT 100 324.2  37.8 333.8  47.3 1.40E-05 003.4 118.5  31.3 0.070805 0.046534 0.014356 hargrave 2018-05-14 16:28:23 
TT 200 324.5  37.7 334.2  47.2 1.39E-05 003.1 118.5  31.1 0.065925 0.039403 0.015053 hargrave 2018-05-15 16:46:02 
TT 300 324.9  37.6 334.6  47.0 1.38E-05 002.3 118.5  30.7 0.043494 0.033472 0.014974 hargrave 2018-05-16 14:00:55 
TT 350 324.8  37.4 334.4  46.7 1.37E-05 002.0 118.2  30.7 0.037934 0.030472 0.013645 hargrave 2018-05-17 15:39:12 
TT 400 324.7  35.7 333.8  45.2 1.34E-05 001.9 116.3  30.3 0.035466 0.029117 0.014373 hargrave 2018-05-18 13:58:51 
TT 450 324.5  35.3 333.4  44.8 1.31E-05 002.3 115.8  30.3 0.046095 0.029236 0.013684 hargrave 2018-05-21 10:58:59 
TT 475 324.1  35.3 332.9  44.9 1.30E-05 003.0 115.7  30.7 0.058834 0.038823 0.010395 hargrave 2018-07-30 16:58:36 
TT 500 324.4  34.7 333.1  44.2 1.27E-05 002.3 115.1  30.2 0.041587 0.034491 0.013662 hargrave 2018-07-31 13:23:03 
TT 525 324.3  35.1 333.0  44.6 1.26E-05 002.7 115.5  30.4 0.048399 0.038736 0.015707 hargrave 2018-08-01 11:26:52 
TT 550 324.1  35.1 332.8  44.7 1.25E-05 001.5 115.4  30.6 0.021299 0.029021 0.016991 hargrave 2018-08-01 18:21:52 
TT 550 323.8  35.3 332.6  44.9 1.24E-05 001.8 115.6  30.9 0.019896 0.035533 0.019773 hargrave 2018-08-01 19:44:24 
TT 555 324.3  35.6 333.2  45.1 1.26E-05 002.1 116.1  30.6 0.032662 0.036862 0.014960 hargrave 2018-08-03 11:43:11 
TT 560 322.0  36.4 331.0  46.3 1.26E-05 003.1 116.4  32.5 0.034324 0.038294 0.050007 hargrave 2018-08-03 18:39:37 
TT 565 323.5  34.8 332.1  44.5 1.24E-05 002.1 115.0  31.0 0.035358 0.031442 0.020759 hargrave 2018-08-13 16:56:00 
TT 570 323.1  34.9 331.7  44.7 1.23E-05 001.3 115.0  31.3 0.018105 0.024182 0.019608 hargrave 2018-08-14 13:48:56 
TT 575 323.6  34.4 332.0  44.1 1.23E-05 001.9 114.5  30.8 0.028527 0.034905 0.018976 hargrave 2018-08-15 10:12:38 
TT 580 323.2  33.3 331.2  43.1 1.23E-05 002.3 113.2  30.8 0.039684 0.034613 0.016998 hargrave 2018-08-15 17:18:10 
TT 600 324.1  34.0 332.5  43.6 1.20E-05 002.3 114.2  30.3 0.037239 0.035010 0.016680 hargrave 2018-08-16 13:35:10 
TT 620 323.7  35.0 332.4  44.7 1.12E-05 001.8 115.3  30.9 0.025547 0.032748 0.015846 hargrave 2018-08-17 11:49:45 
TT 630 317.5  36.0 325.7  46.8 1.07E-05 002.3 114.8  36.0 0.025637 0.043793 0.017020 hargrave 2018-08-28 13:29:05 
TT 640 305.2  35.9 311.0  48.5 1.05E-05 007.4 112.2  45.8 0.013128 0.044229 0.154517 hargrave 2018-09-10 12:01:52 
TT 645 333.2  38.6 344.1  46.2 1.13E-05 002.3 121.8  24.8 0.013031 0.075387 0.047078 hargrave 2018-09-11 13:59:06 
TT 650 338.9  58.6 003.1  63.5 9.68E-06 003.7 144.3  27.0 0.017985 0.083347 0.033785 hargrave 2018-09-12 13:59:13 
TT 655 320.0  35.7 328.4  46.0 9.87E-06 004.0 115.1  34.0 0.032909 0.087919 0.025064 hargrave 2018-09-20 14:26:10 
TT 660 317.0  74.6 020.6  80.9 8.85E-06 005.4 162.9  35.5 0.018180 0.088751 0.012814 hargrave 2018-09-21 11:49:32 
TT 665 310.4  44.7 320.1  56.5 9.70E-06 003.3 125.0  42.6 0.010312 0.080379 0.029196 hargrave 2018-09-24 14:14:12 
TT 670 286.4  77.8 070.3  87.8 6.91E-06 007.6 171.1  39.8 0.044210 0.094071 0.009472 hargrave 2018-09-25 11:44:41 
TT 672 333.6  35.7 343.4  43.3 1.18E-05 005.0 118.9  23.5 0.035481 0.144801 0.025439 hargrave 2018-09-25 19:53:39 
TT 674 322.3  62.6 349.6  70.9 6.39E-06 010.3 147.9  35.5 0.022395 0.137080 0.010793 hargrave 2018-09-26 16:34:05 
TT 674 313.2  63.1 338.4  73.4 6.07E-06 005.7 149.2  39.5 0.011547 0.071663 0.020080 hargrave 2018-09-26 17:27:50 
TT 676 328.0  20.2 333.0  29.4 1.17E-05 003.2 101.4  21.9 0.027165 0.144546 0.023741 hargrave 2018-10-04 16:01:24 
TT 678 242.6  26.7 236.7  37.3 4.37E-06 016.9 288.9  80.8 0.023244 0.128008 0.026182 hargrave 2018-10-05 13:39:28 
TT 678 236.3  23.3 230.7  32.9 4.67E-06 008.9 291.2  74.2 0.014313 0.064201 0.035463 hargrave 2018-10-05 14:35:07 
TT 678 237.5  23.0 232.1  32.8 4.67E-06 006.3 294.5  75.0 0.014465 0.039220 0.044278 hargrave 2018-10-05 14:41:56 
TT 680 307.1  00.9 307.9  13.6 7.33E-06 005.3 071.4  30.5 0.016964 0.110076 0.024372 hargrave 2018-10-09 17:40:54 
TT 682 231.4 -25.3 235.4 -15.8 3.13E-06 022.1 337.9  31.1 0.011061 0.131199 0.012298 hargrave 2018-10-11 15:48:57 
TT 682 228.0 -25.4 232.2 -16.5 3.48E-06 015.8 334.6  29.9 0.011702 0.098773 0.021410 hargrave 2018-10-11 17:05:26 
TT 682 227.6 -25.5 231.9 -16.6 3.51E-06 011.0 334.3  29.7 0.011966 0.070685 0.014159 hargrave 2018-10-11 17:26:07 
TT 684 349.7  16.4 354.2  21.0 5.20E-06 005.7 107.8  02.0 0.008764 0.150512 0.019556 hargrave 2018-10-12 14:15:11 
TT 686 194.8 -14.7 198.4 -13.3 5.74E-06 007.5 300.5  18.9 0.010600 0.094251 0.036098 hargrave 2018-10-19 13:45:42 
TT 688 020.2 -17.8 015.4 -19.4 9.38E-06 039.4 092.1 -41.2 0.164415 0.122004 0.776669 hargrave 2018-10-20 13:09:58 
