TR030 -Sa mag compass orientation (IGRF corrected)
   3.32 356.3  53.0  11.0  14.1   1.0
NRM    317.8  45.7 329.6  56.1 1.47E-05 002.9 119.5  51.1 0.068617 0.041575 0.023938 hargrave 2018-05-11 18:03:53 
TT 100 316.7  47.3 329.1  57.8 1.37E-05 002.9 121.9  51.9 0.065079 0.039530 0.020470 hargrave 2018-05-14 16:19:14 
TT 200 317.8  46.9 330.3  57.2 1.36E-05 003.1 121.4  51.2 0.071582 0.037972 0.021326 hargrave 2018-05-15 16:36:38 
TT 300 318.9  47.3 331.7  57.5 1.34E-05 002.6 122.2  50.5 0.057379 0.023681 0.021100 hargrave 2018-05-16 13:51:34 
TT 350 319.0  46.5 331.5  56.7 1.33E-05 003.1 120.9  50.3 0.070770 0.037160 0.019535 hargrave 2018-05-17 15:30:42 
TT 400 319.4  46.0 331.7  56.1 1.31E-05 002.8 120.2  50.0 0.061794 0.034321 0.020256 hargrave 2018-05-18 13:50:25 
TT 450 320.2  47.0 333.1  57.0 1.28E-05 002.8 121.9  49.6 0.060521 0.035266 0.026262 hargrave 2018-05-21 10:50:22 
TT 475 319.6  46.4 332.2  56.5 1.27E-05 002.4 120.9  49.9 0.047269 0.023287 0.027557 hargrave 2018-07-30 16:48:44 
TT 500 320.7  45.6 333.0  55.5 1.24E-05 002.4 119.7  49.1 0.044055 0.034811 0.030921 hargrave 2018-07-31 13:13:09 
TT 525 320.7  44.7 332.6  54.6 1.22E-05 002.1 118.4  48.9 0.042012 0.020359 0.023310 hargrave 2018-08-01 11:16:59 
TT 550 321.0  45.4 333.4  55.2 1.20E-05 001.6 119.5  48.8 0.023342 0.018191 0.038286 hargrave 2018-08-01 18:12:48 
TT 550 321.5  45.5 333.9  55.2 1.20E-05 002.3 119.7  48.5 0.040756 0.033462 0.037357 hargrave 2018-08-01 19:34:31 
TT 555 320.5  45.1 332.6  55.1 1.20E-05 002.4 119.0  49.1 0.043272 0.021344 0.032865 hargrave 2018-08-03 11:33:17 
TT 560 319.9  45.6 332.2  55.7 1.18E-05 001.5 119.7  49.6 0.022341 0.017324 0.030943 hargrave 2018-08-03 18:29:58 
TT 565 319.0  45.5 331.1  55.7 1.19E-05 002.4 119.4  50.2 0.040052 0.022336 0.037390 hargrave 2018-08-13 16:46:46 
TT 570 319.1  45.5 331.1  55.7 1.18E-05 002.8 119.4  50.2 0.049278 0.032306 0.035885 hargrave 2018-08-14 13:39:01 
TT 575 318.9  46.0 331.2  56.2 1.17E-05 001.6 120.2  50.3 0.023412 0.016169 0.035255 hargrave 2018-08-15 10:01:13 
TT 580 318.4  45.2 330.1  55.6 1.17E-05 002.2 118.9  50.6 0.031686 0.032102 0.033741 hargrave 2018-08-15 17:08:58 
TT 600 317.9  46.0 329.9  56.4 1.15E-05 003.2 120.1  51.1 0.053819 0.035859 0.033435 hargrave 2018-08-16 13:23:40 
TT 620 318.1  48.2 331.3  58.5 1.10E-05 002.5 123.6  51.1 0.035365 0.030693 0.030631 hargrave 2018-08-17 11:39:06 
TT 630 314.1  48.7 326.6  59.7 1.09E-05 004.1 124.2  53.7 0.050665 0.057972 0.032304 hargrave 2018-08-28 13:19:55 
TT 640 310.0  49.3 321.6  61.0 9.89E-06 003.7 125.6  56.4 0.046207 0.049954 0.016204 hargrave 2018-09-10 11:52:14 
TT 645 356.2  47.6 012.1  49.3 9.42E-06 020.2 131.1  26.5 0.058182 0.077670 0.369038 hargrave 2018-09-11 13:50:12 
TT 645 015.1  36.6 025.1  34.4 8.27E-06 004.5 129.8  08.8 0.050899 0.055521 0.024386 hargrave 2018-09-11 14:52:28 
TT 650 308.8  58.8 326.6  70.2 9.13E-06 005.8 142.3  55.1 0.050373 0.077713 0.083587 hargrave 2018-09-12 13:47:53 
TT 655 325.6  47.0 339.5  55.9 1.02E-05 003.3 122.6  45.9 0.038524 0.053640 0.006847 hargrave 2018-09-20 14:16:47 
TT 660 327.1  62.3 354.9  69.6 9.99E-06 005.2 144.6  45.6 0.044237 0.089295 0.013403 hargrave 2018-09-21 11:41:08 
TT 665 287.2  71.8 306.8  85.6 9.07E-06 005.2 169.2  53.6 0.046961 0.065566 0.029509 hargrave 2018-09-24 14:05:16 
TT 670 280.6  69.8 279.7  83.9 8.63E-06 005.4 171.2  56.3 0.052644 0.069244 0.019197 hargrave 2018-09-25 11:35:47 
TT 672 337.1  36.4 347.4  43.2 1.08E-05 004.3 112.4  34.7 0.041503 0.104504 0.029384 hargrave 2018-09-25 19:44:42 
TT 674 305.3  75.2 016.3  83.9 7.47E-06 007.7 166.2  47.8 0.047380 0.096249 0.023175 hargrave 2018-09-26 16:25:40 
TT 676 345.5  41.3 358.2  45.9 8.32E-06 005.3 120.9  30.7 0.036094 0.100041 0.028200 hargrave 2018-10-04 15:52:25 
TT 678 216.5  53.2 196.8  57.1 5.83E-06 011.4 228.4  52.2 0.053017 0.104088 0.031137 hargrave 2018-10-05 13:31:01 
TT 678 216.9  47.8 200.8  52.2 6.19E-06 003.5 237.2  52.7 0.017986 0.021248 0.028456 hargrave 2018-10-05 14:32:02 
TT 680 327.1  34.0 335.8  43.0 4.06E-06 010.0 105.6  41.3 0.029976 0.081135 0.011396 hargrave 2018-10-09 17:32:11 
TT 680 326.8  33.6 335.3  42.7 3.97E-06 005.9 105.1  41.4 0.014379 0.045839 0.011685 hargrave 2018-10-10 09:34:28 
TT 682 195.7  11.7 192.7  12.5 4.40E-06 004.3 272.1  22.5 0.021001 0.083015 0.021794 hargrave 2018-10-11 15:40:21 
TT 684 358.8  13.9 002.5  16.4 4.86E-06 005.0 102.6  06.4 0.011509 0.094377 0.023637 hargrave 2018-10-12 14:06:38 
TT 686 095.4 -22.0 094.5 -36.0 2.33E-05 015.3 210.1 -73.1 0.287450 0.220136 1.449217 hargrave 2018-10-19 13:38:24 
TT 686 126.9 -03.2 128.0 -15.9 6.78E-06 005.5 237.7 -39.7 0.038070 0.065114 0.052527 hargrave 2018-10-19 15:18:06 
TT 688 076.6 -19.9 073.6 -32.6 2.63E-05 005.6 151.1 -70.9 0.240325 0.227856 1.319253 hargrave 2018-10-20 13:03:23 
