TR030 -Ba mag compass orientation (IGRF corrected)
   0.36  20.3  63.0  11.0  14.1   1.0
NRM    016.5  74.4 055.1  68.1 1.48E-05 002.5 162.4  26.9 0.034415 0.044204 0.034117 hargrave 2018-05-11 17:38:26 
TT 100 020.7  76.0 060.3  68.6 1.40E-05 002.9 164.4  26.0 0.038133 0.053930 0.031406 hargrave 2018-05-14 15:54:51 
TT 200 023.1  75.8 061.0  68.1 1.39E-05 002.2 164.2  25.4 0.030644 0.033023 0.031008 hargrave 2018-05-15 16:10:27 
TT 300 025.7  75.2 061.3  67.2 1.36E-05 003.1 163.7  24.7 0.034866 0.059410 0.031753 hargrave 2018-05-16 13:25:57 
TT 350 031.4  71.2 059.4  63.0 1.48E-05 022.9 160.1  22.0 0.530076 0.752742 0.033199 hargrave 2018-05-17 15:06:00 
TT 350 025.6  73.7 059.1  66.1 1.34E-05 002.6 162.2  24.4 0.031072 0.043748 0.032403 hargrave 2018-05-17 16:50:45 
TT 400 028.1  71.7 057.9  63.9 1.30E-05 003.2 160.2  23.2 0.037550 0.054307 0.033300 hargrave 2018-05-18 13:25:37 
TT 450 034.1  73.1 063.1  64.2 1.26E-05 002.6 162.3  21.9 0.030942 0.037755 0.032111 hargrave 2018-05-21 10:24:22 
TT 475 033.0  71.2 060.3  62.7 1.25E-05 002.1 160.2  21.5 0.028941 0.032204 0.026305 hargrave 2018-07-30 16:21:20 
TT 500 034.2  71.6 061.4  62.8 1.22E-05 002.5 160.8  21.3 0.027986 0.046309 0.020738 hargrave 2018-07-31 12:45:54 
TT 525 038.7  71.1 063.7  61.7 1.20E-05 002.7 160.9  19.8 0.034803 0.047151 0.018456 hargrave 2018-08-01 10:47:42 
TT 550 043.8  71.5 067.2  61.4 1.17E-05 003.3 162.1  18.5 0.028791 0.055343 0.031853 hargrave 2018-08-01 17:44:09 
TT 550 041.5  71.7 066.0  61.9 1.17E-05 002.9 162.0  19.3 0.025943 0.053631 0.019208 hargrave 2018-08-01 19:07:27 
TT 555 041.1  70.7 064.9  61.1 1.16E-05 002.6 161.0  18.9 0.026029 0.045375 0.017704 hargrave 2018-08-03 11:05:49 
TT 560 044.5  71.7 067.7  61.4 1.15E-05 003.6 162.4  18.4 0.036179 0.061356 0.024252 hargrave 2018-08-03 18:01:28 
TT 565 044.1  71.6 067.4  61.4 1.14E-05 002.6 162.2  18.5 0.026056 0.046291 0.015659 hargrave 2018-08-13 16:18:45 
TT 570 046.5  71.8 069.0  61.3 1.12E-05 002.0 162.8  17.9 0.021087 0.034098 0.015416 hargrave 2018-08-14 13:10:44 
TT 575 044.9  70.4 066.9  60.2 1.13E-05 002.0 161.3  17.6 0.024464 0.035192 0.014668 hargrave 2018-08-15 09:31:56 
TT 580 049.0  71.9 070.6  61.1 1.12E-05 002.1 163.4  17.4 0.021360 0.036575 0.017615 hargrave 2018-08-15 16:41:46 
TT 600 056.4  72.0 075.0  60.3 1.07E-05 002.5 164.9  15.6 0.022373 0.039895 0.021499 hargrave 2018-08-16 12:55:43 
TT 620 073.6  76.2 087.0  62.9 1.02E-05 003.0 171.5  15.7 0.026349 0.042692 0.030666 hargrave 2018-08-17 11:13:01 
TT 630 088.0  83.8 097.0  69.8 9.29E-06 002.7 177.5  21.3 0.011968 0.019613 0.040205 hargrave 2018-08-28 12:52:34 
TT 640 279.3  51.2 278.5  65.3 1.86E-05 029.7 196.0  64.4 0.089655 0.124173 1.422144 hargrave 2018-09-10 11:25:22 
TT 640 288.9  40.1 291.3  54.1 2.95E-05 002.4 184.7  76.8 0.055897 0.053643 0.482219 hargrave 2018-09-10 12:55:34 
TT 645 052.1  61.3 066.2  50.6 1.68E-05 001.6 155.5  09.9 0.048743 0.047800 0.030427 hargrave 2018-09-11 13:22:22 
TT 650 284.7  50.4 286.5  64.4 3.85E-05 040.6 188.9  66.2 0.362114 0.292767 3.662835 hargrave 2018-09-12 13:20:54 
TT 650 287.1  51.9 290.3  65.9 3.59E-05 025.4 184.6  65.0 0.189787 0.278982 2.455629 hargrave 2018-09-12 15:04:29 
TT 650 286.6  54.9 290.0  68.9 3.26E-05 003.3 184.5  61.9 0.059752 0.111715 0.247673 hargrave 2018-09-12 15:35:08 
TT 655 071.0  64.5 080.7  51.7 1.64E-05 004.0 164.1  06.5 0.041917 0.079292 0.076607 hargrave 2018-09-20 13:46:03 
TT 660 176.2  48.4 162.6  43.2 1.96E-05 003.1 217.5  05.7 0.104658 0.071208 0.057608 hargrave 2018-09-21 11:15:50 
TT 665 181.1  35.3 172.0  31.8 1.89E-05 002.6 230.4  01.4 0.068039 0.093913 0.068211 hargrave 2018-09-24 13:37:19 
TT 670 174.5  23.8 169.2  19.1 2.37E-05 002.3 236.8 -09.9 0.081974 0.073740 0.059170 hargrave 2018-09-25 11:08:38 
TT 672 035.7  33.4 042.9  26.7 2.42E-05 001.9 126.3  03.0 0.067687 0.093798 0.060443 hargrave 2018-09-25 19:17:39 
TT 674 123.7  51.6 118.8  38.3 1.88E-05 002.9 188.4 -10.5 0.104336 0.069422 0.046120 hargrave 2018-09-26 15:59:50 
TT 676 040.2  28.7 045.8  21.2 2.43E-05 002.7 124.4 -02.8 0.121348 0.034631 0.053603 hargrave 2018-10-04 15:25:57 
TT 678 176.7  24.1 171.2  19.9 2.26E-05 002.5 237.6 -08.1 0.060825 0.070623 0.066373 hargrave 2018-10-05 13:05:12 
TT 680 162.6  39.8 153.9  32.1 1.81E-05 004.3 217.8 -07.4 0.072048 0.074428 0.100286 hargrave 2018-10-09 17:06:55 
TT 682 167.1  25.7 161.8  19.4 2.13E-05 004.0 231.0 -14.1 0.097511 0.094754 0.079665 hargrave 2018-10-11 15:15:08 
TT 684 177.1  23.2 171.8  19.1 2.15E-05 003.6 238.6 -08.3 0.053952 0.113719 0.093504 hargrave 2018-10-12 13:41:20 
TT 686 181.2 -06.2 183.0 -08.4 3.28E-05 022.8 266.8 -19.8 0.140235 0.150089 1.446644 hargrave 2018-10-19 13:16:15 
TT 686 157.9 -11.1 161.1 -18.5 4.22E-05 016.9 259.9 -42.6 0.244364 0.204858 1.636779 hargrave 2018-10-19 15:03:03 
TT 688 052.0  37.3 058.4  27.4 2.00E-05 011.1 137.1 -05.6 0.075261 0.097371 0.378905 hargrave 2018-10-20 12:42:12 
