TR030 -Ca mag compass orientation (IGRF corrected)
   0.59  17.3  65.0  11.0  14.1   1.0
NRM    344.9  49.0 001.8  53.4 1.85E-05 002.2 134.0  39.6 0.050689 0.039244 0.036843 hargrave 2018-05-11 17:39:53 
TT 100 344.8  50.4 002.5  54.7 1.74E-05 002.0 135.8  39.5 0.042024 0.031983 0.034601 hargrave 2018-05-14 15:56:17 
TT 200 345.3  51.3 003.6  55.4 1.71E-05 002.1 136.9  39.1 0.045569 0.029946 0.032939 hargrave 2018-05-15 16:11:53 
TT 300 345.4  51.0 003.5  55.1 1.67E-05 001.9 136.5  39.1 0.035789 0.029082 0.035523 hargrave 2018-05-16 13:27:28 
TT 350 351.0  51.3 009.3  54.0 1.75E-05 020.4 136.5  35.5 0.527066 0.751476 0.023197 hargrave 2018-05-17 15:07:26 
TT 350 344.9  51.2 003.1  55.4 1.63E-05 002.0 136.8  39.3 0.036982 0.028551 0.036396 hargrave 2018-05-17 16:52:11 
TT 400 344.7  50.1 002.3  54.4 1.54E-05 001.7 135.4  39.6 0.024925 0.025436 0.029923 hargrave 2018-05-18 13:27:04 
TT 450 343.6  51.6 002.1  56.1 1.46E-05 002.0 137.5  40.1 0.037465 0.026014 0.025609 hargrave 2018-05-21 10:25:48 
TT 475 342.8  51.7 001.3  56.4 1.43E-05 001.7 137.8  40.5 0.029589 0.028131 0.026960 hargrave 2018-07-30 16:22:54 
TT 500 344.5  51.4 002.9  55.6 1.36E-05 002.1 137.1  39.5 0.028666 0.032098 0.042632 hargrave 2018-07-31 12:47:26 
TT 525 343.5  51.6 002.1  56.1 1.34E-05 001.7 137.6  40.1 0.031307 0.032150 0.015450 hargrave 2018-08-01 10:49:17 
TT 550 343.1  51.9 001.8  56.4 1.29E-05 001.3 138.0  40.3 0.021194 0.026389 0.016514 hargrave 2018-08-01 17:45:42 
TT 550 342.6  51.7 001.2  56.4 1.29E-05 001.2 137.8  40.6 0.019819 0.026444 0.014244 hargrave 2018-08-01 19:08:57 
TT 555 343.1  51.4 001.4  56.0 1.28E-05 001.3 137.3  40.4 0.021019 0.026320 0.016300 hargrave 2018-08-03 11:07:23 
TT 560 342.5  53.1 002.1  57.7 1.27E-05 001.4 139.6  40.4 0.022547 0.026151 0.019165 hargrave 2018-08-03 18:03:03 
TT 565 341.7  53.4 001.5  58.2 1.24E-05 001.3 140.1  40.8 0.015551 0.022110 0.022437 hargrave 2018-08-13 16:20:18 
TT 570 341.0  53.8 001.1  58.7 1.21E-05 001.5 140.8  41.1 0.017906 0.024702 0.020554 hargrave 2018-08-14 13:12:17 
TT 575 341.4  52.9 000.8  57.8 1.21E-05 001.1 139.6  41.1 0.021136 0.017146 0.019974 hargrave 2018-08-15 09:33:32 
TT 580 339.9  54.0 000.1  59.2 1.18E-05 001.3 141.3  41.7 0.017097 0.023440 0.020568 hargrave 2018-08-15 16:43:18 
TT 600 340.5  53.8 000.5  58.8 1.12E-05 001.7 140.9  41.4 0.019724 0.026158 0.024208 hargrave 2018-08-16 12:57:15 
TT 620 338.1  61.9 006.3  66.6 9.83E-06 001.6 151.6  39.9 0.017922 0.024276 0.031343 hargrave 2018-08-17 11:14:31 
TT 630 322.3  61.2 347.7  69.8 9.85E-06 002.2 156.3  46.7 0.011537 0.020535 0.040634 hargrave 2018-08-28 12:54:08 
TT 640 281.2  41.4 281.2  55.5 1.68E-05 017.4 195.7  72.8 0.086265 0.064550 1.018268 hargrave 2018-09-10 11:26:53 
TT 640 140.8  54.1 131.7  42.5 6.21E-06 013.8 199.0 -05.8 0.034907 0.019335 0.156256 hargrave 2018-09-10 12:57:04 
TT 640 267.4  58.0 258.0  71.5 8.77E-06 025.9 197.8  54.1 0.072797 0.032466 0.526793 hargrave 2018-09-10 13:04:59 
TT 645 014.8  50.4 030.8  47.5 1.47E-05 001.3 137.2  20.5 0.046504 0.058892 0.034954 hargrave 2018-09-11 13:23:53 
TT 650 189.6  72.7 152.1  67.6 1.26E-05 005.4 198.4  21.6 0.052483 0.038926 0.137473 hargrave 2018-09-12 13:22:24 
TT 655 003.2  82.5 071.2  75.0 1.10E-05 004.5 171.9  26.6 0.030099 0.035347 0.080341 hargrave 2018-09-20 13:48:17 
TT 660 167.8  45.0 156.8  38.2 1.74E-05 003.0 218.0 -01.0 0.090922 0.069705 0.050967 hargrave 2018-09-21 11:17:16 
TT 665 176.0  46.8 163.1  41.6 1.20E-05 003.7 219.8  04.8 0.049595 0.039471 0.070184 hargrave 2018-09-24 13:38:51 
TT 670 166.2  21.3 162.0  14.9 2.11E-05 002.6 236.2 -16.4 0.079079 0.064527 0.047559 hargrave 2018-09-25 11:10:10 
TT 672 033.0  22.4 037.6  16.6 1.80E-05 003.3 116.9 -03.8 0.092227 0.072526 0.081317 hargrave 2018-09-25 19:19:12 
TT 674 153.2  33.2 147.3  23.9 1.77E-05 004.9 219.0 -17.3 0.100831 0.112028 0.075294 hargrave 2018-09-26 16:01:18 
TT 676 026.5  14.2 029.4  10.0 1.80E-05 002.4 106.7 -02.1 0.036657 0.110917 0.069666 hargrave 2018-10-04 15:27:30 
TT 678 172.4  24.3 167.1  19.2 1.82E-05 003.3 237.1 -10.0 0.077081 0.070490 0.062512 hargrave 2018-10-05 13:06:38 
TT 680 148.8  47.6 139.9  37.3 1.09E-05 004.8 206.9 -08.4 0.033470 0.061128 0.072439 hargrave 2018-10-09 17:08:26 
TT 682 176.5  20.7 171.9  16.6 1.79E-05 003.8 242.2 -08.7 0.075290 0.099881 0.065446 hargrave 2018-10-11 15:16:34 
TT 684 164.8  31.8 158.1  24.9 1.49E-05 005.6 226.9 -11.0 0.065347 0.149995 0.069044 hargrave 2018-10-12 13:42:50 
TT 686 179.2  11.1 176.9  07.9 2.22E-05 020.6 251.9 -11.2 0.245922 0.055093 0.833238 hargrave 2018-10-19 13:17:30 
TT 686 235.0  19.8 230.2  29.2 2.75E-05 008.2 265.0  41.7 0.153593 0.128595 0.379136 hargrave 2018-10-19 15:04:17 
TT 688 043.6  40.8 052.0  32.3 1.30E-05 018.3 137.2 -01.6 0.080861 0.128974 0.409055 hargrave 2018-10-20 12:43:25 
