TR030 -Pa mag compass orientation (IGRF corrected)
   2.54  14.3  71.0  11.0  14.1   1.0
NRM    025.7  53.3 041.6  47.8 3.13E-05 002.3 143.7  08.6 0.074279 0.087402 0.063570 hargrave 2018-05-11 17:59:37 
TT 100 026.9  50.8 041.4  45.2 3.09E-05 002.0 141.6  07.0 0.068074 0.067792 0.058696 hargrave 2018-05-14 16:15:00 
TT 200 028.0  51.7 042.8  45.8 3.07E-05 003.8 142.7  06.7 0.131376 0.149141 0.059377 hargrave 2018-05-15 16:32:17 
TT 300 027.7  49.6 041.5  43.9 3.05E-05 003.2 140.6  06.1 0.117146 0.120806 0.045838 hargrave 2018-05-16 13:46:28 
TT 350 028.2  49.7 042.1  43.9 3.04E-05 001.6 140.9  05.8 0.055356 0.052659 0.044470 hargrave 2018-05-17 15:26:25 
TT 400 029.4  50.0 043.1  43.9 3.00E-05 001.6 141.4  05.2 0.051391 0.053270 0.048136 hargrave 2018-05-18 13:46:05 
TT 450 029.3  48.6 042.5  42.6 2.96E-05 002.0 140.2  04.7 0.071323 0.069568 0.042777 hargrave 2018-05-21 10:46:04 
TT 475 030.4  49.0 043.5  42.7 2.94E-05 002.1 140.8  04.2 0.066012 0.081013 0.039793 hargrave 2018-07-30 16:43:20 
TT 500 030.8  48.8 043.8  42.4 2.89E-05 001.7 140.7  03.9 0.058377 0.055879 0.040001 hargrave 2018-07-31 13:08:34 
TT 525 030.1  47.2 042.5  41.1 2.86E-05 001.2 139.0  03.7 0.043346 0.037211 0.042231 hargrave 2018-08-01 11:11:28 
TT 550 031.1  48.4 043.9  42.1 2.82E-05 002.6 140.5  03.6 0.086432 0.090583 0.051567 hargrave 2018-08-01 18:07:25 
TT 550 031.0  48.4 043.8  42.1 2.82E-05 002.6 140.4  03.6 0.080005 0.091332 0.052706 hargrave 2018-08-01 19:29:56 
TT 555 031.4  49.4 044.5  42.9 2.81E-05 002.0 141.4  03.8 0.066901 0.076413 0.035914 hargrave 2018-08-03 11:27:50 
TT 560 030.7  49.2 043.9  42.8 2.79E-05 002.9 141.0  04.1 0.085665 0.107074 0.051356 hargrave 2018-08-03 18:24:33 
TT 565 032.0  50.2 045.5  43.6 2.79E-05 002.5 142.3  03.8 0.075887 0.088779 0.046214 hargrave 2018-08-13 16:41:21 
TT 570 031.3  49.4 044.5  42.9 2.77E-05 001.5 141.4  03.9 0.047670 0.042041 0.047557 hargrave 2018-08-14 13:34:22 
TT 575 029.9  48.6 043.0  42.5 2.76E-05 002.8 140.3  04.4 0.092058 0.101621 0.030286 hargrave 2018-08-15 09:55:37 
TT 580 030.3  48.8 043.4  42.6 2.76E-05 002.8 140.6  04.2 0.087418 0.106462 0.028808 hargrave 2018-08-15 17:04:23 
TT 600 031.0  48.6 043.9  42.3 2.71E-05 002.3 140.6  03.7 0.071113 0.076230 0.043891 hargrave 2018-08-16 13:19:04 
TT 620 031.3  48.8 044.3  42.4 2.60E-05 001.9 140.9  03.6 0.070409 0.050407 0.035811 hargrave 2018-08-17 11:34:32 
TT 630 030.1  50.3 043.8  44.0 2.52E-05 002.2 141.9  04.9 0.084049 0.062110 0.037469 hargrave 2018-08-28 13:15:17 
TT 640 031.8  51.3 045.7  44.7 2.41E-05 001.9 143.3  04.4 0.073317 0.044897 0.070763 hargrave 2018-09-10 11:47:42 
TT 645 064.1  34.1 068.5  22.5 2.91E-05 005.5 144.0 -24.6 0.111368 0.113464 0.275446 hargrave 2018-09-11 13:45:34 
TT 650 066.0  37.6 070.7  25.7 2.88E-05 020.5 147.8 -22.9 0.077280 0.062047 1.157644 hargrave 2018-09-12 13:43:20 
TT 650 048.7  50.3 059.3  40.6 2.62E-05 004.5 148.0 -05.2 0.094821 0.103065 0.166085 hargrave 2018-09-12 15:14:29 
TT 655 032.9  48.6 045.5  41.9 2.51E-05 003.6 141.2  02.6 0.111877 0.106821 0.065951 hargrave 2018-09-20 14:11:28 
TT 660 040.1  54.4 053.8  46.0 2.59E-05 002.9 148.3  01.4 0.086534 0.121195 0.051806 hargrave 2018-09-21 11:36:53 
TT 665 032.2  51.2 046.1  44.5 2.33E-05 003.2 143.3  04.1 0.099727 0.080848 0.064696 hargrave 2018-09-24 14:00:42 
TT 670 050.1  59.6 063.9  49.3 2.18E-05 003.4 155.8  00.0 0.083289 0.130777 0.040494 hargrave 2018-09-25 11:31:10 
TT 672 036.6  44.5 047.2  37.2 2.92E-05 003.5 138.7 -01.6 0.075909 0.167009 0.059634 hargrave 2018-09-25 19:40:04 
TT 674 053.5  62.4 067.7  51.5 2.19E-05 005.7 159.0  00.6 0.084034 0.214437 0.050756 hargrave 2018-09-26 16:21:19 
TT 676 031.0  40.6 041.0  34.6 2.42E-05 002.1 133.4  00.3 0.043069 0.110853 0.054887 hargrave 2018-10-04 15:47:50 
TT 678 080.6  70.0 088.5  56.5 1.47E-05 007.3 172.1  00.6 0.040751 0.188039 0.028206 hargrave 2018-10-05 13:26:40 
TT 680 033.7  48.0 045.9  41.1 9.00E-06 008.5 140.8  01.8 0.027717 0.142912 0.045156 hargrave 2018-10-09 17:27:45 
TT 680 041.3  49.8 053.0  41.4 8.65E-06 003.9 144.9 -01.6 0.020281 0.049414 0.038173 hargrave 2018-10-10 09:31:30 
TT 682 171.7  39.2 162.2  33.4 8.38E-06 009.2 225.9 -04.4 0.032589 0.157704 0.031434 hargrave 2018-10-11 15:35:56 
TT 682 174.8  35.5 166.2  30.5 8.45E-06 005.6 230.3 -03.9 0.014886 0.112343 0.037690 hargrave 2018-10-11 16:59:14 
TT 684 069.6  51.3 076.3  38.8 6.59E-06 015.7 158.5 -13.4 0.029593 0.195205 0.042401 hargrave 2018-10-12 14:02:12 
TT 684 080.8  52.9 085.4  39.5 5.91E-06 012.9 165.6 -15.3 0.013715 0.130056 0.043311 hargrave 2018-10-12 15:20:18 
TT 684 082.8  53.2 086.9  39.6 5.84E-06 007.7 166.8 -15.5 0.013077 0.071674 0.032864 hargrave 2018-10-12 15:37:05 
TT 686 225.4  07.8 222.9  15.6 1.50E-05 080.0 272.5  31.9 1.281117 0.327527 9.362061 hargrave 2018-10-19 13:34:44 
TT 686 222.9  08.3 220.3  15.5 1.43E-05 078.8 271.2  29.6 0.952833 0.292278 7.673768 hargrave 2018-10-19 15:13:25 
TT 688 297.8  16.0 299.7  29.4 4.82E-05 042.7 078.9  76.7 0.732517 0.256100 4.934518 hargrave 2018-10-20 12:59:43 
