TR030 -Da mag compass orientation (IGRF corrected)
   0.78  18.3  69.0  11.0  14.1   1.0
NRM    295.5  60.3 307.0  73.6 1.70E-05 001.8 174.4  50.4 0.041874 0.031669 0.019357 hargrave 2018-05-11 17:41:23 
TT 100 288.6  59.6 294.6  73.5 1.63E-05 001.7 179.8  51.4 0.037661 0.032460 0.015181 hargrave 2018-05-14 15:57:44 
TT 200 285.5  59.2 288.9  73.2 1.61E-05 001.7 182.4  51.8 0.037102 0.030286 0.014895 hargrave 2018-05-15 16:13:19 
TT 300 283.8  58.8 285.9  72.9 1.56E-05 001.7 183.8  52.1 0.036050 0.027940 0.015982 hargrave 2018-05-16 13:28:56 
TT 350 289.8  62.3 298.2  76.1 1.60E-05 024.8 178.9  48.7 0.531117 0.762081 0.014432 hargrave 2018-05-17 15:08:54 
TT 350 280.6  58.8 280.3  72.9 1.53E-05 001.8 186.4  51.8 0.036917 0.030186 0.016153 hargrave 2018-05-17 16:53:42 
TT 400 279.8  57.7 279.0  71.8 1.50E-05 002.0 187.5  52.8 0.034444 0.028453 0.030248 hargrave 2018-05-18 13:28:32 
TT 450 277.5  57.5 275.1  71.6 1.47E-05 002.1 189.5  52.6 0.031201 0.033784 0.028942 hargrave 2018-05-21 10:27:14 
TT 475 275.7  56.4 272.2  70.4 1.47E-05 002.0 191.7  53.4 0.035792 0.028182 0.031426 hargrave 2018-07-30 16:24:29 
TT 500 274.0  57.7 269.0  71.6 1.40E-05 002.3 192.4  51.8 0.030069 0.024982 0.062994 hargrave 2018-07-31 12:49:04 
TT 525 272.9  56.1 267.7  70.0 1.40E-05 001.7 194.3  53.1 0.034603 0.024358 0.020526 hargrave 2018-08-01 10:50:50 
TT 550 271.4  56.3 265.3  70.1 1.38E-05 002.0 195.4  52.6 0.031624 0.029369 0.039699 hargrave 2018-08-01 17:47:16 
TT 550 271.0  56.2 264.6  69.9 1.38E-05 002.1 195.8  52.5 0.031569 0.033077 0.037897 hargrave 2018-08-01 19:10:29 
TT 555 270.1  55.4 263.5  69.1 1.38E-05 001.7 197.1  53.0 0.030462 0.026694 0.016500 hargrave 2018-08-03 11:08:59 
TT 560 271.2  55.6 265.2  69.4 1.37E-05 001.8 196.0  53.1 0.035073 0.024395 0.018450 hargrave 2018-08-03 18:04:40 
TT 565 268.6  54.7 261.5  68.3 1.36E-05 001.5 198.9  53.2 0.025667 0.027688 0.015938 hargrave 2018-08-13 16:21:53 
TT 570 267.3  54.4 259.6  67.9 1.36E-05 001.5 200.2  53.0 0.024534 0.029964 0.014858 hargrave 2018-08-14 13:13:51 
TT 575 267.9  54.7 260.3  68.2 1.34E-05 001.8 199.6  53.0 0.030683 0.033544 0.014284 hargrave 2018-08-15 09:35:10 
TT 580 267.6  54.7 259.9  68.2 1.34E-05 001.6 199.8  52.9 0.027325 0.028631 0.013103 hargrave 2018-08-15 16:44:52 
TT 600 266.8  54.7 258.6  68.1 1.32E-05 001.7 200.4  52.6 0.026391 0.031247 0.016395 hargrave 2018-08-16 12:58:50 
TT 620 260.5  54.5 249.3  67.2 1.29E-05 002.0 205.2  50.5 0.031051 0.034832 0.017445 hargrave 2018-08-17 11:16:06 
TT 630 261.3  49.8 252.7  62.7 1.37E-05 001.3 210.0  54.2 0.020124 0.023301 0.024387 hargrave 2018-08-28 12:55:44 
TT 640 239.6  42.2 228.4  51.9 1.50E-05 002.1 230.9  44.2 0.036418 0.027481 0.044262 hargrave 2018-09-10 11:28:26 
TT 645 306.2  57.8 322.0  69.7 1.30E-05 003.1 164.9  51.0 0.052547 0.066670 0.021135 hargrave 2018-09-11 13:25:27 
TT 650 225.8  59.0 201.2  64.6 1.58E-05 002.6 212.6  31.9 0.054607 0.036687 0.060850 hargrave 2018-09-12 13:24:00 
TT 655 261.3  64.8 240.6  77.2 1.39E-05 003.3 195.3  42.7 0.035699 0.048735 0.055565 hargrave 2018-09-20 13:49:43 
TT 660 206.1  54.9 185.4  56.1 1.71E-05 001.8 217.7  21.5 0.039406 0.037574 0.032375 hargrave 2018-09-21 11:18:44 
TT 665 219.8  58.7 195.3  62.8 1.34E-05 002.9 213.5  28.9 0.038517 0.035138 0.062126 hargrave 2018-09-24 13:40:22 
TT 670 173.3  41.7 162.8  36.2 1.30E-05 003.6 222.7 -03.2 0.066283 0.055121 0.019241 hargrave 2018-09-25 11:11:41 
TT 672 024.9  26.5 031.0  22.3 1.18E-05 002.7 117.0  03.7 0.036032 0.116359 0.039501 hargrave 2018-09-25 19:20:44 
TT 674 100.6  54.1 100.7  40.0 7.65E-06 007.3 175.4 -14.6 0.040505 0.084619 0.045003 hargrave 2018-09-26 16:02:46 
TT 676 037.4  30.8 043.7  23.8 9.96E-06 003.6 125.5 -04.5 0.039964 0.087629 0.043610 hargrave 2018-10-04 15:29:04 
TT 678 164.7  36.5 156.7  29.4 8.75E-06 006.2 223.1 -11.7 0.049635 0.085837 0.030995 hargrave 2018-10-05 13:08:08 
TT 680 124.3  62.6 117.2  49.3 5.59E-06 005.2 187.3 -05.4 0.019592 0.037101 0.033173 hargrave 2018-10-09 17:09:55 
TT 682 113.9  50.5 111.2  36.6 6.48E-06 010.2 183.7 -18.4 0.043746 0.111720 0.023666 hargrave 2018-10-11 15:18:01 
TT 682 128.5  48.3 123.2  35.5 6.16E-06 005.5 194.0 -18.4 0.020439 0.056572 0.023908 hargrave 2018-10-11 16:54:28 
TT 684 109.6  56.5 107.5  42.5 5.32E-06 012.1 180.8 -12.5 0.026821 0.111190 0.020640 hargrave 2018-10-12 13:44:21 
TT 684 134.9  52.0 127.5  39.8 5.14E-06 004.3 196.4 -13.4 0.017473 0.032983 0.020184 hargrave 2018-10-12 15:14:12 
TT 686 183.0  07.2 181.5  05.0 1.35E-05 021.6 257.6 -11.5 0.145082 0.086407 0.531142 hargrave 2018-10-19 13:18:47 
TT 686 221.9  16.1 217.5  22.9 1.39E-05 048.4 262.2  27.3 0.297192 0.101514 1.533221 hargrave 2018-10-19 15:05:32 
TT 688 042.4  28.6 047.8  20.6 9.33E-06 025.4 125.6 -09.4 0.045706 0.094256 0.432633 hargrave 2018-10-20 12:44:40 
