TR030 -Ea mag compass orientation (IGRF corrected)
   0.98  19.3  76.0  11.0  14.1   1.0
NRM    032.6  57.8 049.7  50.6 2.36E-05 001.8 148.6  04.9 0.038207 0.048960 0.046086 hargrave 2018-05-11 17:42:54 
TT 100 036.3  60.0 053.8  52.0 2.28E-05 001.5 151.4  03.9 0.034108 0.036151 0.041695 hargrave 2018-05-14 15:59:15 
TT 200 037.3  60.2 054.6  52.0 2.25E-05 001.5 151.8  03.5 0.032266 0.033118 0.041421 hargrave 2018-05-15 16:14:51 
TT 300 039.0  60.5 056.1  52.0 2.20E-05 001.4 152.3  02.8 0.030553 0.032857 0.040168 hargrave 2018-05-16 13:30:28 
TT 350 039.3  60.5 056.3  51.9 2.32E-05 015.0 152.4  02.7 0.508676 0.759625 0.051206 hargrave 2018-05-17 15:10:25 
TT 350 041.0  61.9 058.4  52.9 2.16E-05 002.1 154.0  02.5 0.039112 0.057485 0.040612 hargrave 2018-05-17 16:55:16 
TT 400 041.8  59.5 057.7  50.6 2.10E-05 002.0 152.1  01.1 0.032730 0.059816 0.038976 hargrave 2018-05-18 13:30:03 
TT 450 044.4  60.3 060.0  50.9 2.04E-05 002.0 153.4  00.4 0.040803 0.051678 0.038271 hargrave 2018-05-21 10:28:45 
TT 475 045.3  60.2 060.6  50.7 2.00E-05 002.5 153.5 -00.0 0.033050 0.074818 0.032939 hargrave 2018-07-30 16:26:07 
TT 500 047.0  60.0 061.8  50.2 1.96E-05 001.7 153.7 -00.9 0.032864 0.038929 0.031229 hargrave 2018-07-31 12:50:42 
TT 525 050.8  59.3 064.3  49.0 1.93E-05 002.2 154.2 -02.9 0.031679 0.053648 0.043894 hargrave 2018-08-01 10:52:28 
TT 550 052.5  59.5 065.6  48.9 1.90E-05 002.7 154.8 -03.5 0.045760 0.065747 0.045023 hargrave 2018-08-01 17:48:53 
TT 550 051.1  59.5 064.7  49.2 1.89E-05 002.8 154.5 -02.9 0.034993 0.059427 0.061537 hargrave 2018-08-01 19:12:06 
TT 555 048.5  60.4 063.2  50.4 1.87E-05 002.7 154.5 -01.3 0.042900 0.066054 0.041608 hargrave 2018-08-03 11:10:38 
TT 560 051.4  59.3 064.8  48.9 1.86E-05 002.1 154.3 -03.1 0.044400 0.039858 0.044976 hargrave 2018-08-03 18:06:18 
TT 565 051.7  61.4 065.9  50.8 1.84E-05 001.9 156.1 -02.1 0.041044 0.046401 0.030143 hargrave 2018-08-13 16:23:31 
TT 570 050.6  60.3 064.6  50.0 1.82E-05 002.1 154.9 -02.2 0.042532 0.048926 0.030144 hargrave 2018-08-14 13:15:32 
TT 575 050.4  60.2 064.4  49.9 1.81E-05 002.6 154.8 -02.3 0.040944 0.069566 0.028524 hargrave 2018-08-15 09:36:47 
TT 580 050.8  60.7 064.9  50.3 1.80E-05 002.8 155.3 -02.1 0.049617 0.072705 0.029488 hargrave 2018-08-15 16:46:29 
TT 600 053.2  61.0 066.8  50.3 1.75E-05 001.8 156.2 -02.9 0.032790 0.043584 0.026138 hargrave 2018-08-16 13:00:28 
TT 620 055.8  62.4 069.3  51.3 1.67E-05 003.1 158.1 -03.0 0.054529 0.075902 0.022920 hargrave 2018-08-17 11:17:43 
TT 630 053.6  62.9 068.0  52.1 1.64E-05 002.0 157.9 -01.9 0.029650 0.049788 0.026908 hargrave 2018-08-28 12:57:22 
TT 640 064.0  67.4 077.2  55.2 1.55E-05 001.9 164.2 -02.2 0.020672 0.031015 0.041675 hargrave 2018-09-10 11:30:02 
TT 645 045.3  58.7 059.9  49.2 1.86E-05 002.1 152.1 -00.9 0.041939 0.061446 0.033902 hargrave 2018-09-11 13:27:03 
TT 650 081.7  56.3 086.6  42.8 2.03E-05 016.7 164.5 -16.0 0.077913 0.095268 0.628566 hargrave 2018-09-12 13:25:36 
TT 650 087.4  49.1 090.2  35.4 2.14E-05 004.0 164.5 -24.0 0.068975 0.044535 0.158180 hargrave 2018-09-12 15:06:01 
TT 655 051.5  65.2 067.7  54.5 1.78E-05 002.3 159.2  00.1 0.044629 0.030171 0.064062 hargrave 2018-09-20 13:51:14 
TT 660 108.2  72.4 105.1  58.4 1.93E-05 002.3 179.7 -03.6 0.052812 0.061282 0.046808 hargrave 2018-09-21 11:20:16 
TT 665 065.4  68.5 078.5  56.0 1.80E-05 002.3 165.2 -01.8 0.049538 0.041869 0.058259 hargrave 2018-09-24 13:42:03 
TT 670 115.0  64.5 110.5  50.7 1.57E-05 002.7 182.5 -11.4 0.058195 0.061096 0.030688 hargrave 2018-09-25 11:13:18 
TT 672 033.3  25.4 038.6  19.4 1.61E-05 003.4 118.1 -06.2 0.039756 0.093917 0.065121 hargrave 2018-09-25 19:22:21 
TT 674 065.0  58.8 074.6  46.7 1.21E-05 004.1 158.5 -08.8 0.028297 0.089367 0.033951 hargrave 2018-09-26 16:04:21 
TT 676 047.0  42.2 055.3  33.0 1.17E-05 004.1 138.2 -09.9 0.031293 0.085081 0.056028 hargrave 2018-10-04 15:30:42 
TT 678 181.7  58.1 162.0  53.4 1.07E-05 005.2 210.3  02.9 0.053912 0.072317 0.042117 hargrave 2018-10-05 13:09:40 
TT 680 039.9  44.2 049.8  36.3 7.69E-06 006.2 137.7 -04.3 0.019962 0.074989 0.049214 hargrave 2018-10-09 17:11:27 
TT 682 194.6  12.6 191.4  13.1 1.55E-05 004.1 256.7 -01.4 0.078033 0.095257 0.055888 hargrave 2018-10-11 15:19:36 
TT 684 059.0  55.1 069.0  43.8 9.24E-06 009.1 153.6 -09.0 0.027282 0.161401 0.046533 hargrave 2018-10-12 13:45:58 
TT 684 071.7  59.3 079.7  46.5 8.28E-06 004.4 161.5 -10.6 0.019456 0.048423 0.042258 hargrave 2018-10-12 15:15:48 
TT 686 140.1  06.5 139.9 -04.5 1.91E-05 053.9 238.1 -53.2 0.302599 0.163736 2.308100 hargrave 2018-10-19 13:20:06 
TT 686 125.7 -00.8 126.5 -13.5 3.65E-05 005.3 232.2 -69.0 0.191956 0.201537 1.167988 hargrave 2018-10-19 15:06:51 
TT 688 091.0  10.1 091.2 -03.8 2.49E-05 006.8 142.1 -59.8 0.073581 0.125265 0.405074 hargrave 2018-10-20 12:45:58 
