TR030 -Ia mag compass orientation (IGRF corrected)
   1.69   8.3  52.0  11.0  14.1   1.0
NRM    098.1  60.8 098.9  46.7 4.83E-05 001.7 179.9  08.8 0.033050 0.109163 0.086213 hargrave 2018-05-11 17:49:42 
TT 100 100.8  60.1 100.8  46.0 4.76E-05 001.3 181.2  08.1 0.055812 0.067914 0.075910 hargrave 2018-05-14 16:05:09 
TT 200 100.2  59.9 100.5  45.8 4.73E-05 003.1 181.0  08.0 0.029401 0.241625 0.074272 hargrave 2018-05-15 16:21:33 
TT 300 102.6  59.5 102.1  45.4 4.71E-05 002.4 182.2  07.6 0.051150 0.183891 0.076330 hargrave 2018-05-16 13:36:28 
TT 350 095.8  59.3 097.2  45.2 4.81E-05 008.8 178.7  07.3 0.526623 0.741547 0.089212 hargrave 2018-05-17 15:16:22 
TT 350 099.5  59.3 099.9  45.2 4.69E-05 002.2 180.6  07.3 0.056693 0.163615 0.077827 hargrave 2018-05-17 17:01:14 
TT 400 099.9  58.7 100.2  44.6 4.63E-05 001.3 180.9  06.7 0.056454 0.075438 0.076255 hargrave 2018-05-18 13:36:04 
TT 450 107.0  57.7 105.4  43.7 4.58E-05 001.1 184.6  06.0 0.056021 0.046441 0.070987 hargrave 2018-05-21 10:34:40 
TT 475 103.9  57.8 103.1  43.7 4.58E-05 001.2 183.0  05.9 0.045284 0.065503 0.070642 hargrave 2018-07-30 16:32:34 
TT 500 104.3  57.2 103.4  43.2 4.51E-05 001.2 183.3  05.4 0.039099 0.065326 0.070751 hargrave 2018-07-31 12:57:07 
TT 525 101.8  56.4 101.6  42.3 4.48E-05 001.3 182.0  04.4 0.021815 0.057153 0.083193 hargrave 2018-08-01 10:59:47 
TT 550 105.5  56.5 104.4  42.5 4.47E-05 002.0 184.0  04.7 0.025967 0.141547 0.072741 hargrave 2018-08-01 17:56:01 
TT 550 105.3  56.9 104.2  42.9 4.47E-05 002.0 183.8  05.1 0.045888 0.129984 0.087757 hargrave 2018-08-01 19:18:26 
TT 555 107.2  56.5 105.7  42.5 4.46E-05 001.3 184.9  04.8 0.047211 0.065099 0.069342 hargrave 2018-08-03 11:17:06 
TT 560 106.9  56.4 105.4  42.4 4.46E-05 001.8 184.7  04.7 0.032205 0.117872 0.079350 hargrave 2018-08-03 18:13:47 
TT 565 111.0  56.0 108.5  42.0 4.43E-05 002.7 187.1  04.6 0.043454 0.196630 0.058556 hargrave 2018-08-13 16:30:40 
TT 570 108.5  56.1 106.6  42.1 4.42E-05 001.1 185.7  04.5 0.026885 0.054700 0.059876 hargrave 2018-08-14 13:22:48 
TT 575 105.9  56.4 104.6  42.3 4.41E-05 001.0 184.2  04.6 0.025928 0.050182 0.058745 hargrave 2018-08-15 09:44:02 
TT 580 106.8  56.3 105.3  42.2 4.42E-05 001.0 184.7  04.6 0.025360 0.048947 0.053909 hargrave 2018-08-15 16:53:44 
TT 600 109.4  55.6 107.3  41.7 4.36E-05 001.2 186.3  04.1 0.043939 0.066665 0.056200 hargrave 2018-08-16 13:06:49 
TT 620 110.0  55.4 107.8  41.4 4.22E-05 001.2 186.6  04.0 0.044426 0.073143 0.048762 hargrave 2018-08-17 11:24:01 
TT 630 111.7  55.5 109.1  41.6 4.18E-05 000.9 187.6  04.2 0.079550 0.046896 0.037591 hargrave 2018-08-28 13:03:51 
TT 640 116.4  55.2 112.7  41.5 4.01E-05 001.2 190.2  04.5 0.078719 0.036162 0.070487 hargrave 2018-09-10 11:36:15 
TT 645 106.1  55.4 104.9  41.3 4.03E-05 001.9 184.4  03.6 0.069305 0.103422 0.083022 hargrave 2018-09-11 13:34:14 
TT 650 114.7  42.3 112.5  28.5 4.29E-05 027.8 192.2 -08.4 0.148387 0.063384 2.280566 hargrave 2018-09-12 13:31:55 
TT 650 124.9  67.6 116.3  54.2 4.38E-05 001.9 190.3  17.5 0.099392 0.090975 0.114865 hargrave 2018-09-12 15:09:56 
TT 655 101.6  56.1 101.4  42.0 3.80E-05 001.4 181.8  04.1 0.042223 0.056620 0.072091 hargrave 2018-09-20 13:58:49 
TT 660 130.7  52.7 124.1  40.0 3.93E-05 001.3 199.0  05.0 0.089628 0.065444 0.059804 hargrave 2018-09-21 11:26:17 
TT 665 104.0  55.9 103.3  41.8 3.95E-05 001.9 183.2  04.1 0.050369 0.113319 0.069243 hargrave 2018-09-24 13:49:13 
TT 670 115.9  48.4 113.0  34.7 4.36E-05 001.0 191.6 -02.2 0.100241 0.029152 0.059599 hargrave 2018-09-25 11:19:43 
TT 672 076.5  51.8 081.9  38.7 3.76E-05 002.6 166.7  01.8 0.076701 0.177632 0.053934 hargrave 2018-09-25 19:28:45 
TT 674 131.4  46.3 125.9  33.8 4.07E-05 003.3 202.2 -00.6 0.133422 0.194273 0.060702 hargrave 2018-09-26 16:10:28 
TT 676 080.6  50.4 084.8  37.0 3.58E-05 001.3 168.8 -00.3 0.063229 0.066690 0.054818 hargrave 2018-10-04 15:37:13 
TT 678 152.5  37.6 145.7  28.1 2.68E-05 003.1 220.0  00.6 0.070412 0.118831 0.052694 hargrave 2018-10-05 13:15:43 
TT 680 034.9  31.3 041.6  24.8 1.84E-05 005.0 130.2  01.1 0.055931 0.135991 0.097961 hargrave 2018-10-09 17:17:34 
TT 682 100.4  48.8 100.5  34.7 1.61E-05 005.1 181.4 -03.2 0.081738 0.128839 0.061092 hargrave 2018-10-11 15:25:44 
TT 684 037.8  20.0 041.6  13.2 1.90E-05 003.5 124.2 -08.9 0.062999 0.181312 0.075032 hargrave 2018-10-12 13:52:01 
TT 686 191.1  05.7 189.7  05.5 2.54E-05 009.5 267.2  05.7 0.213959 0.125650 0.361064 hargrave 2018-10-19 13:25:29 
TT 686 194.0  07.8 192.0  08.3 2.47E-05 006.8 267.3  09.3 0.085124 0.137390 0.307597 hargrave 2018-10-19 15:10:44 
TT 688 030.6 -02.2 029.5 -06.9 2.50E-05 024.3 102.4 -18.8 0.155869 0.323771 1.068593 hargrave 2018-10-20 12:51:12 
