TR030 -Xa mag compass orientation (IGRF corrected)
   3.88 340.3  71.0  11.0  14.1   1.0
NRM    312.7  60.7 334.3  71.3 1.94E-05 003.3 150.0  29.9 0.062539 0.088394 0.051816 hargrave 2018-05-11 18:09:29 
TT 100 309.9  61.9 331.9  72.9 1.86E-05 003.3 151.7  30.8 0.053308 0.079956 0.050891 hargrave 2018-05-14 16:25:31 
TT 200 309.7  62.3 332.1  73.3 1.84E-05 003.5 152.2  30.8 0.060274 0.082977 0.050377 hargrave 2018-05-15 16:43:06 
TT 300 308.8  62.3 330.9  73.5 1.81E-05 003.1 152.4  31.2 0.050085 0.071593 0.045106 hargrave 2018-05-16 13:58:00 
TT 350 308.9  61.6 330.0  72.8 1.79E-05 002.7 151.6  31.4 0.047675 0.058914 0.042368 hargrave 2018-05-17 15:36:19 
TT 400 308.9  62.2 330.8  73.4 1.74E-05 003.2 152.3  31.2 0.055903 0.070775 0.041988 hargrave 2018-05-18 13:56:00 
TT 450 308.1  61.7 328.9  73.1 1.70E-05 003.1 151.9  31.7 0.051389 0.070166 0.038865 hargrave 2018-05-21 10:56:00 
TT 475 307.6  61.8 328.4  73.2 1.70E-05 002.9 152.0  31.9 0.046179 0.067852 0.033829 hargrave 2018-07-30 16:55:33 
TT 500 307.6  62.1 328.7  73.5 1.65E-05 002.6 152.4  31.8 0.033766 0.066830 0.024317 hargrave 2018-07-31 13:19:59 
TT 525 310.7  62.3 333.6  73.1 1.61E-05 002.2 152.0  30.4 0.030019 0.052630 0.027785 hargrave 2018-08-01 11:23:46 
TT 550 307.2  62.6 328.7  74.0 1.61E-05 002.4 153.0  31.8 0.028667 0.063643 0.023177 hargrave 2018-08-01 18:18:42 
TT 550 307.3  62.7 329.1  74.1 1.62E-05 002.5 153.1  31.7 0.031471 0.064723 0.024222 hargrave 2018-08-01 19:41:20 
TT 555 306.8  63.5 329.6  75.0 1.60E-05 003.3 154.1  31.6 0.037788 0.086123 0.025040 hargrave 2018-08-03 11:40:07 
TT 560 308.6  63.2 331.8  74.3 1.58E-05 002.3 153.4  31.0 0.031017 0.055419 0.025397 hargrave 2018-08-03 18:36:36 
TT 565 306.8  62.5 328.2  74.1 1.57E-05 003.7 153.0  32.0 0.036925 0.095009 0.021032 hargrave 2018-08-13 16:52:48 
TT 570 306.3  62.4 327.2  74.1 1.55E-05 003.1 153.0  32.2 0.029949 0.082040 0.019632 hargrave 2018-08-14 13:45:51 
TT 575 306.1  62.7 327.3  74.4 1.55E-05 002.1 153.4  32.2 0.025643 0.059466 0.019656 hargrave 2018-08-15 10:09:34 
TT 580 304.3  64.0 326.3  75.8 1.53E-05 002.9 155.1  32.4 0.030388 0.075782 0.019246 hargrave 2018-08-15 17:14:55 
TT 600 305.1  63.0 326.0  74.8 1.48E-05 003.2 153.9  32.5 0.025902 0.080337 0.022929 hargrave 2018-08-16 13:32:06 
TT 620 303.7  63.0 323.9  75.1 1.41E-05 003.4 154.2  33.1 0.025746 0.081788 0.024885 hargrave 2018-08-17 11:46:42 
TT 630 295.4  63.9 310.2  77.1 1.37E-05 005.2 157.4  35.9 0.035708 0.121715 0.022538 hargrave 2018-08-28 13:25:57 
TT 640 281.1  62.2 281.2  76.3 1.36E-05 006.0 161.3  41.9 0.020181 0.071226 0.156413 hargrave 2018-09-10 11:58:51 
TT 645 299.8  68.6 328.2  80.8 1.35E-05 003.0 160.9  31.8 0.018388 0.074005 0.018141 hargrave 2018-09-11 13:56:04 
TT 650 271.7  59.6 264.3  73.4 1.63E-05 058.3 164.5  46.5 0.162142 0.052895 2.386050 hargrave 2018-09-12 13:56:18 
TT 650 260.4  48.8 251.8  61.6 2.11E-05 004.3 167.0  59.1 0.067414 0.085670 0.174451 hargrave 2018-09-12 15:19:54 
TT 655 300.8  61.7 317.4  74.3 1.18E-05 003.6 153.5  34.9 0.030516 0.056383 0.046200 hargrave 2018-09-20 14:23:18 
TT 660 286.8  74.0 322.4  87.6 1.18E-05 005.5 168.9  31.5 0.013844 0.114606 0.026184 hargrave 2018-09-21 11:46:41 
TT 665 295.5  61.2 307.8  74.5 1.21E-05 005.3 154.6  37.3 0.036634 0.102078 0.049152 hargrave 2018-09-24 14:11:06 
TT 670 309.7  72.5 001.9  81.6 1.20E-05 006.0 163.1  27.1 0.011182 0.132751 0.028126 hargrave 2018-09-25 11:41:38 
TT 672 317.5  55.7 335.7  65.7 1.23E-05 007.7 143.8  28.4 0.044029 0.173837 0.046576 hargrave 2018-09-25 19:50:36 
TT 674 257.4  79.1 148.0  84.0 1.11E-05 009.3 178.5  29.8 0.012430 0.178578 0.041786 hargrave 2018-09-26 16:31:14 
TT 674 245.8  78.8 153.7  81.9 1.11E-05 005.2 181.0  30.2 0.032399 0.067315 0.071348 hargrave 2018-09-26 17:26:23 
TT 676 318.2  58.9 339.6  68.6 1.15E-05 007.8 147.4  27.6 0.028842 0.167796 0.035704 hargrave 2018-10-04 15:58:16 
TT 678 240.2  78.5 155.9  80.8 9.05E-06 008.7 182.3  30.3 0.014134 0.134890 0.031938 hargrave 2018-10-05 13:36:37 
TT 678 222.3  75.9 162.3  76.3 9.12E-06 004.9 187.7  31.2 0.025068 0.051805 0.055195 hargrave 2018-10-05 14:33:40 
TT 680 308.5  64.8 334.5  75.9 7.45E-06 008.4 155.2  30.4 0.024651 0.109555 0.023800 hargrave 2018-10-09 17:37:54 
TT 680 311.5  68.7 348.4  78.5 7.14E-06 007.9 158.8  28.0 0.023575 0.096368 0.029301 hargrave 2018-10-10 09:37:35 
TT 682 297.9  86.2 095.0  79.4 5.07E-06 012.3 177.0  21.5 0.010339 0.109072 0.019507 hargrave 2018-10-11 15:46:01 
TT 682 227.9  85.9 117.0  77.9 4.98E-06 009.9 181.7  22.8 0.013107 0.082209 0.026834 hargrave 2018-10-11 17:03:54 
TT 682 185.0  80.8 132.8  72.4 5.03E-06 003.9 189.1  22.6 0.014913 0.018906 0.026387 hargrave 2018-10-11 17:24:36 
TT 684 347.9  46.5 003.3  50.3 3.45E-06 015.1 136.4  08.6 0.017115 0.108332 0.011708 hargrave 2018-10-12 14:12:17 
TT 684 347.1  48.2 003.5  52.1 3.18E-06 012.0 137.8  09.7 0.015283 0.075414 0.014522 hargrave 2018-10-12 15:25:06 
TT 684 348.1  49.8 005.5  53.3 3.14E-06 007.7 139.6  09.5 0.009795 0.046080 0.013129 hargrave 2018-10-12 15:38:37 
TT 686 138.1  20.4 136.0  09.0 3.12E-06 040.5 242.9 -12.7 0.015057 0.055887 0.264500 hargrave 2018-10-19 13:43:15 
