TR004 -Ma mag compass orientation (IGRF corrected)
    5.2  12.3  47.0 173.8  30.2   1.0
NRM    350.4 -47.8 020.6 -41.3 1.87E-05 003.1 041.2 -18.8 0.091822 0.084003 0.075183 hargrave 2017-07-20 11:30:44 
TT 100 002.5 -51.2 031.3 -38.8 1.91E-05 004.0 043.8 -27.0 0.141588 0.039837 0.060878 hargrave 2017-07-21 12:58:51 
TT 200 005.6 -56.1 037.2 -41.3 1.94E-05 003.1 040.4 -31.2 0.111235 0.039270 0.056244 hargrave 2017-07-24 08:27:06 
TT 300 007.0 -56.8 038.6 -41.3 1.93E-05 003.1 040.2 -32.3 0.104015 0.039548 0.062092 hargrave 2017-07-24 16:20:48 
TT 350 006.7 -57.0 038.6 -41.6 2.03E-05 003.0 039.8 -32.2 0.077808 0.073880 0.073207 hargrave 2017-07-31 11:56:23 
TT 400 005.6 -58.1 038.9 -42.8 2.02E-05 002.8 038.4 -32.3 0.067522 0.080447 0.062492 hargrave 2017-08-01 10:20:56 
TT 450 005.3 -57.5 038.2 -42.5 1.79E-05 003.1 038.9 -31.8 0.057584 0.084069 0.053229 hargrave 2017-08-02 09:50:06 
TT 475 006.1 -56.5 037.8 -41.4 1.54E-05 004.1 040.2 -31.7 0.115318 0.031455 0.051298 hargrave 2017-08-03 16:47:59 
TT 500 007.1 -55.7 037.7 -40.5 1.39E-05 003.2 041.2 -31.7 0.085047 0.038776 0.044428 hargrave 2017-08-04 13:25:20 
TT 525 006.9 -56.5 038.3 -41.1 1.35E-05 003.3 040.5 -32.1 0.066670 0.040563 0.051900 hargrave 2017-08-07 10:13:45 
TT 550 007.4 -55.7 037.8 -40.3 1.20E-05 003.1 041.4 -31.9 0.044998 0.053638 0.040648 hargrave 2017-08-08 09:27:14 
TT 555 008.7 -53.9 037.2 -38.5 1.14E-05 002.0 043.6 -31.6 0.036310 0.033312 0.027139 hargrave 2017-08-09 09:25:50 
TT 560 010.9 -52.0 037.0 -36.1 1.04E-05 003.3 046.4 -31.8 0.044848 0.032794 0.045201 hargrave 2017-08-16 10:45:30 
TT 565 007.1 -51.8 034.5 -37.4 9.83E-06 003.2 045.2 -29.7 0.036434 0.032554 0.042331 hargrave 2017-08-16 19:06:22 
TT 570 007.9 -51.6 034.9 -37.0 9.33E-06 003.3 045.6 -30.0 0.035447 0.035491 0.040084 hargrave 2017-08-17 15:48:28 
TT 575 008.9 -48.8 033.4 -34.3 9.15E-06 003.2 048.7 -29.0 0.035038 0.028615 0.039762 hargrave 2017-08-18 11:29:25 
TT 580 007.1 -50.8 033.8 -36.6 8.50E-06 003.3 046.2 -29.1 0.027615 0.034796 0.037707 hargrave 2017-08-21 08:46:06 
TT 600 010.8 -44.9 032.0 -30.4 7.85E-06 003.2 053.2 -27.9 0.028086 0.027726 0.034721 hargrave 2017-08-21 17:35:01 
TT 620 012.8 -39.9 030.4 -25.4 6.48E-06 003.3 058.8 -26.3 0.020602 0.025074 0.028635 hargrave 2017-08-22 16:34:29 
TT 630 017.8 -29.8 028.8 -14.6 5.55E-06 003.2 070.5 -23.5 0.015424 0.018935 0.025311 hargrave 2017-08-23 15:35:24 
TT 640 024.9  11.4 015.7  25.2 3.42E-06 002.9 106.9 -01.2 0.010084 0.006118 0.014845 hargrave 2017-08-24 12:16:15 
TT 645 027.4  30.4 006.2  42.6 4.33E-06 002.5 122.1  10.4 0.007498 0.018228 0.011971 hargrave 2017-08-25 08:36:44 
TT 650 032.2  41.5 000.4  53.8 3.90E-06 002.9 133.1  15.4 0.005573 0.019148 0.010001 hargrave 2017-08-29 11:25:25 
TT 655 030.0  35.0 004.9  47.6 4.54E-06 002.6 127.0  12.0 0.004876 0.022926 0.012649 hargrave 2017-08-30 08:06:11 
TT 660 035.7  42.1 003.2  56.0 3.80E-06 003.6 135.4  13.9 0.009082 0.021632 0.010592 hargrave 2017-09-01 21:21:07 
TT 665 034.9  43.3 000.9  56.4 4.19E-06 004.4 135.8  15.3 0.017662 0.027109 0.014190 hargrave 2017-09-10 13:45:30 
TT 670 042.4  45.8 005.1  61.9 4.14E-06 001.8 141.6  13.5 0.011862 0.010821 0.011438 hargrave 2017-09-12 19:58:43 
TT 672 035.1  45.9 357.7  58.4 4.18E-06 003.0 137.9  17.0 0.010911 0.020969 0.012348 hargrave 2017-09-15 12:11:18 
TT 674 036.5  57.4 338.6  65.8 3.32E-06 002.5 147.4  24.4 0.009185 0.009957 0.014996 hargrave 2017-09-16 19:05:07 
TT 674 035.4  57.2 338.3  65.2 3.29E-06 005.3 146.8  24.7 0.014326 0.026335 0.014223 hargrave 2017-09-19 11:22:05 
TT 676 019.6  46.3 344.3  50.9 3.27E-06 002.8 130.7  25.4 0.007844 0.009918 0.015787 hargrave 2017-09-19 21:20:03 
TT 678 052.0  70.6 301.1  73.2 2.15E-06 004.1 163.0  29.2 0.006464 0.010577 0.013757 hargrave 2017-09-22 22:07:51 
TT 680 020.6  44.8 346.8  50.3 2.07E-06 004.5 129.8  23.9 0.006311 0.008000 0.017311 hargrave 2017-09-24 19:51:16 
TT 682 051.0  55.6 352.8  72.2 1.77E-06 006.7 152.4  17.8 0.005539 0.006126 0.020367 hargrave 2017-09-26 13:37:48 
TT 684 012.8  66.2 311.5  59.0 6.96E-07 018.1 149.0  38.4 0.007166 0.009781 0.023558 hargrave 2017-10-01 13:46:59 
TT 684 018.6  75.0 294.7  62.8 6.74E-07 017.1 160.5  39.6 0.005504 0.006229 0.022719 hargrave 2017-10-01 16:42:07 
TT 684 016.8  73.0 299.0  62.1 6.68E-07 017.0 157.8  39.4 0.004849 0.005595 0.023116 hargrave 2017-10-01 18:30:15 
TT 686 203.2  11.8 205.1 -03.8 2.33E-07 046.2 268.7  16.0 0.003740 0.004508 0.023413 hargrave 2017-10-02 13:53:13 
TT 686 207.5  06.5 206.7 -10.3 2.29E-07 046.4 275.6  15.6 0.004874 0.005086 0.022790 hargrave 2017-10-02 16:11:29 
TT 686 206.6  06.6 205.9 -09.8 2.27E-07 047.1 274.9  15.0 0.004160 0.004610 0.023439 hargrave 2017-10-02 17:36:42 
TT 688 330.7  11.1 328.4 -01.6 9.42E-07 011.0 067.5  37.4 0.005235 0.006143 0.022856 hargrave 2017-10-03 16:48:47 
TT 688 326.5  09.3 325.5 -05.0 9.71E-07 009.7 062.2  38.9 0.004268 0.005602 0.021249 hargrave 2017-10-05 08:07:52 
TT 688 325.1  09.8 324.0 -05.2 9.94E-07 010.9 061.2  40.2 0.004758 0.005265 0.024842 hargrave 2017-10-05 10:12:14 
