TR004 -Ha mag compass orientation (IGRF corrected)
   4.34  50.3  35.0 173.8  30.2   1.0
NRM    024.3  22.8 008.6  34.8 5.32E-06 001.8 082.5  33.3 0.015034 0.005856 0.008961 hargrave 2017-07-20 11:24:35 
TT 100 034.4  13.6 024.0  31.4 4.23E-06 002.3 084.9  20.2 0.016704 0.004365 0.005538 hargrave 2017-07-21 12:53:35 
TT 200 044.4 -00.1 040.3  22.8 3.32E-06 002.4 085.1  03.3 0.012891 0.003532 0.005584 hargrave 2017-07-24 08:21:49 
TT 300 053.7 -09.7 052.8  16.4 3.00E-06 002.8 087.1 -09.9 0.013415 0.005019 0.005573 hargrave 2017-07-24 16:15:31 
TT 350 058.8 -15.6 059.3  11.9 2.76E-06 002.7 087.8 -17.6 0.011432 0.007383 0.004657 hargrave 2017-07-31 11:49:35 
TT 400 065.1 -22.8 066.5  06.0 2.55E-06 002.7 088.1 -26.9 0.010686 0.007173 0.004688 hargrave 2017-08-01 10:14:20 
TT 450 071.9 -31.7 073.7 -02.0 2.29E-06 003.2 086.8 -37.6 0.011378 0.007439 0.004401 hargrave 2017-08-02 09:43:22 
TT 475 076.1 -35.7 077.6 -05.7 2.20E-06 002.2 086.5 -42.9 0.004265 0.008787 0.004356 hargrave 2017-08-03 16:42:27 
TT 500 078.5 -41.9 079.8 -11.8 2.12E-06 002.4 081.8 -48.5 0.005767 0.008743 0.004048 hargrave 2017-08-04 13:19:46 
TT 525 079.5 -47.1 080.8 -17.0 2.08E-06 002.7 076.0 -52.3 0.006855 0.007600 0.002902 hargrave 2017-08-07 10:07:10 
TT 550 089.8 -54.0 087.7 -23.9 1.93E-06 003.3 070.8 -61.3 0.008708 0.007194 0.004175 hargrave 2017-08-08 09:20:39 
TT 555 094.2 -52.4 090.6 -22.5 2.03E-06 002.1 076.2 -63.1 0.005668 0.005252 0.002855 hargrave 2017-08-09 09:19:28 
TT 560 095.3 -54.5 091.1 -24.7 1.91E-06 003.1 072.4 -64.5 0.007814 0.006782 0.003419 hargrave 2017-08-16 10:38:55 
TT 565 093.8 -50.8 090.5 -20.9 1.97E-06 002.7 079.1 -62.2 0.007461 0.005779 0.003011 hargrave 2017-08-16 18:59:49 
TT 570 098.5 -54.6 093.1 -25.0 1.88E-06 002.7 073.6 -66.2 0.006470 0.006047 0.002820 hargrave 2017-08-17 15:41:54 
TT 575 096.8 -49.3 092.7 -19.6 2.03E-06 002.1 083.9 -63.1 0.005397 0.004933 0.002412 hargrave 2017-08-18 11:22:51 
TT 580 106.0 -54.2 097.9 -25.4 1.79E-06 002.4 078.1 -70.3 0.004768 0.005277 0.003960 hargrave 2017-08-21 08:39:29 
TT 600 105.5 -49.0 098.8 -20.2 1.93E-06 002.4 091.3 -68.0 0.006309 0.005430 0.002137 hargrave 2017-08-21 17:28:27 
TT 620 137.1 -64.9 110.6 -40.9 1.44E-06 002.6 007.9 -80.0 0.004669 0.004334 0.002849 hargrave 2017-08-22 16:27:53 
TT 630 101.3 -40.7 097.2 -11.6 1.59E-06 003.3 102.7 -60.7 0.006295 0.006250 0.003870 hargrave 2017-08-23 15:28:49 
TT 640 168.4 -71.5 115.9 -53.6 1.72E-06 002.0 334.6 -69.6 0.003889 0.004006 0.003081 hargrave 2017-08-24 12:09:40 
TT 645 086.4 -35.3 085.9 -05.1 2.05E-06 002.9 095.3 -48.5 0.007236 0.010999 0.003340 hargrave 2017-08-25 08:30:10 
TT 650 159.4 -58.7 126.6 -42.4 1.63E-06 004.1 297.6 -79.0 0.004825 0.010589 0.002509 hargrave 2017-08-29 11:18:49 
TT 655 095.6 -33.8 093.6 -04.1 2.44E-06 003.1 105.8 -52.6 0.009164 0.011433 0.003296 hargrave 2017-08-30 08:00:52 
TT 660 204.1 -32.7 181.3 -42.9 1.86E-06 001.6 270.4 -41.0 0.003275 0.003323 0.005750 hargrave 2017-09-01 21:14:31 
TT 660 195.2 -37.3 169.6 -42.1 2.09E-06 008.4 267.6 -49.3 0.009597 0.008407 0.041529 hargrave 2017-09-08 14:44:25 
TT 660 195.9 -35.1 172.1 -40.7 2.05E-06 009.2 265.8 -47.4 0.009180 0.008697 0.042687 hargrave 2017-09-08 14:48:31 
TT 665 136.6 -28.8 128.7 -08.6 1.95E-06 006.4 172.6 -63.7 0.012566 0.010742 0.046735 hargrave 2017-09-10 13:38:52 
TT 670 187.6 -09.4 181.0 -15.1 2.50E-06 009.1 237.9 -31.2 0.012294 0.010633 0.045627 hargrave 2017-09-12 19:52:32 
TT 670 191.6 -13.8 182.2 -20.8 2.26E-06 009.7 244.6 -32.9 0.014801 0.009173 0.047669 hargrave 2017-09-13 09:07:52 
TT 670 195.8 -09.1 188.5 -18.9 2.48E-06 010.3 245.7 -26.8 0.013465 0.008494 0.049189 hargrave 2017-09-14 14:11:46 
TT 670 194.7 -09.6 187.2 -18.8 2.41E-06 009.9 245.0 -27.8 0.011350 0.010592 0.049231 hargrave 2017-09-14 15:05:48 
TT 672 087.5 -07.5 087.8  22.6 2.64E-06 011.8 117.8 -26.8 0.022962 0.022335 0.048463 hargrave 2017-09-15 12:05:08 
TT 672 089.0 -08.8 089.3  21.3 2.52E-06 011.7 118.5 -28.6 0.027468 0.015114 0.050249 hargrave 2017-09-15 14:39:07 
TT 674 181.6  01.5 181.3 -02.6 2.25E-06 011.3 226.3 -24.2 0.011700 0.018562 0.051103 hargrave 2017-09-16 18:58:59 
TT 674 191.4  03.2 190.7 -05.9 2.44E-06 011.6 234.9 -18.2 0.012752 0.011469 0.053644 hargrave 2017-09-19 09:12:00 
TT 676 094.0  00.1 095.6  29.8 2.30E-06 013.3 128.1 -23.3 0.017617 0.020372 0.050231 hargrave 2017-09-19 21:13:50 
TT 678 175.2  19.1 184.8  15.7 1.99E-06 014.6 213.3 -10.2 0.011955 0.019045 0.050434 hargrave 2017-09-22 22:01:44 
TT 680 099.5  03.4 102.5  32.3 1.97E-06 015.8 135.1 -22.6 0.014898 0.014539 0.056408 hargrave 2017-09-24 19:45:04 
TT 680 093.8 -02.4 095.1  27.3 1.78E-06 017.7 126.7 -25.4 0.024464 0.015841 0.055835 hargrave 2017-09-25 09:22:47 
TT 682 249.0 -03.6 246.1 -32.7 1.92E-06 018.7 287.5  07.6 0.012754 0.013425 0.063550 hargrave 2017-09-26 13:31:36 
TT 684 128.9  18.7 142.0  37.8 2.13E-06 019.1 168.8 -15.6 0.018331 0.038055 0.064966 hargrave 2017-10-01 13:40:59 
TT 686 183.4  23.0 193.7  15.1 2.36E-06 014.7 219.0 -03.8 0.014264 0.019164 0.059855 hargrave 2017-10-02 13:45:33 
TT 688 072.6  03.9 070.4  33.4 3.02E-06 012.1 110.7 -09.3 0.015627 0.016642 0.062198 hargrave 2017-10-03 16:41:06 
