TR004 -Fa mag compass orientation (IGRF corrected)
   3.88  11.3  42.0 173.8  30.2   1.0
NRM    005.0 -25.2 016.2 -16.2 9.03E-06 001.9 068.3 -14.5 0.024835 0.021626 0.017438 hargrave 2017-07-20 11:21:22 
TT 100 013.1 -38.2 029.6 -23.8 8.22E-06 004.5 063.3 -28.4 0.054047 0.038870 0.015748 hargrave 2017-07-21 12:50:48 
TT 200 015.1 -50.4 038.5 -33.3 8.11E-06 001.8 052.7 -37.0 0.018151 0.023053 0.017099 hargrave 2017-07-24 08:19:03 
TT 300 012.2 -56.6 041.3 -39.4 8.39E-06 002.0 044.9 -38.8 0.014538 0.026373 0.020397 hargrave 2017-07-24 16:12:44 
TT 350 010.0 -59.4 042.5 -42.3 8.30E-06 003.2 041.0 -39.2 0.040803 0.025137 0.017303 hargrave 2017-07-31 11:46:08 
TT 400 008.3 -62.5 044.5 -45.1 8.31E-06 002.8 037.1 -40.0 0.036593 0.020415 0.021964 hargrave 2017-08-01 10:10:49 
TT 450 004.1 -65.5 045.8 -48.5 7.08E-06 003.5 032.4 -39.9 0.036929 0.025879 0.017843 hargrave 2017-08-02 09:39:56 
TT 475 006.9 -64.3 045.7 -46.8 6.62E-06 002.5 034.6 -40.3 0.018129 0.029807 0.015437 hargrave 2017-08-03 16:39:34 
TT 500 002.5 -67.4 047.4 -50.3 6.14E-06 002.2 029.8 -40.3 0.019232 0.023872 0.013248 hargrave 2017-08-04 13:16:49 
TT 525 358.1 -66.9 045.0 -51.3 5.17E-06 002.3 029.3 -38.5 0.015852 0.016915 0.009858 hargrave 2017-08-07 10:03:44 
TT 550 005.7 -70.2 052.0 -51.1 4.38E-06 002.6 027.2 -42.6 0.018302 0.012601 0.010115 hargrave 2017-08-08 09:17:11 
TT 555 020.0 -66.8 053.8 -45.0 4.00E-06 001.9 034.3 -46.3 0.010847 0.010496 0.005924 hargrave 2017-08-09 09:16:08 
TT 560 021.1 -64.0 051.9 -42.5 3.53E-06 003.4 038.3 -45.9 0.017079 0.013639 0.006805 hargrave 2017-08-16 10:35:29 
TT 565 022.1 -62.6 051.2 -41.1 3.43E-06 002.8 040.5 -45.8 0.014319 0.010273 0.006533 hargrave 2017-08-16 18:56:21 
TT 570 034.1 -62.7 057.4 -38.2 3.05E-06 003.1 042.5 -51.2 0.013784 0.009861 0.005170 hargrave 2017-08-17 15:38:27 
TT 575 033.6 -59.1 054.9 -35.2 3.13E-06 003.2 048.0 -50.2 0.013441 0.011515 0.004085 hargrave 2017-08-18 11:19:25 
TT 580 050.6 -56.5 063.6 -29.2 2.89E-06 002.9 055.0 -58.6 0.010241 0.010643 0.003727 hargrave 2017-08-21 08:36:04 
TT 600 038.1 -49.5 052.9 -25.4 2.86E-06 004.0 063.3 -49.6 0.016697 0.011437 0.003816 hargrave 2017-08-21 17:24:56 
TT 620 036.2 -48.8 051.3 -25.3 2.81E-06 003.6 063.5 -48.1 0.014071 0.011547 0.003582 hargrave 2017-08-22 16:24:25 
TT 630 041.4 -50.0 055.2 -25.0 2.56E-06 003.9 063.9 -51.7 0.013616 0.011347 0.002980 hargrave 2017-08-23 15:25:23 
TT 640 054.9 -59.1 067.0 -31.1 2.18E-06 003.6 050.0 -61.0 0.009102 0.010792 0.002622 hargrave 2017-08-24 12:06:13 
TT 645 049.8 -49.0 060.5 -22.3 2.36E-06 003.0 068.5 -56.6 0.007469 0.009826 0.005186 hargrave 2017-08-25 08:26:45 
TT 650 044.3 -51.6 057.7 -25.8 2.26E-06 003.3 062.4 -54.0 0.008644 0.009717 0.003339 hargrave 2017-08-29 11:15:23 
TT 655 038.4 -56.4 056.2 -31.6 2.34E-06 002.2 053.1 -52.0 0.007741 0.006738 0.004038 hargrave 2017-08-30 07:58:04 
TT 660 043.2 -66.7 064.2 -40.0 2.69E-06 004.1 036.2 -55.3 0.013339 0.014720 0.004118 hargrave 2017-09-01 21:11:06 
TT 665 057.1 -46.7 064.8 -18.7 2.54E-06 003.4 075.7 -60.5 0.011660 0.010795 0.003989 hargrave 2017-09-10 13:35:27 
TT 670 052.3 -03.2 049.5  22.3 1.32E-06 002.3 120.8 -28.7 0.005643 0.004253 0.002249 hargrave 2017-09-12 19:49:39 
TT 672 054.4  18.8 043.6  43.9 1.56E-06 002.3 135.2 -11.1 0.004313 0.004736 0.003914 hargrave 2017-09-15 12:02:06 
TT 674 064.7  39.5 044.6  66.4 1.33E-06 002.2 152.5  03.3 0.005305 0.006249 0.003341 hargrave 2017-09-16 18:56:06 
TT 676 072.5  51.8 040.5  79.8 1.41E-06 002.9 162.2  12.8 0.009266 0.006220 0.005643 hargrave 2017-09-19 21:10:52 
TT 678 110.2  73.5 238.1  73.1 1.18E-06 002.9 183.0  31.7 0.009186 0.003348 0.002837 hargrave 2017-09-22 21:58:50 
TT 680 032.6  73.4 298.0  66.7 1.00E-06 005.1 159.7  40.0 0.010501 0.002478 0.004872 hargrave 2017-09-24 19:42:09 
TT 682 238.1 -22.4 226.6 -48.5 9.62E-07 009.0 320.1  09.7 0.008548 0.006187 0.011438 hargrave 2017-09-26 13:28:43 
TT 682 237.8 -22.4 226.2 -48.3 9.68E-07 008.6 319.8  09.5 0.008320 0.006176 0.010649 hargrave 2017-09-26 15:44:13 
TT 684 008.9  08.8 002.5  15.2 2.14E-07 023.8 094.1  08.1 0.003461 0.002897 0.008918 hargrave 2017-10-01 13:38:08 
TT 684 013.7  08.8 006.7  17.6 1.98E-07 027.6 097.7  05.0 0.003037 0.002802 0.009940 hargrave 2017-10-01 16:35:50 
TT 684 010.2  08.8 003.6  15.8 1.96E-07 028.9 095.1  07.3 0.003908 0.002872 0.010128 hargrave 2017-10-01 18:24:06 
TT 686 214.6  15.9 216.9 -04.5 6.85E-07 005.7 276.4  27.3 0.002677 0.001909 0.006720 hargrave 2017-10-02 13:42:41 
TT 688 003.7  06.3 359.2  10.4 1.35E-06 011.6 088.6  09.8 0.005601 0.002567 0.028019 hargrave 2017-10-03 16:38:13 
TT 688 006.6 -00.5 005.1  06.0 1.32E-06 004.0 086.2  02.8 0.006307 0.002172 0.006866 hargrave 2017-10-05 08:01:25 
