TR004 -Ua mag compass orientation (IGRF corrected)
   5.83  27.3  43.0 173.8  30.2   1.0
NRM    031.8  24.5 014.8  39.8 1.07E-05 001.7 110.2  14.7 0.027328 0.027799 0.015446 hargrave 2017-07-20 11:44:56 
TT 100 038.0  19.0 024.7  37.8 9.64E-06 003.0 110.7  06.9 0.046796 0.019068 0.012544 hargrave 2017-07-21 13:10:27 
TT 200 045.8  08.4 038.4  31.2 7.36E-06 005.7 109.4 -06.2 0.068231 0.026031 0.013081 hargrave 2017-07-24 08:37:17 
TT 300 048.8  03.3 043.6  27.5 6.11E-06 003.7 108.3 -12.0 0.035063 0.017651 0.010849 hargrave 2017-07-24 16:32:25 
TT 350 050.0 -03.0 047.0  21.9 5.30E-06 001.9 105.0 -17.5 0.013276 0.011687 0.010332 hargrave 2017-07-31 12:09:26 
TT 400 052.2 -10.6 051.5  15.2 4.65E-06 002.8 101.3 -24.6 0.019612 0.011408 0.008820 hargrave 2017-08-01 10:33:56 
TT 450 056.5 -21.4 058.4  05.8 3.80E-06 002.1 095.9 -35.2 0.009375 0.009226 0.007109 hargrave 2017-08-02 10:02:52 
TT 475 058.3 -27.0 061.3  00.7 3.55E-06 003.5 092.0 -40.2 0.018919 0.012258 0.006057 hargrave 2017-08-03 16:58:42 
TT 500 063.1 -35.3 066.9 -06.6 3.21E-06 002.2 086.2 -48.4 0.008027 0.009676 0.005682 hargrave 2017-08-04 13:35:58 
TT 525 068.3 -42.0 072.0 -12.6 3.05E-06 002.7 080.0 -55.2 0.009971 0.009702 0.006922 hargrave 2017-08-07 10:26:31 
TT 550 086.4 -51.6 085.6 -21.4 2.76E-06 002.3 065.7 -69.5 0.006857 0.008431 0.004770 hargrave 2017-08-08 09:40:02 
TT 555 090.6 -53.1 088.3 -23.0 2.67E-06 001.7 060.5 -72.0 0.004791 0.006270 0.002775 hargrave 2017-08-09 09:38:13 
TT 560 100.7 -56.8 094.1 -27.4 2.55E-06 002.5 040.0 -75.9 0.007248 0.007958 0.006045 hargrave 2017-08-16 10:58:09 
TT 565 103.7 -57.7 095.7 -28.6 2.59E-06 002.7 032.5 -76.5 0.008480 0.008384 0.005214 hargrave 2017-08-16 19:20:36 
TT 570 106.1 -59.7 096.6 -30.8 2.56E-06 002.5 023.4 -75.7 0.007364 0.007701 0.005860 hargrave 2017-08-17 16:01:18 
TT 575 106.5 -60.0 096.9 -31.1 2.50E-06 002.7 022.1 -75.6 0.007796 0.008171 0.007090 hargrave 2017-08-18 11:43:48 
TT 580 114.4 -60.4 101.1 -32.5 2.50E-06 002.7 006.1 -76.5 0.007860 0.008353 0.004332 hargrave 2017-08-21 08:58:47 
TT 600 118.8 -58.5 104.4 -31.5 2.50E-06 002.4 356.1 -78.4 0.007213 0.007249 0.005163 hargrave 2017-08-21 17:47:45 
TT 620 143.2 -61.0 116.4 -39.2 2.62E-06 002.5 322.6 -69.6 0.007900 0.007535 0.005503 hargrave 2017-08-22 16:48:03 
TT 630 144.8 -59.8 118.1 -38.6 2.82E-06 002.5 318.6 -69.5 0.008989 0.008029 0.005843 hargrave 2017-08-23 15:49:00 
TT 640 161.2 -58.3 128.0 -42.6 2.81E-06 002.6 309.7 -61.7 0.009809 0.007046 0.005155 hargrave 2017-08-24 12:29:55 
TT 645 164.1 -59.0 128.9 -44.2 2.74E-06 002.6 311.0 -60.2 0.008919 0.006757 0.006993 hargrave 2017-08-25 08:49:30 
TT 650 164.4 -57.0 130.9 -42.8 3.07E-06 002.7 307.0 -60.0 0.011257 0.006723 0.009002 hargrave 2017-08-29 11:38:11 
TT 655 159.3 -56.2 128.8 -40.4 2.90E-06 002.2 305.4 -62.8 0.007512 0.006098 0.006929 hargrave 2017-08-30 08:16:44 
TT 660 169.2 -49.3 140.5 -38.9 2.72E-06 003.0 293.4 -56.0 0.011220 0.007362 0.006092 hargrave 2017-09-01 21:33:58 
TT 665 150.7 -57.0 123.3 -38.1 2.85E-06 002.5 308.6 -67.5 0.007922 0.008568 0.005819 hargrave 2017-09-10 13:58:18 
TT 670 164.8 -15.5 158.2 -08.9 1.10E-06 005.8 247.5 -39.8 0.003019 0.003142 0.011992 hargrave 2017-09-12 20:11:04 
TT 672 133.3  07.0 140.5  25.4 5.76E-07 008.9 199.3 -34.2 0.003135 0.003776 0.010719 hargrave 2017-09-15 12:23:42 
TT 672 136.6  05.6 143.1  22.8 5.68E-07 009.9 203.5 -34.7 0.002242 0.002929 0.012004 hargrave 2017-09-15 15:23:12 
TT 674 150.4  19.0 163.3  28.0 5.32E-07 009.6 212.8 -17.6 0.003628 0.004207 0.010127 hargrave 2017-09-16 19:17:30 
TT 674 159.4  18.7 171.1  23.3 5.82E-07 010.6 220.9 -14.2 0.003505 0.003947 0.011322 hargrave 2017-09-19 09:20:47 
TT 676 074.7  25.4 069.4  55.0 6.54E-07 011.1 141.9 -08.0 0.004758 0.005080 0.011190 hargrave 2017-09-19 21:32:22 
TT 676 087.1  30.3 089.5  60.4 6.35E-07 010.5 153.9 -08.1 0.003569 0.003494 0.011176 hargrave 2017-09-22 11:50:43 
TT 676 085.0  28.2 085.8  58.4 6.43E-07 012.1 151.5 -09.3 0.005679 0.005945 0.011915 hargrave 2017-09-22 12:31:32 
TT 678 129.2  25.2 146.4  43.4 3.75E-07 014.0 191.3 -17.0 0.002974 0.003233 0.009650 hargrave 2017-09-22 22:21:57 
TT 678 122.6  26.9 140.1  47.8 3.39E-07 016.9 184.9 -16.0 0.002724 0.004095 0.010259 hargrave 2017-09-24 10:58:54 
TT 680 079.4  37.7 074.7  67.7 5.38E-07 011.1 150.9  01.2 0.002951 0.004062 0.009693 hargrave 2017-09-24 20:06:57 
TT 680 078.6  37.1 073.2  67.0 5.28E-07 011.5 150.1  00.9 0.002667 0.004048 0.009856 hargrave 2017-09-25 09:33:34 
TT 682 197.8  13.6 201.2  00.2 1.24E-06 007.0 253.9  03.6 0.002327 0.003393 0.014875 hargrave 2017-09-26 13:50:18 
TT 684 158.2  33.1 179.5  35.8 8.20E-07 009.0 213.3 -01.8 0.003051 0.002809 0.012623 hargrave 2017-10-01 14:00:37 
TT 684 160.5  31.5 180.2  33.4 8.29E-07 008.8 215.7 -02.4 0.004008 0.004426 0.011826 hargrave 2017-10-01 16:53:12 
TT 684 160.9  31.5 180.5  33.2 8.31E-07 009.4 216.1 -02.3 0.004486 0.005293 0.012296 hargrave 2017-10-01 18:41:10 
TT 686 142.5  03.3 147.6  18.1 6.97E-07 007.6 211.3 -35.0 0.003203 0.003756 0.013190 hargrave 2017-10-02 14:06:49 
TT 686 143.0  02.9 147.8  17.5 6.93E-07 007.2 212.0 -35.3 0.003276 0.002480 0.012527 hargrave 2017-10-02 16:19:15 
TT 686 143.0  03.0 147.9  17.6 6.95E-07 008.0 211.9 -35.1 0.003772 0.003760 0.013953 hargrave 2017-10-02 17:44:24 
TT 688 042.3  31.1 021.2  50.3 8.98E-07 007.6 121.9  13.1 0.004053 0.004771 0.011341 hargrave 2017-10-03 17:04:56 
TT 688 042.2  30.8 021.4  49.9 8.92E-07 006.4 121.6  12.9 0.003057 0.003591 0.009885 hargrave 2017-10-05 08:20:41 
