TR004 -Ia mag compass orientation (IGRF corrected)
   4.47  -0.7  36.0 173.8  30.2   1.0
NRM    005.4  59.0 319.6  52.5 5.54E-06 002.2 137.0  41.4 0.013129 0.015951 0.009249 hargrave 2017-07-20 11:26:10 
TT 100 028.2  64.9 318.4  64.6 3.66E-06 003.6 152.0  37.8 0.013530 0.018299 0.004877 hargrave 2017-07-21 12:54:57 
TT 200 067.4  68.5 296.0  78.8 2.30E-06 002.1 170.6  33.6 0.004678 0.006621 0.003872 hargrave 2017-07-24 08:23:13 
TT 300 094.5  66.4 232.4  81.8 1.78E-06 002.5 182.4  30.5 0.003732 0.006147 0.004501 hargrave 2017-07-24 16:16:54 
TT 350 115.2  64.7 206.0  74.7 1.55E-06 002.2 192.5  30.4 0.003071 0.004861 0.003076 hargrave 2017-07-31 11:51:21 
TT 400 130.4  61.9 199.3  67.7 1.34E-06 001.8 201.0  30.3 0.003402 0.002307 0.002340 hargrave 2017-08-01 10:16:03 
TT 450 161.9  54.8 202.5  50.0 1.15E-06 002.2 221.6  34.1 0.003110 0.003220 0.002390 hargrave 2017-08-02 09:45:04 
TT 475 170.8  49.9 202.8  42.7 1.15E-06 002.7 230.4  34.3 0.004651 0.002195 0.002409 hargrave 2017-08-03 16:43:55 
TT 500 181.2  40.7 202.5  31.0 1.20E-06 002.5 244.4  32.8 0.004535 0.002785 0.002081 hargrave 2017-08-04 13:21:13 
TT 525 184.1  27.3 196.7  18.5 1.11E-06 002.3 256.7  24.5 0.002754 0.002673 0.002863 hargrave 2017-08-07 10:08:53 
TT 550 189.3  16.7 195.4  06.9 1.30E-06 002.1 267.9  19.3 0.003272 0.003145 0.002648 hargrave 2017-08-08 09:22:21 
TT 555 192.6  17.7 198.7  06.2 1.21E-06 002.1 269.9  22.0 0.003497 0.003159 0.001812 hargrave 2017-08-09 09:21:07 
TT 560 189.6  16.8 195.8  06.8 1.29E-06 002.5 268.1  19.6 0.003652 0.003860 0.003212 hargrave 2017-08-16 10:40:38 
TT 565 196.8  19.8 203.2  06.2 1.20E-06 002.8 271.9  26.1 0.002547 0.005263 0.003606 hargrave 2017-08-16 19:01:31 
TT 570 196.8  16.9 201.9  03.6 1.35E-06 002.9 273.9  23.9 0.002729 0.004841 0.004869 hargrave 2017-08-17 15:43:36 
TT 575 202.8  18.5 207.7  02.5 1.13E-06 003.8 277.8  28.6 0.003218 0.008318 0.003832 hargrave 2017-08-18 11:24:34 
TT 580 198.7  09.9 200.3 -03.5 1.42E-06 003.4 280.0  19.3 0.008832 0.006505 0.004253 hargrave 2017-08-21 08:41:11 
TT 600 198.8  07.6 199.3 -05.6 1.10E-06 002.9 281.5  17.6 0.003819 0.006298 0.003457 hargrave 2017-08-21 17:30:10 
TT 620 194.1  07.1 195.0 -03.8 1.40E-06 003.1 277.9  14.4 0.003414 0.006178 0.005350 hargrave 2017-08-22 16:29:35 
TT 630 185.1  32.4 200.3  22.3 7.49E-07 008.0 253.6  28.9 0.003594 0.009425 0.005744 hargrave 2017-08-23 15:30:31 
TT 630 188.2  26.9 199.7  16.3 7.69E-07 004.5 260.0  26.6 0.002797 0.003936 0.004308 hargrave 2017-08-23 16:58:33 
TT 640 204.9  08.1 204.9 -07.8 1.98E-06 002.7 286.4  21.4 0.005580 0.009725 0.005362 hargrave 2017-08-24 12:11:23 
TT 645 307.7  10.5 307.9 -11.5 8.60E-07 010.9 049.8  36.8 0.005332 0.016962 0.003249 hargrave 2017-08-25 08:31:53 
TT 645 300.6  04.1 303.2 -19.9 8.53E-07 002.8 038.6  33.9 0.004642 0.005034 0.002821 hargrave 2017-08-25 11:39:04 
TT 650 184.8  26.4 196.7  17.3 1.72E-06 004.9 257.9  24.2 0.004571 0.020732 0.006275 hargrave 2017-08-29 11:20:32 
TT 655 311.0 -14.6 321.9 -33.3 1.23E-06 009.2 041.3  12.7 0.007122 0.020083 0.003591 hargrave 2017-08-30 08:02:16 
TT 655 305.7 -17.2 317.7 -37.8 1.25E-06 004.0 035.4  12.3 0.001047 0.010018 0.004394 hargrave 2017-08-30 09:17:41 
TT 660 188.7  11.2 192.2  02.4 2.44E-06 003.0 270.9  14.6 0.008244 0.010887 0.007609 hargrave 2017-09-01 21:16:12 
TT 665 175.6  43.2 200.4  35.5 1.27E-06 024.6 238.8  31.7 0.011595 0.020297 0.056285 hargrave 2017-09-10 13:40:36 
TT 665 182.1  37.7 201.2  28.1 1.27E-06 022.7 247.5  31.2 0.011868 0.012252 0.054514 hargrave 2017-09-10 15:27:50 
TT 665 189.5  28.7 201.7  17.2 1.19E-06 023.5 259.7  28.7 0.010320 0.012325 0.053081 hargrave 2017-09-11 07:45:40 
TT 665 190.1  28.9 202.3  17.1 1.20E-06 023.6 260.0  29.2 0.010925 0.011934 0.054020 hargrave 2017-09-11 08:12:56 
TT 670 158.7  32.0 179.1  34.7 1.98E-06 015.0 235.2  14.7 0.012960 0.013462 0.051530 hargrave 2017-09-12 19:53:59 
TT 670 167.3  31.2 185.6  29.8 1.76E-06 017.7 241.8  18.3 0.015896 0.011712 0.053771 hargrave 2017-09-13 09:09:19 
TT 670 164.5  32.3 184.0  32.0 2.17E-06 014.6 239.1  17.8 0.012135 0.012187 0.055390 hargrave 2017-09-14 14:13:14 
TT 670 165.1  32.9 184.9  32.2 2.09E-06 015.4 239.2  18.6 0.013270 0.013292 0.055572 hargrave 2017-09-14 15:07:17 
TT 672 008.2  18.2 356.8  22.9 2.12E-06 014.0 107.9  09.5 0.013039 0.022402 0.052503 hargrave 2017-09-15 12:06:37 
TT 672 010.0  19.5 357.5  24.9 1.91E-06 018.2 110.0  09.7 0.029056 0.019023 0.054983 hargrave 2017-09-15 14:40:35 
TT 674 160.3  31.1 179.8  33.1 2.19E-06 016.8 236.9  14.7 0.011568 0.023222 0.061898 hargrave 2017-09-16 19:00:26 
TT 674 168.3  26.7 183.5  25.5 2.71E-06 013.7 245.4  15.3 0.012063 0.015441 0.064745 hargrave 2017-09-19 09:13:28 
TT 676 078.2  28.1 074.4  58.0 1.41E-06 025.2 170.1 -07.4 0.012173 0.025452 0.060809 hargrave 2017-09-19 21:15:18 
TT 678 069.0  29.4 059.0  58.0 1.78E-06 018.5 162.4 -04.8 0.012365 0.023144 0.054385 hargrave 2017-09-22 22:03:12 
TT 680 035.2  31.2 013.4  47.1 1.55E-06 022.2 135.7  07.1 0.013262 0.016683 0.061106 hargrave 2017-09-24 19:46:32 
TT 680 023.0  24.2 006.4  35.3 1.32E-06 025.1 122.8  06.7 0.016273 0.015477 0.058508 hargrave 2017-09-25 09:24:16 
TT 682 201.4 -15.0 190.5 -26.7 1.73E-06 022.8 296.5  00.2 0.013626 0.018583 0.070033 hargrave 2017-09-26 13:33:09 
TT 684 042.8  13.9 032.6  35.2 2.15E-06 020.9 134.1 -11.4 0.019019 0.033788 0.073128 hargrave 2017-10-01 13:42:26 
TT 686 147.3  31.5 168.9  40.0 1.60E-06 018.7 227.1  09.0 0.014864 0.019744 0.051328 hargrave 2017-10-02 13:46:59 
TT 688 029.3  05.6 022.9  22.0 3.01E-06 012.4 118.1 -12.4 0.016265 0.019928 0.063155 hargrave 2017-10-03 16:42:33 
