TR004 -Ra mag compass orientation (IGRF corrected)
    5.6  15.3  46.0 173.8  30.2   1.0
NRM    353.7  53.5 319.5  44.0 2.71E-05 002.7 127.6  45.8 0.084746 0.093254 0.057428 hargrave 2017-07-20 11:40:28 
TT 100 359.9  55.3 321.2  47.9 2.56E-05 003.6 131.6  42.8 0.141964 0.080408 0.034988 hargrave 2017-07-21 13:06:40 
TT 200 008.4  55.8 325.5  51.8 2.23E-05 002.9 134.4  38.5 0.095757 0.062615 0.032315 hargrave 2017-07-24 08:33:31 
TT 300 010.8  54.6 328.3  52.1 2.08E-05 002.6 133.8  36.8 0.076304 0.052008 0.034363 hargrave 2017-07-24 16:28:38 
TT 350 014.0  55.4 329.2  54.1 2.00E-05 001.7 135.7  35.5 0.038980 0.044395 0.025342 hargrave 2017-07-31 12:04:32 
TT 400 015.1  56.2 328.6  55.1 1.90E-05 001.4 137.0  35.4 0.036995 0.026734 0.028712 hargrave 2017-08-01 10:29:06 
TT 450 014.3  57.5 326.3  55.4 1.79E-05 001.9 138.2  36.4 0.027053 0.043547 0.039804 hargrave 2017-08-02 09:59:03 
TT 475 014.1  57.3 326.6  55.2 1.73E-05 002.7 137.9  36.3 0.059661 0.049373 0.025943 hargrave 2017-08-03 16:54:35 
TT 500 013.6  57.5 326.0  55.1 1.67E-05 003.0 138.0  36.7 0.064467 0.055881 0.024522 hargrave 2017-08-04 13:32:06 
TT 525 013.5  56.6 327.1  54.6 1.64E-05 001.5 136.9  36.4 0.028683 0.026717 0.023872 hargrave 2017-08-07 10:21:45 
TT 550 013.8  57.3 326.4  55.1 1.54E-05 001.5 137.8  36.5 0.028659 0.022705 0.023468 hargrave 2017-08-08 09:35:15 
TT 555 014.0  56.9 327.1  55.0 1.53E-05 001.3 137.4  36.2 0.028163 0.026661 0.010805 hargrave 2017-08-09 09:33:36 
TT 560 014.3  56.6 327.6  55.0 1.47E-05 001.4 137.2  35.9 0.023930 0.026319 0.019909 hargrave 2017-08-16 10:53:27 
TT 565 016.7  57.6 327.5  56.5 1.43E-05 001.4 139.0  35.2 0.021845 0.026521 0.019182 hargrave 2017-08-16 19:15:53 
TT 570 017.7  57.9 327.5  57.2 1.43E-05 001.8 139.6  34.9 0.026267 0.035451 0.018659 hargrave 2017-08-17 15:56:32 
TT 575 017.1  58.4 326.4  57.1 1.41E-05 002.1 140.0  35.4 0.028523 0.040770 0.020515 hargrave 2017-08-18 11:39:03 
TT 580 017.8  57.9 327.5  57.2 1.39E-05 002.1 139.7  34.9 0.030379 0.038507 0.019679 hargrave 2017-08-21 08:54:03 
TT 600 018.4  57.6 328.3  57.3 1.35E-05 001.5 139.6  34.5 0.021578 0.025565 0.019606 hargrave 2017-08-21 17:43:01 
TT 620 017.3  56.9 328.8  56.5 1.32E-05 001.7 138.5  34.6 0.023923 0.028301 0.019758 hargrave 2017-08-22 16:43:18 
TT 630 018.0  57.3 328.6  57.0 1.29E-05 002.1 139.1  34.5 0.026325 0.035973 0.019676 hargrave 2017-08-23 15:44:15 
TT 640 018.8  57.6 328.6  57.5 1.24E-05 001.6 139.6  34.2 0.021222 0.022793 0.018538 hargrave 2017-08-24 12:25:05 
TT 645 019.2  58.0 328.2  57.9 1.23E-05 002.9 140.2  34.3 0.031637 0.052803 0.019933 hargrave 2017-08-25 08:44:41 
TT 650 020.7  57.0 330.5  58.1 1.20E-05 002.0 139.7  33.1 0.023874 0.029878 0.018852 hargrave 2017-08-29 11:33:26 
TT 655 021.3  57.8 329.6  58.8 1.17E-05 001.7 140.7  33.2 0.017796 0.032409 0.026355 hargrave 2017-08-30 08:12:55 
TT 660 024.3  56.4 333.5  59.4 1.13E-05 002.5 140.3  31.1 0.026181 0.040621 0.023051 hargrave 2017-09-01 21:29:06 
TT 665 029.0  58.9 331.5  62.9 9.24E-06 003.0 144.4  30.4 0.023294 0.044177 0.014059 hargrave 2017-09-10 13:53:30 
TT 670 035.7  59.8 332.8  66.3 6.49E-06 001.6 147.6  28.3 0.012214 0.013410 0.011028 hargrave 2017-09-12 20:06:43 
TT 672 057.8  61.8 333.7  77.2 4.33E-06 004.8 157.8  22.5 0.011046 0.035229 0.010517 hargrave 2017-09-15 12:19:19 
TT 674 071.1  51.4 037.7  79.0 2.29E-06 002.6 159.1  09.9 0.005884 0.006153 0.008393 hargrave 2017-09-16 19:13:08 
TT 676 052.2  52.0 003.7  70.9 1.31E-06 004.5 149.1  16.4 0.004849 0.004215 0.008708 hargrave 2017-09-19 21:27:59 
TT 678 076.5  57.3 023.8  85.4 1.20E-06 006.1 164.4  14.1 0.006365 0.006466 0.009694 hargrave 2017-09-22 22:17:30 
TT 678 074.2  57.5 014.6  84.5 1.21E-06 005.7 163.3  14.7 0.005639 0.005330 0.009540 hargrave 2017-09-24 10:54:31 
TT 680 098.0  45.3 120.4  73.2 5.86E-07 009.5 174.8 -00.5 0.004001 0.005494 0.008053 hargrave 2017-09-24 19:59:17 
TT 680 096.5  43.7 115.0  72.1 5.54E-07 010.3 173.7 -02.0 0.002989 0.004536 0.008893 hargrave 2017-09-25 09:27:24 
TT 682 131.2  54.3 182.7  64.2 1.05E-06 006.4 195.1  10.7 0.002889 0.004014 0.011246 hargrave 2017-09-26 13:45:45 
TT 684 159.9  47.2 192.9  45.7 1.23E-06 005.8 214.7  13.1 0.003132 0.004570 0.011655 hargrave 2017-10-01 13:56:20 
TT 686 126.0  41.3 157.3  58.2 9.83E-07 009.1 195.4 -02.7 0.002987 0.008454 0.013182 hargrave 2017-10-02 14:02:31 
TT 686 127.2  41.0 158.3  57.5 9.83E-07 007.5 196.4 -02.7 0.003296 0.006257 0.011345 hargrave 2017-10-02 16:14:54 
TT 686 126.6  41.4 158.1  58.1 9.89E-07 008.1 195.8 -02.5 0.001922 0.004852 0.013118 hargrave 2017-10-02 17:40:06 
TT 688 040.9  45.8 003.5  61.2 5.50E-07 006.4 139.1  16.3 0.002214 0.002869 0.006051 hargrave 2017-10-03 17:00:36 
