TR004 -Ja mag compass orientation (IGRF corrected)
   4.55  -2.7  50.0 173.8  30.2   1.0
NRM    019.8  52.8 336.2  55.3 1.02E-05 001.8 143.7  19.6 0.020799 0.024185 0.016968 hargrave 2017-07-20 11:27:42 
TT 100 034.7  52.9 346.4  62.6 7.82E-06 004.0 150.5  13.4 0.030897 0.043836 0.012160 hargrave 2017-07-21 12:56:16 
TT 200 045.2  52.2 356.3  67.5 6.15E-06 002.9 155.4  09.2 0.023470 0.020550 0.014178 hargrave 2017-07-24 08:24:31 
TT 300 056.2  53.7 003.6  73.8 5.45E-06 003.2 162.0  07.5 0.011452 0.027397 0.009686 hargrave 2017-07-24 16:18:13 
TT 350 060.3  53.4 010.1  75.7 5.13E-06 001.6 164.2  06.2 0.009888 0.009523 0.011185 hargrave 2017-07-31 11:53:05 
TT 400 063.3  54.2 011.4  77.6 4.80E-06 002.0 166.1  06.4 0.005983 0.014733 0.009044 hargrave 2017-08-01 10:17:42 
TT 450 066.5  56.2 007.5  80.2 4.50E-06 001.7 168.5  07.8 0.007496 0.011034 0.007894 hargrave 2017-08-02 09:46:48 
TT 475 063.6  56.6 001.6  79.0 4.36E-06 002.2 167.1  08.7 0.009677 0.014601 0.008034 hargrave 2017-08-03 16:45:14 
TT 500 067.7  58.2 357.6  81.6 4.20E-06 001.5 169.7  09.6 0.007614 0.008047 0.007574 hargrave 2017-08-04 13:22:40 
TT 525 071.6  58.2 002.7  83.5 4.14E-06 002.1 171.7  09.1 0.006112 0.011435 0.009625 hargrave 2017-08-07 10:10:31 
TT 550 073.0  59.1 356.4  84.5 3.91E-06 002.0 172.6  09.8 0.006241 0.011218 0.006986 hargrave 2017-08-08 09:24:00 
TT 555 074.5  58.5 004.5  85.1 4.08E-06 002.7 173.3  09.1 0.006229 0.018957 0.003875 hargrave 2017-08-09 09:22:42 
TT 560 072.3  58.6 000.4  84.0 4.00E-06 002.0 172.1  09.4 0.005289 0.010793 0.008564 hargrave 2017-08-16 10:42:16 
TT 565 068.8  58.4 357.6  82.2 3.79E-06 004.1 170.3  09.6 0.004864 0.025615 0.008822 hargrave 2017-08-16 19:03:08 
TT 570 069.0  59.4 350.6  82.5 3.69E-06 004.2 170.7  10.5 0.005079 0.025466 0.009311 hargrave 2017-08-17 15:45:14 
TT 575 067.1  57.7 000.4  81.1 3.72E-06 004.4 169.2  09.1 0.005720 0.027378 0.008818 hargrave 2017-08-18 11:26:12 
TT 580 072.7  59.8 349.1  84.4 3.54E-06 002.9 172.6  10.5 0.006952 0.017634 0.005928 hargrave 2017-08-21 08:42:49 
TT 600 075.4  59.7 352.0  85.8 3.47E-06 003.7 173.9  10.2 0.005461 0.021752 0.007076 hargrave 2017-08-21 17:31:48 
TT 620 071.3  59.8 348.4  83.7 3.21E-06 003.0 171.9  10.7 0.005994 0.015518 0.006953 hargrave 2017-08-22 16:31:14 
TT 630 068.8  58.6 356.4  82.3 3.18E-06 003.6 170.4  09.8 0.005812 0.018639 0.006979 hargrave 2017-08-23 15:32:11 
TT 640 088.6  61.4 209.8  87.1 3.03E-06 004.3 180.7  11.4 0.005747 0.021955 0.005736 hargrave 2017-08-24 12:13:02 
TT 645 059.2  58.5 349.1  77.4 2.91E-06 003.5 165.5  11.2 0.004156 0.017562 0.005614 hargrave 2017-08-25 08:33:31 
TT 650 072.4  60.7 339.7  84.3 2.82E-06 005.0 172.6  11.4 0.005453 0.023628 0.006713 hargrave 2017-08-29 11:22:11 
TT 655 057.0  55.9 357.3  75.3 2.83E-06 003.8 163.3  09.3 0.004433 0.019717 0.005479 hargrave 2017-08-30 08:03:35 
TT 660 088.6  63.7 235.6  85.5 2.74E-06 003.9 180.6  13.7 0.007754 0.018176 0.005257 hargrave 2017-09-01 21:17:55 
TT 665 071.4  59.6 350.5  83.7 2.91E-06 004.6 171.9  10.4 0.006812 0.010543 0.021554 hargrave 2017-09-10 13:42:18 
TT 670 093.4  62.1 204.0  84.8 2.48E-06 006.0 182.9  12.2 0.006804 0.019059 0.018444 hargrave 2017-09-12 19:55:28 
TT 672 046.5  54.9 351.3  69.6 1.74E-06 009.7 157.5  11.1 0.008004 0.023507 0.018633 hargrave 2017-09-15 12:08:07 
TT 672 046.3  54.8 351.2  69.5 1.69E-06 007.1 157.4  11.1 0.005313 0.004633 0.020602 hargrave 2017-09-15 15:21:40 
TT 674 105.3  65.6 213.6  78.7 1.57E-06 009.0 187.6  16.5 0.005154 0.012043 0.022331 hargrave 2017-09-16 19:01:56 
TT 674 125.3  64.6 205.6  70.4 1.62E-06 009.1 196.2  18.7 0.005314 0.011581 0.023759 hargrave 2017-09-19 09:14:58 
TT 676 049.0  54.0 355.7  70.4 1.42E-06 010.0 158.3  09.6 0.005780 0.012321 0.022242 hargrave 2017-09-19 21:16:48 
TT 676 069.9  60.2 344.6  83.1 1.39E-06 010.0 171.3  11.2 0.006028 0.008671 0.022959 hargrave 2017-09-22 11:44:37 
TT 676 064.7  59.5 347.3  80.4 1.37E-06 010.5 168.5  11.2 0.006254 0.009314 0.023156 hargrave 2017-09-22 12:28:35 
TT 678 094.6  43.0 110.1  71.9 9.66E-07 014.2 185.4 -06.8 0.005254 0.014557 0.019702 hargrave 2017-09-22 22:04:41 
TT 678 069.6  42.6 050.6  70.7 9.47E-07 016.1 167.0 -05.9 0.004396 0.013726 0.023426 hargrave 2017-09-24 10:52:54 
TT 680 045.2  27.5 027.3  48.4 8.35E-07 016.1 142.6 -11.9 0.008655 0.008990 0.021765 hargrave 2017-09-24 19:48:01 
TT 680 045.6  24.7 029.7  46.1 7.73E-07 014.4 141.4 -14.5 0.007370 0.005722 0.019466 hargrave 2017-09-25 09:25:45 
TT 682 147.6  65.6 212.8  61.5 4.67E-07 027.1 203.4  25.4 0.004372 0.004864 0.024427 hargrave 2017-09-26 13:34:38 
TT 682 144.2  68.1 217.4  63.5 4.50E-07 027.2 200.3  26.2 0.004163 0.005036 0.023468 hargrave 2017-09-26 15:47:15 
TT 682 139.9  68.6 217.8  65.1 4.40E-07 027.2 198.7  25.4 0.004415 0.004841 0.023090 hargrave 2017-09-26 16:11:39 
TT 684 014.9  50.9 335.5  51.8 4.33E-07 031.2 140.1  20.7 0.005860 0.010157 0.024962 hargrave 2017-10-01 13:43:53 
TT 684 022.8  59.6 327.2  60.3 3.97E-07 033.4 150.3  22.8 0.006790 0.006125 0.025219 hargrave 2017-10-01 16:40:31 
TT 684 026.2  59.5 329.0  61.8 3.84E-07 034.3 151.4  21.5 0.006130 0.005899 0.025343 hargrave 2017-10-01 18:28:40 
TT 686 165.1 -01.3 165.6  03.2 4.21E-07 031.6 263.1 -10.2 0.004619 0.005813 0.025580 hargrave 2017-10-02 13:48:26 
TT 686 167.7 -03.5 166.7  00.0 4.21E-07 029.9 266.5 -09.6 0.003247 0.005794 0.024031 hargrave 2017-10-02 16:08:17 
TT 686 167.3 -03.4 166.4  00.3 4.32E-07 030.4 266.1 -09.9 0.003490 0.005945 0.025175 hargrave 2017-10-02 17:33:29 
TT 688 021.5 -07.7 021.7  06.7 3.50E-07 022.8 099.9 -23.4 0.004939 0.006167 0.012794 hargrave 2017-10-03 16:45:39 
TT 688 350.1  05.1 348.0  02.6 3.09E-07 035.5 089.3  08.8 0.004121 0.006589 0.021087 hargrave 2017-10-05 08:06:12 
TT 688 342.3  01.1 343.3 -04.8 3.12E-07 040.7 081.1  12.1 0.005797 0.005234 0.025828 hargrave 2017-10-05 10:10:34 
