TR004 -Ca mag compass orientation (IGRF corrected)
   3.52  41.3  51.0 173.8  30.2   1.0
NRM    324.6 -22.3 339.9 -33.7 7.86E-06 003.0 013.9  27.5 0.011903 0.041530 0.009991 hargrave 2017-07-20 11:16:49 
TT 100 317.9 -40.3 348.1 -51.7 6.29E-06 001.7 005.1  10.5 0.009571 0.018365 0.005427 hargrave 2017-07-21 12:46:53 
TT 200 305.8 -55.9 002.5 -67.7 5.38E-06 001.6 356.9 -05.1 0.007186 0.013039 0.007632 hargrave 2017-07-24 08:15:11 
TT 300 283.5 -68.6 048.0 -77.8 4.92E-06 001.3 349.6 -19.5 0.022609 0.011300 0.009664 hargrave 2017-07-24 16:08:49 
TT 350 268.9 -67.1 068.8 -82.3 5.80E-06 001.7 343.7 -20.9 0.020760 0.017524 0.009560 hargrave 2017-07-31 11:41:07 
TT 400 338.5 -47.6 012.3 -46.7 4.07E-06 008.1 018.0  00.1 0.009485 0.042858 0.038235 hargrave 2017-08-01 10:05:47 
TT 400 326.4 -54.8 013.4 -57.1 4.26E-06 002.1 008.7 -04.7 0.011205 0.011051 0.010033 hargrave 2017-08-01 11:34:22 
TT 450 243.5 -48.9 207.9 -74.0 5.74E-06 011.0 320.6 -16.3 0.124595 0.034190 0.016180 hargrave 2017-08-02 09:35:05 
TT 450 253.8 -50.7 227.3 -79.3 6.46E-06 005.9 326.8 -12.9 0.038203 0.053670 0.016047 hargrave 2017-08-02 11:04:12 
TT 475 051.1 -49.6 061.5 -22.5 2.94E-06 011.9 050.8 -34.4 0.020417 0.052568 0.026994 hargrave 2017-08-03 16:35:38 
TT 475 355.4 -84.1 072.2 -59.1 4.43E-06 002.6 005.0 -34.6 0.012230 0.016400 0.007264 hargrave 2017-08-04 07:43:03 
TT 500 220.1 -36.9 193.5 -54.0 6.10E-06 002.3 299.7 -23.0 0.025182 0.008060 0.021001 hargrave 2017-08-04 13:12:55 
TT 525 043.7 -10.8 043.4  12.4 4.48E-06 006.6 083.0 -08.7 0.020970 0.080683 0.028218 hargrave 2017-08-07 09:58:52 
TT 550 230.7 -41.3 201.0 -62.5 6.66E-06 007.7 308.5 -18.7 0.090296 0.023816 0.020335 hargrave 2017-08-08 09:12:17 
TT 550 236.3 -43.4 206.0 -66.6 6.91E-06 003.3 312.9 -16.6 0.026395 0.027044 0.014222 hargrave 2017-08-08 10:57:53 
TT 555 032.5 -42.3 045.8 -20.4 2.07E-06 058.3 050.9 -19.6 0.131282 0.161659 0.075030 hargrave 2017-08-09 09:11:24 
TT 555 033.8 -41.9 046.5 -19.7 4.25E-06 001.7 051.8 -20.2 0.011377 0.012336 0.004861 hargrave 2017-08-09 10:57:19 
TT 560 186.9  05.2 187.8 -02.0 5.28E-06 006.8 242.7 -22.3 0.053708 0.031560 0.016880 hargrave 2017-08-16 10:30:38 
TT 565 065.0 -05.1 063.4  23.4 4.24E-06 006.5 101.4 -21.6 0.019705 0.062738 0.024470 hargrave 2017-08-16 18:51:32 
TT 570 190.9  00.8 189.1 -07.8 4.48E-06 008.2 249.1 -22.6 0.060694 0.015655 0.017590 hargrave 2017-08-17 15:33:32 
TT 570 194.9 -06.2 189.2 -15.9 4.37E-06 001.9 257.7 -24.3 0.011268 0.007419 0.009607 hargrave 2017-08-17 17:18:40 
TT 575 058.7  04.3 054.2  31.3 4.89E-06 003.4 104.5 -10.7 0.023208 0.052385 0.016188 hargrave 2017-08-18 11:14:35 
TT 580 201.5  01.2 198.8 -12.5 5.11E-06 018.2 256.3 -14.5 0.173007 0.009927 0.023999 hargrave 2017-08-21 08:31:15 
TT 580 213.9 -11.3 204.6 -29.2 4.80E-06 002.0 274.3 -12.8 0.010593 0.010661 0.014280 hargrave 2017-08-21 10:16:01 
TT 600 137.8  34.6 162.5  47.2 4.09E-06 006.9 185.5 -16.2 0.046825 0.033031 0.021322 hargrave 2017-08-21 17:20:04 
TT 620 217.1 -20.0 203.2 -38.3 4.95E-06 004.2 283.3 -15.5 0.035530 0.008571 0.016097 hargrave 2017-08-22 16:19:28 
TT 630 075.3  01.8 073.8  31.7 2.73E-06 006.9 114.4 -24.5 0.027704 0.036750 0.012990 hargrave 2017-08-23 15:20:27 
TT 640 254.4 -54.8 214.1 -82.9 5.61E-06 002.0 329.9 -15.7 0.023549 0.016945 0.011659 hargrave 2017-08-24 12:01:16 
TT 645 015.7 -44.0 034.8 -27.8 5.82E-06 008.7 041.4 -11.3 0.065629 0.060728 0.011648 hargrave 2017-08-25 08:21:53 
TT 645 005.1 -52.1 033.5 -38.4 6.21E-06 002.1 030.5 -12.4 0.014695 0.017956 0.011841 hargrave 2017-08-25 11:37:15 
TT 650 229.1 -56.7 168.2 -71.7 2.58E-06 005.6 322.0 -27.9 0.015552 0.038909 0.009179 hargrave 2017-08-29 11:10:30 
TT 655 047.8 -37.9 055.5 -12.1 3.92E-06 012.2 061.8 -27.1 0.049193 0.075052 0.012503 hargrave 2017-08-30 07:54:04 
TT 655 043.1 -46.4 054.9 -21.3 3.94E-06 001.9 051.5 -28.2 0.007164 0.013034 0.008944 hargrave 2017-08-30 09:16:10 
TT 660 205.5 -29.1 185.4 -40.6 4.31E-06 011.0 285.2 -29.4 0.083063 0.013532 0.006928 hargrave 2017-09-01 21:04:39 
TT 660 217.7 -30.4 196.7 -47.6 3.48E-06 012.4 292.7 -21.1 0.026572 0.017214 0.079418 hargrave 2017-09-08 14:40:12 
TT 665 196.4 -09.3 189.0 -19.3 2.91E-06 014.8 261.4 -25.1 0.036508 0.019393 0.075127 hargrave 2017-09-10 13:30:37 
TT 665 199.8 -17.5 187.5 -28.0 2.88E-06 012.6 270.9 -27.5 0.021760 0.015289 0.067756 hargrave 2017-09-10 15:25:56 
TT 665 204.8 -33.8 181.1 -44.1 3.02E-06 011.1 289.6 -32.2 0.019755 0.016967 0.062640 hargrave 2017-09-11 07:43:51 
TT 665 203.9 -31.1 182.3 -41.5 2.89E-06 011.9 286.4 -31.6 0.017652 0.016200 0.068275 hargrave 2017-09-11 08:11:07 
TT 670 190.6 -04.8 186.1 -12.6 2.52E-06 017.2 253.4 -26.6 0.048870 0.023319 0.064765 hargrave 2017-09-12 19:45:01 
TT 670 212.4 -33.1 188.9 -47.3 2.54E-06 013.0 292.5 -26.4 0.017398 0.022997 0.067317 hargrave 2017-09-13 09:06:05 
TT 670 217.0 -22.8 201.3 -40.7 3.35E-06 011.3 285.6 -17.3 0.021017 0.019699 0.068238 hargrave 2017-09-14 14:10:05 
TT 670 215.7 -24.0 199.2 -41.2 3.13E-06 011.8 286.0 -19.0 0.023201 0.022072 0.069186 hargrave 2017-09-14 15:04:06 
TT 672 052.0  02.3 047.3  27.5 3.78E-06 011.7 098.6 -06.8 0.021421 0.055985 0.066784 hargrave 2017-09-15 11:57:24 
TT 672 049.2 -06.1 047.2  18.7 3.29E-06 013.9 090.2 -10.0 0.047731 0.023424 0.063714 hargrave 2017-09-15 14:37:26 
TT 674 198.4  28.5 208.6  13.2 1.57E-06 027.4 234.1  02.0 0.030008 0.027987 0.071042 hargrave 2017-09-16 18:51:26 
TT 674 212.3  17.1 215.3 -02.6 2.87E-06 016.5 251.1  03.9 0.029883 0.019293 0.078476 hargrave 2017-09-19 09:08:49 
TT 676 055.5  08.2 049.3  34.2 2.91E-06 015.4 105.4 -05.7 0.019173 0.057492 0.069229 hargrave 2017-09-19 21:06:12 
TT 678 185.1  43.6 207.3  31.6 2.24E-06 014.9 216.0  05.8 0.029669 0.019908 0.052104 hargrave 2017-09-22 21:54:11 
TT 680 059.2  09.5 053.2  36.4 1.91E-06 020.3 108.8 -07.6 0.022102 0.031235 0.061191 hargrave 2017-09-24 19:35:45 
TT 682 254.3 -27.3 248.2 -56.9 2.73E-06 017.1 311.6  05.0 0.020298 0.013897 0.080749 hargrave 2017-09-26 13:22:26 
TT 684 066.0  25.1 056.3  53.1 1.73E-06 027.0 124.6 -01.6 0.014657 0.061831 0.071657 hargrave 2017-10-01 13:31:59 
TT 686 211.4  12.4 212.6 -06.6 1.70E-06 024.2 254.2  00.2 0.026701 0.030509 0.067591 hargrave 2017-10-02 13:38:06 
TT 688 093.5  38.0 104.0  67.4 1.32E-06 025.2 151.0 -05.5 0.020626 0.022070 0.056304 hargrave 2017-10-03 16:33:38 
