TR004 -Qa mag compass orientation (IGRF corrected)
   5.56  65.3  72.0 173.8  30.2   1.0
NRM    033.6  49.4 351.2  60.0 2.01E-05 001.5 138.1  34.0 0.030272 0.047436 0.029339 hargrave 2017-07-20 11:39:02 
TT 100 043.4  51.3 356.5  66.1 1.81E-05 004.6 139.1  27.6 0.101015 0.103585 0.023987 hargrave 2017-07-21 13:05:27 
TT 200 046.7  47.4 007.0  65.2 1.62E-05 004.4 134.7  25.7 0.095262 0.078520 0.028218 hargrave 2017-07-24 08:32:19 
TT 300 047.9  47.1 008.9  65.6 1.51E-05 002.8 134.3  24.9 0.047169 0.053664 0.025302 hargrave 2017-07-24 16:27:25 
TT 350 048.5  46.2 011.2  65.2 1.48E-05 002.4 133.3  24.4 0.053755 0.032236 0.024690 hargrave 2017-07-31 12:03:00 
TT 400 050.0  47.3 011.0  66.8 1.41E-05 001.3 134.6  23.4 0.024326 0.018105 0.020850 hargrave 2017-08-01 10:27:33 
TT 450 049.7  47.7 010.0  66.9 1.31E-05 001.1 135.0  23.6 0.017544 0.029590 0.022844 hargrave 2017-08-02 09:57:50 
TT 475 051.1  49.0 009.1  68.4 1.26E-05 002.0 136.4  22.7 0.025442 0.032469 0.021476 hargrave 2017-08-03 16:53:22 
TT 500 051.4  48.7 010.1  68.4 1.21E-05 002.3 136.1  22.5 0.022607 0.045200 0.020653 hargrave 2017-08-04 13:30:53 
TT 525 052.7  48.7 011.8  69.0 1.16E-05 001.7 136.1  21.7 0.017128 0.026545 0.023952 hargrave 2017-08-07 10:20:13 
TT 550 052.1  51.0 006.0  70.3 1.08E-05 001.8 138.6  22.1 0.027912 0.017656 0.019488 hargrave 2017-08-08 09:33:43 
TT 555 052.2  50.0 008.5  69.6 1.07E-05 002.4 137.5  22.0 0.036827 0.027717 0.011613 hargrave 2017-08-09 09:32:07 
TT 560 051.7  49.7 008.5  69.2 1.04E-05 002.1 137.2  22.3 0.031801 0.019945 0.017380 hargrave 2017-08-16 10:51:56 
TT 565 052.4  50.7 007.1  70.2 1.01E-05 002.2 138.3  21.9 0.032845 0.020138 0.017645 hargrave 2017-08-16 19:14:23 
TT 570 051.9  51.2 005.2  70.3 9.88E-06 001.6 138.9  22.3 0.023726 0.012625 0.016822 hargrave 2017-08-17 15:55:00 
TT 575 052.6  51.3 005.9  70.7 9.77E-06 002.8 138.9  21.8 0.038899 0.027871 0.017209 hargrave 2017-08-18 11:37:32 
TT 580 052.9  51.3 006.3  70.8 9.52E-06 001.5 138.9  21.6 0.023164 0.012674 0.015940 hargrave 2017-08-21 08:52:31 
TT 600 053.2  52.1 004.7  71.5 9.36E-06 002.5 139.8  21.5 0.034132 0.023383 0.016270 hargrave 2017-08-21 17:41:28 
TT 620 053.5  52.1 005.2  71.6 9.06E-06 002.0 139.8  21.3 0.023944 0.018286 0.016077 hargrave 2017-08-22 16:41:46 
TT 630 053.0  51.2 006.6  70.8 8.85E-06 003.1 138.8  21.6 0.037365 0.028712 0.015754 hargrave 2017-08-23 15:42:43 
TT 640 051.2  51.2 004.7  69.9 8.47E-06 002.7 138.7  22.7 0.034062 0.022193 0.014763 hargrave 2017-08-24 12:23:33 
TT 645 051.9  50.4 007.1  69.8 8.61E-06 002.4 138.0  22.2 0.031248 0.019111 0.015602 hargrave 2017-08-25 08:43:10 
TT 650 052.3  52.9 001.5  71.5 8.51E-06 002.6 140.7  22.1 0.031604 0.019453 0.018306 hargrave 2017-08-29 11:31:54 
TT 655 052.3  48.9 010.9  69.0 8.37E-06 002.1 136.3  21.9 0.025150 0.022438 0.015905 hargrave 2017-08-30 08:11:38 
TT 660 050.9  50.5 005.8  69.3 8.06E-06 001.8 138.0  22.9 0.019849 0.014000 0.014874 hargrave 2017-09-01 21:27:31 
TT 665 049.6  49.4 006.6  68.0 8.07E-06 002.8 136.9  23.7 0.034525 0.022322 0.013192 hargrave 2017-09-10 13:51:59 
TT 670 053.6  54.1 359.6  72.7 7.93E-06 002.2 142.0  21.3 0.023354 0.018548 0.012684 hargrave 2017-09-12 20:05:07 
TT 672 053.9  51.5 006.9  71.4 7.85E-06 002.5 139.2  21.0 0.026976 0.020141 0.013524 hargrave 2017-09-15 12:17:47 
TT 674 052.0  54.0 358.5  71.9 7.64E-06 002.3 141.8  22.2 0.025096 0.016956 0.012966 hargrave 2017-09-16 19:11:36 
TT 676 052.1  51.3 005.4  70.4 7.70E-06 002.3 138.9  22.1 0.023993 0.017342 0.013839 hargrave 2017-09-19 21:26:29 
TT 678 048.9  55.5 351.4  71.1 6.97E-06 003.0 143.6  24.0 0.028359 0.021909 0.014077 hargrave 2017-09-22 22:16:00 
TT 680 051.8  52.0 003.3  70.7 6.76E-06 003.7 139.7  22.4 0.035202 0.025003 0.015105 hargrave 2017-09-24 19:57:45 
TT 682 046.2  62.9 327.8  72.0 2.29E-06 002.5 151.7  24.7 0.006189 0.003919 0.007356 hargrave 2017-09-26 13:44:15 
TT 684 053.4  65.5 318.4  75.1 2.43E-06 007.3 154.2  21.2 0.012370 0.013000 0.026469 hargrave 2017-10-01 13:54:51 
TT 684 062.1  65.5 314.7  78.6 2.38E-06 003.8 154.2  17.7 0.010142 0.009596 0.008224 hargrave 2017-10-01 16:50:11 
TT 686 065.9  66.8 304.9  79.4 1.97E-06 003.1 155.8  16.3 0.005751 0.006130 0.007635 hargrave 2017-10-02 14:01:02 
TT 688 035.0  08.0 027.3  26.6 9.92E-07 002.9 088.5  31.2 0.003758 0.001664 0.003718 hargrave 2017-10-03 16:57:29 
