TR004 -Pa mag compass orientation (IGRF corrected)
   5.52  -2.7  52.0 173.8  30.2   1.0
NRM    046.8  79.4 280.5  67.4 1.88E-05 001.5 172.1  29.7 0.038362 0.033631 0.024438 hargrave 2017-07-20 11:37:33 
TT 100 061.4  74.3 284.9  73.3 1.68E-05 002.5 172.6  23.6 0.029697 0.068810 0.021584 hargrave 2017-07-21 13:04:10 
TT 200 068.5  71.9 284.2  76.5 1.51E-05 004.1 173.9  20.7 0.028775 0.101289 0.030205 hargrave 2017-07-24 08:31:03 
TT 300 070.1  70.6 285.8  77.9 1.43E-05 003.7 174.0  19.3 0.014963 0.086328 0.027160 hargrave 2017-07-24 16:26:08 
TT 350 067.0  69.6 292.7  78.0 1.40E-05 001.9 172.7  18.6 0.023204 0.031160 0.030428 hargrave 2017-07-31 12:01:20 
TT 400 071.0  70.3 285.4  78.3 1.35E-05 001.7 174.3  18.9 0.028622 0.030327 0.023783 hargrave 2017-08-01 10:25:57 
TT 450 076.4  72.4 273.9  77.1 1.28E-05 002.6 176.5  20.7 0.019675 0.054267 0.021049 hargrave 2017-08-02 09:56:28 
TT 475 073.8  72.4 277.2  76.8 1.25E-05 002.7 175.6  20.8 0.013942 0.051708 0.026680 hargrave 2017-08-03 16:52:05 
TT 500 074.6  72.8 275.5  76.5 1.23E-05 002.9 176.0  21.2 0.030196 0.054616 0.023789 hargrave 2017-08-04 13:29:28 
TT 525 070.6  73.1 279.4  75.7 1.19E-05 002.3 174.8  21.7 0.024365 0.029042 0.032813 hargrave 2017-08-07 10:18:37 
TT 550 077.0  74.2 271.1  75.3 1.14E-05 002.6 177.0  22.5 0.025247 0.041389 0.023300 hargrave 2017-08-08 09:32:07 
TT 555 072.3  74.2 275.8  75.0 1.15E-05 001.8 175.6  22.7 0.020785 0.028819 0.017443 hargrave 2017-08-09 09:30:34 
TT 560 076.7  74.3 271.3  75.3 1.11E-05 002.1 176.9  22.5 0.020870 0.026355 0.026067 hargrave 2017-08-16 10:50:21 
TT 565 072.2  74.1 276.0  75.0 1.11E-05 002.1 175.6  22.6 0.021364 0.024498 0.027635 hargrave 2017-08-16 19:12:48 
TT 570 074.3  74.3 273.8  75.1 1.10E-05 002.1 176.2  22.7 0.020927 0.025565 0.025824 hargrave 2017-08-17 15:53:25 
TT 575 074.2  74.9 273.1  74.5 1.10E-05 002.6 176.3  23.3 0.026847 0.041497 0.025120 hargrave 2017-08-18 11:35:57 
TT 580 071.6  75.4 274.7  73.8 1.09E-05 002.0 175.7  23.9 0.018311 0.027075 0.023461 hargrave 2017-08-21 08:50:56 
TT 600 071.7  74.5 276.0  74.6 1.08E-05 003.4 175.5  23.0 0.020909 0.057862 0.023842 hargrave 2017-08-21 17:39:53 
TT 620 074.5  75.0 272.8  74.4 1.03E-05 002.6 176.4  23.4 0.016259 0.038212 0.022969 hargrave 2017-08-22 16:40:10 
TT 630 066.3  75.1 279.6  73.5 9.98E-06 004.1 174.2  23.9 0.022061 0.066024 0.022046 hargrave 2017-08-23 15:41:07 
TT 640 077.5  76.2 269.1  73.5 9.46E-06 002.9 177.4  24.3 0.017423 0.041544 0.020499 hargrave 2017-08-24 12:21:58 
TT 645 058.2  73.4 289.3  73.3 9.62E-06 003.0 171.3  23.1 0.017464 0.043785 0.021445 hargrave 2017-08-25 08:41:35 
TT 650 075.2  76.1 271.1  73.5 9.16E-06 004.1 176.8  24.3 0.017846 0.058779 0.025810 hargrave 2017-08-29 11:30:18 
TT 655 055.4  73.8 290.0  72.5 9.08E-06 002.7 170.7  23.8 0.009323 0.039298 0.018549 hargrave 2017-08-30 08:10:16 
TT 660 073.3  75.2 273.6  74.2 8.75E-06 003.0 176.1  23.5 0.015332 0.040347 0.018361 hargrave 2017-09-01 21:25:56 
TT 665 056.5  74.6 287.4  72.2 8.80E-06 003.9 171.4  24.4 0.020389 0.046806 0.036098 hargrave 2017-09-10 13:50:20 
TT 670 081.2  73.8 266.8  75.9 8.23E-06 003.6 178.2  21.9 0.016705 0.041053 0.031726 hargrave 2017-09-12 20:03:32 
TT 672 062.3  73.0 287.3  74.4 7.87E-06 004.8 172.3  22.3 0.020672 0.055807 0.031271 hargrave 2017-09-15 12:16:11 
TT 674 083.9  78.0 263.8  71.8 7.44E-06 004.0 179.2  26.0 0.016156 0.038221 0.035090 hargrave 2017-09-16 19:09:57 
TT 674 100.1  78.0 253.5  71.0 7.46E-06 003.9 182.9  26.3 0.016504 0.035107 0.035032 hargrave 2017-09-19 11:23:57 
TT 676 055.1  72.2 294.6  73.3 7.04E-06 003.6 169.8  22.5 0.016455 0.025378 0.035948 hargrave 2017-09-19 21:24:54 
TT 678 069.7  71.7 283.5  76.8 5.93E-06 003.7 174.2  20.4 0.013304 0.017507 0.034016 hargrave 2017-09-22 22:14:24 
TT 680 046.0  72.8 297.0  70.6 5.38E-06 004.8 167.6  24.4 0.015686 0.027494 0.034508 hargrave 2017-09-24 19:56:09 
TT 682 102.3  77.0 250.6  71.7 4.02E-06 005.7 183.7  25.3 0.012265 0.013462 0.037151 hargrave 2017-09-26 13:42:39 
TT 684 040.5  63.5 324.9  69.5 2.44E-06 009.5 160.0  18.0 0.017542 0.030551 0.022873 hargrave 2017-10-01 13:53:13 
TT 684 037.9  67.1 314.5  68.8 2.47E-06 010.0 161.4  21.6 0.015046 0.024659 0.034451 hargrave 2017-10-01 16:48:37 
TT 684 038.6  67.4 313.7  69.1 2.47E-06 009.6 161.9  21.6 0.013119 0.021185 0.035409 hargrave 2017-10-01 18:35:27 
TT 686 151.3  81.9 247.7  62.0 1.78E-06 010.2 188.8  34.1 0.008021 0.011417 0.032172 hargrave 2017-10-02 13:59:28 
TT 686 163.7  82.1 248.0  60.3 1.77E-06 009.9 189.4  35.8 0.008309 0.010840 0.030728 hargrave 2017-10-02 16:13:20 
TT 686 161.8  81.7 247.2  60.5 1.77E-06 010.6 189.8  35.4 0.007952 0.011099 0.033233 hargrave 2017-10-02 17:38:33 
TT 688 348.6 -02.0 350.3 -04.4 7.38E-07 024.7 083.0  05.6 0.006271 0.008796 0.033431 hargrave 2017-10-03 16:55:55 
TT 688 342.5 -05.9 347.0 -10.8 7.52E-07 022.6 076.1  07.9 0.004955 0.007247 0.030778 hargrave 2017-10-05 08:16:12 
TT 688 339.7 -07.0 345.1 -13.1 7.71E-07 023.3 073.5  09.3 0.009089 0.007122 0.032462 hargrave 2017-10-05 10:17:23 
