TR004 -Da mag compass orientation (IGRF corrected)
   3.77  30.3  42.0 173.8  30.2   1.0
NRM    336.1 -08.2 342.5 -15.9 7.48E-06 002.5 039.9  25.6 0.024991 0.021201 0.011074 hargrave 2017-07-20 11:18:20 
TT 100 342.3 -24.1 356.8 -26.4 6.52E-06 002.6 038.2  08.7 0.011280 0.029649 0.012962 hargrave 2017-07-21 12:48:12 
TT 200 341.1 -42.4 009.3 -41.7 6.13E-06 003.2 029.1 -07.3 0.011248 0.033035 0.012147 hargrave 2017-07-24 08:16:29 
TT 300 337.4 -50.8 015.0 -49.4 6.45E-06 001.5 023.1 -13.8 0.012916 0.016762 0.014397 hargrave 2017-07-24 16:10:07 
TT 350 332.0 -54.2 015.9 -54.1 6.54E-06 002.4 018.6 -15.7 0.023120 0.020342 0.012888 hargrave 2017-07-31 11:42:49 
TT 400 325.8 -57.4 017.1 -58.8 6.47E-06 002.0 014.0 -17.5 0.023601 0.014717 0.012935 hargrave 2017-08-01 10:07:29 
TT 450 318.2 -57.3 012.9 -62.3 5.95E-06 002.7 009.9 -16.4 0.022707 0.023331 0.012380 hargrave 2017-08-02 09:36:43 
TT 475 310.7 -57.3 008.6 -65.9 5.61E-06 001.3 005.8 -15.6 0.021690 0.006933 0.011069 hargrave 2017-08-03 16:36:57 
TT 500 303.2 -57.4 004.4 -69.6 5.31E-06 001.3 001.6 -15.4 0.016571 0.008656 0.010383 hargrave 2017-08-04 13:14:14 
TT 525 294.2 -58.7 002.9 -74.6 4.89E-06 002.2 356.7 -16.8 0.016311 0.017146 0.010699 hargrave 2017-08-07 10:00:30 
TT 550 288.4 -60.7 008.9 -77.8 4.72E-06 002.7 353.9 -19.2 0.020055 0.019899 0.011369 hargrave 2017-08-08 09:13:55 
TT 555 293.3 -62.3 016.4 -75.7 4.87E-06 001.9 356.5 -20.4 0.015502 0.014914 0.006767 hargrave 2017-08-09 09:12:58 
TT 560 290.8 -63.1 019.9 -76.8 4.74E-06 003.3 355.4 -21.4 0.016037 0.026386 0.010453 hargrave 2017-08-16 10:32:16 
TT 565 286.4 -62.1 015.3 -78.9 4.90E-06 003.4 353.1 -20.6 0.013549 0.028770 0.010028 hargrave 2017-08-16 18:53:09 
TT 570 281.2 -61.8 014.6 -81.3 4.62E-06 003.2 350.5 -20.9 0.012262 0.026025 0.009051 hargrave 2017-08-17 15:35:09 
TT 575 288.8 -61.9 014.5 -77.7 4.50E-06 003.8 354.3 -20.3 0.010147 0.029701 0.007050 hargrave 2017-08-18 11:16:12 
TT 580 279.8 -64.5 032.8 -81.2 4.48E-06 003.9 350.5 -23.6 0.008003 0.030553 0.006129 hargrave 2017-08-21 08:32:53 
TT 600 289.5 -65.4 030.3 -77.0 4.57E-06 002.8 355.1 -23.7 0.010718 0.021716 0.006971 hargrave 2017-08-21 17:21:42 
TT 620 288.1 -62.9 019.4 -78.0 3.62E-06 002.6 354.1 -21.4 0.008553 0.016011 0.006085 hargrave 2017-08-22 16:21:06 
TT 630 307.1 -68.1 036.1 -69.8 3.55E-06 003.2 002.8 -26.2 0.010829 0.018013 0.005993 hargrave 2017-08-23 15:22:05 
TT 640 275.2 -67.1 053.6 -81.1 3.68E-06 002.9 349.4 -26.6 0.009570 0.018311 0.006323 hargrave 2017-08-24 12:02:59 
TT 645 300.4 -71.7 048.1 -71.3 3.42E-06 004.0 000.1 -29.7 0.009177 0.023204 0.008781 hargrave 2017-08-25 08:23:31 
TT 650 263.0 -71.1 085.2 -78.7 3.36E-06 002.9 346.6 -32.0 0.005454 0.017220 0.007893 hargrave 2017-08-29 11:12:08 
TT 655 275.4 -69.7 062.5 -79.0 3.97E-06 002.0 350.4 -29.1 0.011991 0.011089 0.007509 hargrave 2017-08-30 07:55:23 
TT 660 272.3 -64.3 046.1 -84.0 3.51E-06 002.4 347.1 -24.4 0.009014 0.014181 0.006681 hargrave 2017-09-01 21:07:53 
TT 665 255.2 -62.3 139.4 -85.1 2.81E-06 003.3 338.5 -26.0 0.004931 0.014302 0.007752 hargrave 2017-09-10 13:32:14 
TT 670 235.7 -71.0 117.8 -74.1 2.33E-06 003.5 338.2 -37.5 0.004637 0.010019 0.009926 hargrave 2017-09-12 19:46:38 
TT 672 249.9 -72.7 101.1 -76.1 1.60E-06 005.3 343.6 -35.6 0.003826 0.011316 0.010300 hargrave 2017-09-15 11:59:02 
TT 674 217.4 -55.4 163.4 -65.3 1.33E-06 003.8 316.9 -34.4 0.003020 0.003374 0.008569 hargrave 2017-09-16 18:53:03 
TT 676 343.4 -74.1 052.4 -58.9 1.01E-06 004.6 013.3 -35.5 0.004237 0.006082 0.003630 hargrave 2017-09-19 21:07:48 
TT 678 215.6 -48.6 174.3 -60.5 1.32E-06 004.9 309.7 -31.1 0.006324 0.002130 0.012315 hargrave 2017-09-22 21:55:48 
TT 680 161.3 -69.7 116.1 -50.6 4.48E-07 007.5 332.2 -60.7 0.003026 0.003607 0.007930 hargrave 2017-09-24 19:37:22 
TT 682 132.4 -06.6 133.8  13.3 3.79E-07 011.6 197.9 -47.3 0.002739 0.006231 0.004248 hargrave 2017-09-26 13:25:40 
TT 682 131.7 -07.2 132.9  13.0 3.91E-07 011.0 197.1 -48.1 0.003728 0.005886 0.003910 hargrave 2017-09-26 15:42:39 
TT 684 176.7 -06.3 173.1 -06.9 3.09E-07 011.4 248.0 -26.7 0.001681 0.001783 0.006755 hargrave 2017-10-01 13:33:34 
TT 684 178.6 -05.6 175.1 -07.3 3.10E-07 013.1 249.1 -25.0 0.001222 0.001537 0.007425 hargrave 2017-10-01 16:32:41 
TT 684 178.8 -04.6 175.9 -06.5 3.04E-07 015.0 248.6 -24.0 0.002119 0.002387 0.008191 hargrave 2017-10-01 18:20:58 
TT 686 225.8  37.3 233.8  12.0 3.17E-07 019.6 252.1  36.3 0.006055 0.004014 0.009808 hargrave 2017-10-02 13:39:42 
TT 686 225.2  34.9 232.5  09.9 3.16E-07 019.0 254.1  34.5 0.007150 0.003321 0.008853 hargrave 2017-10-02 16:06:34 
TT 686 226.3  33.4 232.9  08.2 3.17E-07 021.1 256.2  34.2 0.007111 0.003120 0.010998 hargrave 2017-10-02 17:31:48 
TT 688 039.1  61.2 330.6  68.4 7.58E-07 005.3 143.4  37.0 0.004165 0.002110 0.005354 hargrave 2017-10-03 16:35:13 
