TR004 -Aa mag compass orientation (IGRF corrected)
   3.21  29.3  36.0 173.8  30.2   1.0
NRM    355.1 -04.0 356.9 -02.8 9.51E-06 003.3 059.1  15.9 0.041587 0.057947 0.027887 hargrave 2017-07-20 10:57:27 
TT 100 358.7 -23.3 010.0 -17.6 8.15E-06 003.8 052.3 -02.6 0.040974 0.048749 0.030018 hargrave 2017-07-21 12:41:38 
TT 200 000.7 -41.1 022.4 -31.5 7.67E-06 003.2 044.3 -18.6 0.031171 0.039963 0.020611 hargrave 2017-07-24 08:09:58 
TT 300 004.5 -48.3 030.2 -35.7 7.69E-06 005.1 042.2 -26.1 0.042410 0.055884 0.030186 hargrave 2017-07-24 16:03:32 
TT 350 005.1 -50.2 032.1 -37.0 7.58E-06 006.2 041.3 -27.9 0.052868 0.066665 0.031478 hargrave 2017-07-31 11:36:11 
TT 400 003.7 -52.4 032.9 -39.2 7.69E-06 006.6 039.1 -29.1 0.055605 0.066481 0.039429 hargrave 2017-08-01 10:00:53 
TT 450 001.8 -57.2 036.1 -43.5 6.06E-06 004.9 034.6 -32.2 0.031047 0.042422 0.026356 hargrave 2017-08-02 09:30:10 
TT 475 009.2 -50.5 034.8 -35.6 6.01E-06 006.5 043.4 -29.7 0.034354 0.054635 0.038191 hargrave 2017-08-03 16:31:32 
TT 500 347.5 -61.9 034.2 -52.0 5.10E-06 003.7 024.5 -31.9 0.023728 0.031977 0.008325 hargrave 2017-08-04 13:08:51 
TT 525 002.3 -46.6 027.6 -35.2 5.63E-06 005.8 042.0 -23.9 0.028811 0.042741 0.035304 hargrave 2017-08-07 09:54:05 
TT 550 328.7 -52.7 011.7 -54.7 4.67E-06 004.2 018.4 -19.4 0.010433 0.035016 0.006664 hargrave 2017-08-08 09:07:27 
TT 555 004.6 -35.4 021.7 -25.1 4.68E-06 002.4 050.3 -15.6 0.018729 0.012293 0.006616 hargrave 2017-08-09 09:06:43 
TT 560 328.5 -52.2 010.9 -54.5 3.50E-06 003.0 018.5 -18.9 0.011057 0.018698 0.006045 hargrave 2017-08-16 10:25:51 
TT 565 004.1 -34.6 020.8 -24.7 3.55E-06 002.0 050.3 -14.7 0.010373 0.011587 0.009124 hargrave 2017-08-16 18:45:09 
TT 570 346.8 -56.5 027.3 -49.0 3.32E-06 002.9 027.2 -27.1 0.010906 0.018751 0.005091 hargrave 2017-08-17 15:28:43 
TT 575 005.9 -29.7 019.4 -19.7 3.74E-06 001.6 054.4 -11.4 0.009553 0.010016 0.007631 hargrave 2017-08-18 11:09:48 
TT 580 342.5 -51.4 018.9 -47.5 3.10E-06 003.6 027.3 -21.4 0.020960 0.018774 0.008473 hargrave 2017-08-21 08:26:29 
TT 600 002.4 -32.3 018.2 -23.5 4.24E-06 002.9 050.4 -12.0 0.013655 0.015546 0.013021 hargrave 2017-08-21 17:15:16 
TT 620 321.8 -55.3 011.4 -59.6 3.53E-06 003.0 013.5 -20.9 0.008985 0.017913 0.007404 hargrave 2017-08-22 16:14:38 
TT 630 002.1 -41.6 023.8 -31.3 5.40E-06 004.7 045.0 -19.6 0.041186 0.027974 0.014027 hargrave 2017-08-23 15:14:47 
TT 640 322.5 -54.8 010.9 -58.9 4.26E-06 005.5 014.1 -20.4 0.036421 0.035908 0.007246 hargrave 2017-08-24 11:56:27 
TT 645 000.4 -38.3 020.4 -29.4 4.78E-06 002.5 045.7 -16.2 0.009330 0.016889 0.013167 hargrave 2017-08-25 08:17:06 
TT 650 324.3 -64.3 029.3 -62.4 3.16E-06 002.9 012.2 -29.9 0.008407 0.015959 0.005089 hargrave 2017-08-29 11:05:41 
TT 655 004.6 -46.3 028.8 -34.1 3.83E-06 002.4 043.6 -24.6 0.008347 0.013032 0.010396 hargrave 2017-08-29 19:51:23 
TT 660 273.5 -73.3 072.3 -76.0 3.47E-06 004.6 350.8 -38.5 0.009285 0.018899 0.024110 hargrave 2017-09-01 20:59:53 
TT 665 178.4 -79.8 103.9 -59.1 2.11E-06 004.3 343.2 -58.2 0.011045 0.012667 0.013954 hargrave 2017-09-10 13:25:50 
TT 670 256.2 -25.1 251.8 -54.9 1.51E-06 009.9 321.8  02.6 0.011132 0.013833 0.019410 hargrave 2017-09-12 19:40:14 
TT 670 263.1 -29.1 262.6 -59.3 1.60E-06 009.1 328.9  01.2 0.007222 0.012769 0.021163 hargrave 2017-09-13 09:02:33 
TT 670 250.7 -19.9 244.8 -49.0 1.60E-06 009.3 314.9  05.2 0.010812 0.013574 0.019846 hargrave 2017-09-14 14:06:33 
TT 670 254.2 -21.6 249.5 -51.2 1.59E-06 008.6 318.6  05.1 0.008932 0.012099 0.018872 hargrave 2017-09-14 15:00:37 
TT 672 020.4 -47.4 040.0 -28.9 1.77E-06 005.8 052.3 -32.3 0.005668 0.009223 0.016339 hargrave 2017-09-15 11:52:35 
TT 674 173.3 -33.3 155.1 -28.1 9.11E-07 014.5 263.7 -47.1 0.015813 0.006739 0.021810 hargrave 2017-09-16 18:46:39 
TT 674 187.6 -29.9 168.9 -32.3 1.13E-06 012.5 272.4 -36.3 0.013550 0.009349 0.021347 hargrave 2017-09-19 09:05:21 
TT 676 023.9  01.8 019.5  16.2 8.90E-07 020.8 086.7  04.7 0.009672 0.011390 0.032369 hargrave 2017-09-19 20:46:01 
TT 678 132.3  39.1 161.5  53.5 8.81E-07 011.3 190.1  03.8 0.013320 0.007645 0.015387 hargrave 2017-09-22 21:47:46 
TT 680 358.4 -07.2 001.4 -03.9 8.29E-07 018.2 060.3  11.4 0.004560 0.003768 0.027010 hargrave 2017-09-24 19:30:13 
TT 682 139.9  23.9 156.5  37.4 1.96E-06 006.2 199.1 -10.1 0.008559 0.006419 0.018995 hargrave 2017-09-26 13:17:44 
TT 684 086.8  42.9 091.4  73.0 1.07E-06 013.7 156.4  10.8 0.004048 0.015713 0.023482 hargrave 2017-10-01 13:25:03 
TT 686 175.0  05.7 177.7  04.3 1.43E-06 008.6 238.1 -14.5 0.010619 0.006812 0.018815 hargrave 2017-10-02 13:32:00 
TT 688 034.2  70.6 305.1  67.5 2.57E-06 002.1 150.2  48.3 0.013495 0.011464 0.016544 hargrave 2017-10-03 16:25:52 
