TR004 -Ta mag compass orientation (IGRF corrected)
    5.7  23.3  43.0 173.8  30.2   1.0
NRM    024.4  37.9 357.0  47.1 1.91E-05 003.9 118.6  26.1 0.108793 0.071033 0.041751 hargrave 2017-07-20 11:43:25 
TT 100 026.2  43.6 352.7  52.3 1.83E-05 003.8 124.5  28.7 0.098149 0.068275 0.041898 hargrave 2017-07-21 13:09:10 
TT 200 026.8  46.2 350.1  54.5 1.58E-05 004.7 127.2  30.0 0.109161 0.069288 0.036932 hargrave 2017-07-24 08:36:01 
TT 300 029.6  46.9 351.5  56.3 1.47E-05 003.1 129.1  28.9 0.052417 0.044994 0.043844 hargrave 2017-07-24 16:31:08 
TT 350 029.7  47.5 350.8  56.8 1.42E-05 002.6 129.7  29.2 0.045124 0.030685 0.041676 hargrave 2017-07-31 12:07:45 
TT 400 029.6  50.2 347.0  58.5 1.37E-05 002.0 132.1  30.9 0.031518 0.032077 0.022531 hargrave 2017-08-01 10:32:19 
TT 450 030.1  52.9 343.1  60.3 1.24E-05 002.2 134.9  32.3 0.015811 0.046270 0.023042 hargrave 2017-08-02 10:01:34 
TT 475 029.7  49.8 347.5  58.3 1.23E-05 001.8 131.8  30.7 0.025295 0.015597 0.028260 hargrave 2017-08-03 16:57:20 
TT 500 036.6  55.7 342.4  65.0 1.15E-05 001.7 140.2  31.0 0.022697 0.019057 0.021894 hargrave 2017-08-04 13:34:41 
TT 525 031.7  49.2 349.9  58.9 1.17E-05 003.3 132.2  29.3 0.045885 0.045465 0.026892 hargrave 2017-08-07 10:24:55 
TT 550 037.8  58.3 337.2  66.8 9.93E-06 001.7 143.1  32.2 0.019617 0.021178 0.014653 hargrave 2017-08-08 09:38:24 
TT 555 040.5  62.6 327.4  69.3 9.78E-06 002.2 148.0  33.8 0.015279 0.038757 0.005646 hargrave 2017-08-09 09:36:40 
TT 560 022.5  57.3 330.9  59.1 8.71E-06 002.2 136.5  38.4 0.022476 0.022846 0.015848 hargrave 2017-08-16 10:56:35 
TT 565 044.5  54.9 349.6  68.6 9.74E-06 002.8 142.9  27.1 0.025898 0.039104 0.019422 hargrave 2017-08-16 19:19:01 
TT 570 041.9  63.6 324.9  70.2 8.72E-06 002.6 149.5  33.9 0.021603 0.028377 0.019937 hargrave 2017-08-17 15:59:42 
TT 575 045.7  62.6 328.7  71.7 9.20E-06 003.6 149.8  32.0 0.029952 0.048188 0.017170 hargrave 2017-08-18 11:42:12 
TT 580 044.5  56.9 344.6  69.5 9.39E-06 002.0 144.6  28.5 0.018697 0.025435 0.014296 hargrave 2017-08-21 08:57:11 
TT 600 044.6  59.2 338.4  70.4 9.02E-06 003.2 146.5  30.1 0.028727 0.039627 0.016751 hargrave 2017-08-21 17:46:09 
TT 620 043.9  66.3 316.9  71.2 8.20E-06 003.4 152.6  35.0 0.026194 0.038829 0.016605 hargrave 2017-08-22 16:46:27 
TT 630 042.4  59.8 335.7  69.5 8.57E-06 003.8 146.2  31.3 0.032389 0.045988 0.015260 hargrave 2017-08-23 15:47:24 
TT 640 038.7  63.8 323.6  68.8 7.85E-06 003.2 148.6  35.2 0.024096 0.035501 0.013447 hargrave 2017-08-24 12:28:14 
TT 645 036.8  54.8 344.1  64.7 8.47E-06 002.8 139.5  30.4 0.023384 0.036061 0.012594 hargrave 2017-08-25 08:47:54 
TT 650 037.2  58.8 335.7  66.7 7.94E-06 004.6 143.3  32.7 0.039433 0.047974 0.016413 hargrave 2017-08-29 11:36:35 
TT 655 036.2  49.5 353.3  61.4 8.30E-06 002.0 134.6  27.2 0.010389 0.030940 0.013844 hargrave 2017-08-30 08:15:27 
TT 660 052.4  64.3 323.2  74.8 6.29E-06 004.2 153.8  31.0 0.019972 0.042632 0.010634 hargrave 2017-09-01 21:32:22 
TT 665 039.1  46.1 001.2  60.5 7.15E-06 004.9 133.3  23.5 0.038793 0.042529 0.028882 hargrave 2017-09-10 13:56:38 
TT 670 118.4  32.3 139.0  54.2 1.66E-06 010.5 184.4 -10.6 0.006391 0.015811 0.026834 hargrave 2017-09-12 20:09:37 
TT 670 116.6  32.7 137.1  55.4 1.46E-06 010.6 182.8 -10.2 0.008680 0.008215 0.027131 hargrave 2017-09-13 09:10:52 
TT 670 137.0  33.5 160.8  46.8 1.68E-06 010.5 199.7 -06.7 0.006649 0.009941 0.030162 hargrave 2017-09-14 14:14:43 
TT 670 131.8  34.6 156.5  50.2 1.62E-06 010.7 195.3 -06.7 0.007426 0.011573 0.029439 hargrave 2017-09-14 15:08:45 
TT 672 072.7  49.0 048.2  77.5 1.22E-06 013.3 154.1  12.3 0.009684 0.020795 0.019705 hargrave 2017-09-15 12:22:15 
TT 672 076.5  50.7 056.3  80.0 1.14E-06 014.2 157.1  12.7 0.010765 0.013032 0.024089 hargrave 2017-09-15 14:42:03 
TT 674 145.5  57.3 196.8  58.9 1.49E-06 008.7 197.6  17.7 0.006849 0.010758 0.019647 hargrave 2017-09-16 19:16:02 
TT 674 169.1  52.1 203.8  45.0 1.71E-06 008.0 212.7  19.9 0.006782 0.008003 0.022539 hargrave 2017-09-19 09:18:01 
TT 676 025.1  03.5 019.9  18.3 8.98E-07 015.4 093.7  01.3 0.008198 0.012993 0.022658 hargrave 2017-09-19 21:30:54 
TT 676 057.4  31.3 040.3  56.5 3.53E-07 033.5 134.8  03.0 0.006386 0.005474 0.021754 hargrave 2017-09-22 11:49:16 
TT 676 048.9  24.0 034.1  46.7 3.57E-07 034.1 124.5  01.6 0.006118 0.006026 0.022627 hargrave 2017-09-22 12:30:05 
TT 678 131.3  40.6 162.1  55.1 9.50E-07 013.7 193.6 -01.0 0.005307 0.016820 0.016261 hargrave 2017-09-22 22:20:30 
TT 678 103.0  45.7 131.3  71.9 8.52E-07 013.3 172.8  03.1 0.005773 0.009592 0.017330 hargrave 2017-09-24 10:57:26 
TT 680 073.7  30.3 066.4  59.8 1.01E-06 013.9 146.5 -04.8 0.005366 0.009885 0.022399 hargrave 2017-09-24 20:05:29 
TT 680 068.6  28.2 058.9  56.8 8.68E-07 014.7 141.6 -04.7 0.005619 0.009560 0.020271 hargrave 2017-09-25 09:32:07 
TT 682 203.8  09.2 204.5 -06.3 2.01E-06 006.0 264.0  07.0 0.005604 0.005289 0.020375 hargrave 2017-09-26 13:48:50 
TT 684 105.9  42.7 132.1  68.2 6.78E-07 018.6 174.6 -00.0 0.003618 0.006692 0.021752 hargrave 2017-10-01 13:59:11 
TT 684 113.9  45.4 148.3  67.1 6.43E-07 020.2 180.4  02.4 0.004066 0.007702 0.022186 hargrave 2017-10-01 16:51:45 
TT 684 112.3  45.1 145.6  67.5 6.36E-07 021.2 179.3  02.1 0.003866 0.010172 0.022390 hargrave 2017-10-01 18:39:45 
TT 686 145.8  25.4 163.2  35.8 1.59E-06 007.9 209.7 -11.8 0.006513 0.007978 0.021342 hargrave 2017-10-02 14:05:23 
TT 686 144.8  26.4 162.9  37.0 1.57E-06 007.6 208.5 -11.3 0.006777 0.008057 0.020144 hargrave 2017-10-02 16:17:45 
TT 686 144.2  25.9 161.9  37.0 1.56E-06 007.4 208.1 -11.9 0.006201 0.006165 0.020049 hargrave 2017-10-02 17:42:58 
TT 688 106.3  26.1 118.5  52.9 7.97E-07 013.2 173.4 -16.6 0.003882 0.007742 0.017259 hargrave 2017-10-03 17:03:30 
TT 688 108.1  25.0 120.5  51.4 7.22E-07 013.5 175.1 -17.8 0.006238 0.006732 0.014968 hargrave 2017-10-05 08:19:15 
TT 688 107.3  26.3 120.1  52.8 6.85E-07 014.8 174.4 -16.5 0.004161 0.006646 0.017573 hargrave 2017-10-05 10:20:22 
