TR004 -Va mag compass orientation (IGRF corrected)
   5.86  29.3  42.0 173.8  30.2   1.0
NRM    335.4  44.8 314.6  29.8 1.05E-05 001.4 096.3  65.1 0.017868 0.013445 0.014680 hargrave 2017-07-20 11:46:22 
TT 100 343.3  43.4 321.0  31.8 8.63E-06 002.4 098.1  59.4 0.031721 0.011881 0.016461 hargrave 2017-07-21 13:11:40 
TT 200 347.0  32.5 330.7  24.5 5.73E-06 004.0 084.3  51.2 0.031165 0.012039 0.024325 hargrave 2017-07-24 08:38:30 
TT 300 359.3  24.5 345.5  23.7 4.18E-06 002.8 085.6  37.7 0.019307 0.004424 0.008124 hargrave 2017-07-24 16:33:38 
TT 350 001.8  14.2 353.4  16.3 3.45E-06 001.2 078.9  28.8 0.003478 0.007184 0.007459 hargrave 2017-07-31 12:11:03 
TT 400 000.1  11.3 353.5  12.9 3.14E-06 001.5 075.3  27.8 0.004822 0.009081 0.009185 hargrave 2017-08-01 10:35:28 
TT 450 345.9  08.0 343.0  03.0 2.65E-06 002.8 060.2  34.0 0.011801 0.004925 0.003993 hargrave 2017-08-02 10:04:05 
TT 475 349.6 -00.6 350.5 -02.6 2.43E-06 003.8 058.0  24.8 0.010321 0.013254 0.008437 hargrave 2017-08-03 16:59:55 
TT 500 334.2 -13.9 343.8 -21.8 1.73E-06 003.3 036.4  20.8 0.006139 0.007017 0.004752 hargrave 2017-08-04 13:37:13 
TT 525 351.7 -19.4 002.1 -17.7 2.44E-06 003.4 049.0  07.9 0.005501 0.014946 0.006016 hargrave 2017-08-07 10:28:04 
TT 550 316.8 -42.6 349.7 -53.9 1.66E-06 002.4 012.8 -01.9 0.006898 0.005587 0.003137 hargrave 2017-08-08 09:41:36 
TT 555 315.7 -55.6 008.1 -62.7 1.49E-06 003.0 009.5 -14.5 0.013014 0.005770 0.002380 hargrave 2017-08-09 09:39:42 
TT 560 302.9 -63.0 020.5 -71.3 1.18E-06 002.3 001.8 -21.1 0.003417 0.003635 0.003714 hargrave 2017-08-16 10:59:41 
TT 565 321.3 -66.4 032.9 -64.2 1.49E-06 003.5 009.6 -25.6 0.003962 0.007613 0.005356 hargrave 2017-08-16 19:22:07 
TT 570 299.5 -65.7 029.0 -72.9 1.66E-06 002.2 000.1 -23.7 0.003695 0.004853 0.004702 hargrave 2017-08-17 16:02:49 
TT 575 330.2 -70.1 042.4 -61.8 1.32E-06 003.7 011.7 -30.2 0.004156 0.007708 0.003535 hargrave 2017-08-18 11:45:20 
TT 580 337.4 -63.7 032.6 -56.9 1.49E-06 003.0 017.7 -25.6 0.012177 0.006961 0.002417 hargrave 2017-08-21 09:00:19 
TT 600 336.8 -66.0 036.3 -58.1 1.42E-06 003.4 016.2 -27.5 0.003954 0.007198 0.003895 hargrave 2017-08-21 17:49:18 
TT 620 280.3 -64.9 034.6 -80.8 1.79E-06 003.4 351.3 -23.9 0.004202 0.009098 0.005811 hargrave 2017-08-22 16:49:35 
TT 630 282.5 -71.3 058.2 -76.2 1.76E-06 002.4 353.9 -29.9 0.004867 0.005884 0.005541 hargrave 2017-08-23 15:50:33 
TT 640 279.3 -68.4 052.3 -79.1 1.92E-06 002.4 351.8 -27.3 0.004396 0.006635 0.004893 hargrave 2017-08-24 12:31:27 
TT 645 311.0 -66.4 031.3 -68.3 1.93E-06 002.3 005.1 -24.7 0.006214 0.006403 0.004586 hargrave 2017-08-25 08:51:06 
TT 650 277.0 -69.3 058.9 -79.0 2.06E-06 002.1 351.2 -28.5 0.004550 0.006635 0.003493 hargrave 2017-08-29 11:39:44 
TT 655 300.4 -78.1 064.4 -68.3 2.01E-06 002.5 000.3 -36.1 0.004015 0.006802 0.006092 hargrave 2017-08-30 08:18:02 
TT 660 323.8 -71.0 043.7 -64.0 2.10E-06 003.3 009.0 -30.3 0.005434 0.009796 0.006111 hargrave 2017-09-01 21:35:34 
TT 665 280.1 -80.3 076.3 -68.9 2.06E-06 004.5 355.9 -38.8 0.004920 0.008214 0.017891 hargrave 2017-09-10 13:59:50 
TT 670 207.8 -83.8 095.1 -62.8 1.51E-06 006.2 350.8 -47.8 0.004066 0.005771 0.020183 hargrave 2017-09-12 20:12:35 
TT 672 008.9 -77.6 062.8 -54.7 1.06E-06 008.5 015.8 -42.5 0.004014 0.004272 0.017888 hargrave 2017-09-15 12:25:14 
TT 672 000.4 -79.0 063.5 -56.8 1.09E-06 009.3 013.0 -41.9 0.004783 0.005816 0.019482 hargrave 2017-09-15 15:24:44 
TT 674 196.6 -49.2 158.8 -51.4 1.48E-06 004.9 302.1 -41.2 0.004398 0.004255 0.017198 hargrave 2017-09-16 19:19:02 
TT 676 084.0 -15.1 084.0  15.1 6.33E-07 013.4 126.4 -46.1 0.005672 0.008419 0.013402 hargrave 2017-09-19 21:33:53 
TT 676 118.6 -16.3 117.5  08.8 5.57E-07 008.0 178.8 -58.3 0.004257 0.004728 0.012565 hargrave 2017-09-22 11:53:04 
TT 676 112.9 -18.5 111.6  08.2 5.56E-07 008.4 167.8 -60.0 0.004340 0.004890 0.013465 hargrave 2017-09-22 12:33:04 
TT 678 135.5 -09.2 135.6  09.8 6.39E-07 009.3 204.8 -48.8 0.003793 0.006361 0.014928 hargrave 2017-09-22 22:23:32 
TT 680 120.5 -28.8 115.4 -03.6 7.01E-07 007.1 183.1 -70.7 0.004417 0.004133 0.015439 hargrave 2017-09-24 20:08:28 
TT 682 251.6 -60.0 166.5 -83.9 1.00E-06 007.3 336.0 -24.7 0.002951 0.004988 0.013128 hargrave 2017-09-26 13:51:49 
TT 682 257.8 -59.9 169.1 -87.0 1.01E-06 008.6 338.8 -23.1 0.003847 0.005998 0.014972 hargrave 2017-09-26 15:50:24 
TT 684 119.9 -05.8 122.0  18.5 5.60E-07 014.2 180.9 -47.8 0.003117 0.006388 0.018524 hargrave 2017-10-01 14:02:06 
TT 684 125.1 -07.5 126.4  15.1 5.51E-07 014.0 188.8 -49.2 0.003732 0.006198 0.018041 hargrave 2017-10-01 16:54:42 
TT 684 126.3 -07.9 127.5  14.3 5.52E-07 013.9 190.8 -49.5 0.004165 0.004211 0.018168 hargrave 2017-10-01 18:42:39 
TT 686 137.3  57.4 192.5  62.8 5.88E-07 014.3 190.0  16.4 0.004962 0.005177 0.014517 hargrave 2017-10-02 14:08:19 
TT 686 138.6  58.0 194.5  62.4 5.69E-07 012.6 190.6  17.2 0.004650 0.004385 0.012376 hargrave 2017-10-02 16:20:46 
TT 686 135.9  57.9 192.8  63.7 5.69E-07 014.9 189.1  16.8 0.003647 0.004471 0.014809 hargrave 2017-10-02 17:45:54 
TT 688 200.3 -36.5 174.6 -44.0 4.73E-07 012.0 291.0 -31.8 0.005100 0.005143 0.010147 hargrave 2017-10-03 17:06:26 
TT 688 203.7 -37.9 176.4 -46.8 4.69E-07 009.9 294.2 -30.5 0.004002 0.004767 0.008055 hargrave 2017-10-05 08:23:50 
TT 688 206.6 -37.4 179.5 -47.8 4.86E-07 011.7 295.5 -28.5 0.004005 0.004576 0.010002 hargrave 2017-10-05 10:24:42 
