TR004 -Ea mag compass orientation (IGRF corrected)
   3.81   4.3  55.0 173.8  30.2   1.0
NRM    350.9 -11.0 357.0 -11.0 8.35E-06 001.3 073.3  04.3 0.011589 0.017314 0.015170 hargrave 2017-07-20 11:19:50 
TT 100 356.5 -23.4 008.3 -18.8 6.83E-06 002.4 066.4 -07.3 0.025433 0.014416 0.011744 hargrave 2017-07-21 12:49:29 
TT 200 358.4 -40.5 020.4 -32.1 6.19E-06 004.8 052.6 -18.0 0.044484 0.026567 0.012388 hargrave 2017-07-24 08:17:45 
TT 300 000.0 -51.9 030.3 -40.3 6.02E-06 003.3 042.5 -24.4 0.026346 0.021951 0.011177 hargrave 2017-07-24 16:11:24 
TT 350 000.9 -58.2 036.5 -44.6 6.04E-06 002.2 036.4 -27.5 0.021649 0.012272 0.013468 hargrave 2017-07-31 11:44:30 
TT 400 356.8 -63.2 040.0 -49.5 5.89E-06 002.3 030.3 -27.6 0.019041 0.014115 0.012737 hargrave 2017-08-01 10:09:05 
TT 450 358.7 -62.4 039.9 -48.2 5.24E-06 005.8 031.6 -28.1 0.019116 0.050773 0.010966 hargrave 2017-08-02 09:38:18 
TT 475 353.9 -68.1 045.2 -53.3 4.94E-06 002.9 024.7 -28.5 0.017965 0.018188 0.010368 hargrave 2017-08-03 16:38:15 
TT 500 349.0 -68.9 044.9 -55.2 4.55E-06 002.4 023.0 -27.2 0.016407 0.011414 0.009924 hargrave 2017-08-04 13:15:31 
TT 525 353.2 -67.7 044.4 -53.3 3.96E-06 002.6 025.0 -28.1 0.016595 0.009738 0.010032 hargrave 2017-08-07 10:02:06 
TT 550 002.0 -70.9 051.7 -52.5 3.54E-06 002.2 022.7 -32.1 0.013260 0.009359 0.008219 hargrave 2017-08-08 09:15:32 
TT 555 350.2 -69.1 045.5 -55.0 3.33E-06 001.7 022.9 -27.7 0.010640 0.005784 0.007079 hargrave 2017-08-09 09:14:32 
TT 560 346.2 -68.3 043.0 -55.9 3.07E-06 002.6 023.0 -26.0 0.014804 0.005033 0.010958 hargrave 2017-08-16 10:33:51 
TT 565 352.0 -62.1 036.6 -50.5 3.17E-06 002.4 030.3 -25.2 0.012151 0.006825 0.010115 hargrave 2017-08-16 18:54:44 
TT 570 357.6 -61.3 038.2 -47.9 3.15E-06 002.3 032.4 -27.2 0.009597 0.009238 0.009960 hargrave 2017-08-17 15:36:45 
TT 575 002.7 -60.4 039.7 -45.5 3.17E-06 002.4 034.5 -29.2 0.011364 0.008189 0.011786 hargrave 2017-08-18 11:17:48 
TT 580 005.8 -59.1 040.0 -43.5 2.92E-06 002.7 036.4 -30.2 0.014439 0.007446 0.011608 hargrave 2017-08-21 08:34:27 
TT 600 006.7 -54.4 036.4 -39.6 3.03E-06 002.7 041.7 -29.1 0.013349 0.006397 0.011812 hargrave 2017-08-21 17:23:18 
TT 620 360.0 -62.8 040.9 -48.0 2.81E-06 002.6 031.4 -28.8 0.009903 0.009827 0.013454 hargrave 2017-08-22 16:22:42 
TT 630 003.6 -55.8 035.8 -41.8 2.28E-06 003.0 039.5 -27.9 0.011640 0.005485 0.011303 hargrave 2017-08-23 15:23:45 
TT 640 002.9 -68.2 048.5 -50.6 1.77E-06 003.8 025.8 -31.7 0.012885 0.004082 0.010737 hargrave 2017-08-24 12:04:35 
TT 645 346.5 -58.2 029.1 -50.2 2.08E-06 004.3 032.5 -20.8 0.015672 0.005535 0.012452 hargrave 2017-08-25 08:25:08 
TT 650 336.2 -73.6 050.5 -60.7 2.12E-06 003.3 016.1 -26.2 0.013926 0.005185 0.010807 hargrave 2017-08-29 11:13:44 
TT 655 312.9 -69.0 038.4 -67.6 2.32E-06 003.0 013.6 -17.8 0.015301 0.005239 0.010774 hargrave 2017-08-30 07:56:45 
TT 660 262.0 -76.7 085.3 -73.1 1.85E-06 003.5 357.0 -21.9 0.014811 0.004237 0.010407 hargrave 2017-09-01 21:09:29 
TT 665 286.8 -77.9 069.6 -70.4 1.56E-06 004.0 002.8 -23.1 0.013573 0.004789 0.011592 hargrave 2017-09-10 13:33:49 
TT 670 207.8 -69.7 127.2 -65.2 1.12E-06 005.3 339.4 -25.1 0.014443 0.002496 0.011567 hargrave 2017-09-12 19:48:10 
TT 672 293.9 -69.3 043.3 -74.2 8.10E-07 008.0 007.0 -15.3 0.011810 0.002518 0.012836 hargrave 2017-09-15 12:00:36 
TT 674 188.5 -49.0 153.3 -47.4 9.22E-07 008.2 314.7 -23.2 0.013855 0.005178 0.013311 hargrave 2017-09-16 18:54:36 
TT 674 185.5 -49.1 151.3 -46.1 9.26E-07 008.9 313.8 -25.0 0.015908 0.003351 0.012821 hargrave 2017-09-19 09:10:27 
TT 676 162.5  08.0 168.0  12.6 5.22E-07 017.3 250.5 -12.8 0.011660 0.006478 0.010046 hargrave 2017-09-19 21:09:22 
TT 676 159.2  06.7 164.5  13.1 5.39E-07 017.8 249.4 -16.2 0.012234 0.005932 0.011317 hargrave 2017-09-22 11:42:53 
TT 676 158.8  07.1 164.3  13.7 5.30E-07 018.2 248.8 -16.2 0.011794 0.005795 0.012297 hargrave 2017-09-22 12:26:55 
TT 678 179.1  58.0 215.4  45.1 1.20E-06 007.8 216.1  26.6 0.016408 0.008166 0.008841 hargrave 2017-09-22 21:57:21 
TT 680 176.6  18.3 185.6  14.4 8.80E-07 011.0 250.6  04.3 0.013265 0.003029 0.011373 hargrave 2017-09-24 19:40:40 
TT 680 174.8  19.1 184.5  15.9 8.80E-07 011.2 249.0  03.4 0.013311 0.003442 0.011302 hargrave 2017-09-25 09:21:13 
TT 682 208.6  40.6 222.2  20.1 1.06E-06 005.8 242.9  39.0 0.007954 0.006184 0.005179 hargrave 2017-09-26 13:27:13 
TT 684 137.5  20.1 151.6  35.2 1.69E-06 003.9 223.6 -21.4 0.007646 0.006549 0.006315 hargrave 2017-10-01 13:35:05 
TT 686 127.6 -04.9 129.8  16.8 7.81E-07 004.4 233.2 -47.0 0.002876 0.004035 0.007191 hargrave 2017-10-02 13:41:13 
TT 688 014.4  01.4 011.1  11.4 8.44E-07 007.9 097.0 -07.4 0.006790 0.002477 0.010111 hargrave 2017-10-03 16:36:45 
TT 688 015.4  02.9 011.2  13.2 8.44E-07 007.4 098.8 -07.3 0.006548 0.003162 0.009653 hargrave 2017-10-05 07:59:56 
TT 688 014.7  01.6 011.3  11.8 8.49E-07 008.5 097.3 -07.6 0.006672 0.003488 0.011556 hargrave 2017-10-05 10:07:15 
