TR004 -Ya mag compass orientation (IGRF corrected)
   5.87  37.3  43.0 173.8  30.2   1.0
NRM    347.6  23.4 336.4  17.0 1.11E-05 001.5 067.9  50.1 0.023821 0.012949 0.016990 hargrave 2017-07-20 11:49:17 
TT 100 358.0  19.6 347.1  18.9 8.94E-06 001.8 074.1  40.8 0.023718 0.009607 0.011635 hargrave 2017-07-21 13:14:09 
TT 200 006.5  08.9 000.3  14.0 6.40E-06 003.2 072.6  27.2 0.030975 0.007536 0.022429 hargrave 2017-07-24 08:40:58 
TT 300 007.8  01.6 005.2  08.4 5.48E-06 002.6 068.6  20.8 0.021194 0.011024 0.008414 hargrave 2017-07-24 16:36:08 
TT 350 008.7 -04.4 008.9  03.6 4.92E-06 002.0 065.4  15.7 0.015787 0.005246 0.006612 hargrave 2017-07-31 12:14:09 
TT 400 006.7 -10.8 010.3 -03.0 4.33E-06 002.2 059.7  11.8 0.014919 0.007152 0.006316 hargrave 2017-08-01 10:38:36 
TT 450 001.2 -18.2 009.4 -12.0 3.70E-06 001.7 051.0  08.8 0.012123 0.002034 0.005596 hargrave 2017-08-02 10:06:36 
TT 475 359.1 -20.1 008.7 -14.7 3.48E-06 001.3 048.2  08.3 0.004633 0.007122 0.005725 hargrave 2017-08-03 17:02:35 
TT 500 354.9 -24.6 007.6 -20.6 3.17E-06 001.4 042.5  06.6 0.004603 0.005529 0.005192 hargrave 2017-08-04 13:39:43 
TT 525 353.1 -27.3 007.8 -23.8 2.93E-06 002.3 039.7  05.0 0.008208 0.007648 0.005959 hargrave 2017-08-07 10:31:12 
TT 550 342.6 -33.5 003.3 -33.9 2.67E-06 001.4 028.9  03.5 0.003986 0.005126 0.004249 hargrave 2017-08-08 09:44:44 
TT 555 343.2 -35.8 005.5 -35.5 2.64E-06 002.2 028.4  01.2 0.006573 0.008983 0.001839 hargrave 2017-08-09 09:42:44 
TT 560 341.5 -40.2 007.7 -39.8 2.51E-06 002.8 025.4 -02.4 0.007095 0.009623 0.004489 hargrave 2017-08-16 11:02:48 
TT 565 337.0 -40.0 003.9 -41.8 2.49E-06 002.2 022.3 -00.9 0.006309 0.007425 0.004319 hargrave 2017-08-16 19:25:13 
TT 570 334.1 -44.4 005.9 -46.6 2.38E-06 002.2 018.8 -04.4 0.005406 0.006999 0.004419 hargrave 2017-08-17 16:06:01 
TT 575 332.3 -43.4 003.5 -46.7 2.37E-06 001.7 017.9 -03.0 0.003183 0.005270 0.004034 hargrave 2017-08-18 11:48:26 
TT 580 338.6 -42.4 007.4 -42.8 2.39E-06 002.7 022.6 -03.6 0.005524 0.009846 0.004140 hargrave 2017-08-21 09:03:25 
TT 600 329.1 -44.9 002.5 -49.4 2.33E-06 001.6 015.3 -03.8 0.003892 0.004707 0.004392 hargrave 2017-08-21 17:52:25 
TT 620 320.2 -50.9 003.4 -57.8 2.26E-06 002.2 008.2 -08.5 0.003825 0.007615 0.003966 hargrave 2017-08-22 16:52:43 
TT 630 321.2 -51.2 004.6 -57.5 2.30E-06 001.8 008.8 -08.9 0.003482 0.005542 0.004261 hargrave 2017-08-23 15:53:45 
TT 640 314.2 -52.3 001.1 -61.6 2.22E-06 002.2 004.3 -09.4 0.003159 0.007835 0.003785 hargrave 2017-08-24 12:34:34 
TT 645 317.1 -55.2 008.3 -61.8 2.21E-06 002.8 005.7 -12.5 0.003201 0.009868 0.004016 hargrave 2017-08-25 08:54:14 
TT 650 305.6 -57.4 006.0 -68.5 2.19E-06 002.4 359.1 -14.5 0.003350 0.007973 0.004363 hargrave 2017-08-29 11:42:52 
TT 655 298.8 -60.5 011.4 -72.8 2.29E-06 001.7 355.6 -17.7 0.003352 0.005168 0.004473 hargrave 2017-08-30 08:20:32 
TT 660 287.8 -54.8 343.2 -76.2 2.18E-06 002.4 348.6 -13.1 0.003207 0.007451 0.004823 hargrave 2017-09-01 21:38:44 
TT 665 283.2 -56.4 343.8 -79.3 2.14E-06 005.4 346.4 -15.4 0.003642 0.013379 0.015155 hargrave 2017-09-10 14:02:56 
TT 670 278.8 -64.1 031.5 -81.8 1.46E-06 005.8 346.9 -23.3 0.002877 0.003255 0.015090 hargrave 2017-09-12 20:16:03 
TT 672 265.0 -61.4 064.4 -88.3 1.19E-06 006.1 339.4 -23.7 0.003925 0.004325 0.012677 hargrave 2017-09-15 12:28:47 
TT 674 263.6 -55.5 262.2 -85.7 1.23E-06 006.6 335.6 -18.9 0.003044 0.004199 0.014148 hargrave 2017-09-16 19:22:30 
TT 676 208.1 -49.4 166.9 -57.2 9.78E-07 006.0 304.5 -38.8 0.003778 0.005804 0.013477 hargrave 2017-09-19 21:37:25 
TT 678 220.7 -11.5 211.5 -32.2 9.17E-07 007.9 280.3 -06.1 0.004030 0.005210 0.012507 hargrave 2017-09-22 22:27:00 
TT 678 223.6 -15.6 212.6 -37.0 8.01E-07 009.9 285.2 -07.2 0.005842 0.004348 0.013598 hargrave 2017-09-24 11:00:39 
TT 680 106.5 -17.3 105.8  10.7 1.43E-07 045.5 143.0 -55.7 0.003173 0.004465 0.013835 hargrave 2017-09-24 20:13:41 
TT 680 105.3 -37.0 101.0 -08.4 1.16E-07 055.7 113.8 -70.9 0.003542 0.003492 0.013772 hargrave 2017-09-25 09:36:59 
TT 682 247.5 -07.4 243.7 -36.2 1.11E-06 008.4 297.9  14.3 0.002724 0.005561 0.015349 hargrave 2017-09-26 13:55:18 
TT 682 248.6 -09.2 244.6 -38.1 1.10E-06 008.5 299.9  13.4 0.003631 0.005138 0.015425 hargrave 2017-09-26 15:52:13 
TT 684 173.6  27.8 188.5  23.8 4.49E-07 017.5 219.9 -04.4 0.003139 0.006939 0.012954 hargrave 2017-10-01 14:07:07 
TT 684 175.2  26.5 189.1  22.0 4.67E-07 016.9 221.8 -04.7 0.003681 0.005797 0.013342 hargrave 2017-10-01 16:58:07 
TT 684 179.6  25.9 192.2  19.4 4.65E-07 017.5 225.5 -03.2 0.004035 0.006751 0.013114 hargrave 2017-10-01 18:46:08 
TT 686 190.6  22.8 199.5  11.6 1.08E-06 009.8 235.5  00.1 0.007751 0.010157 0.014656 hargrave 2017-10-02 14:11:43 
TT 686 190.8  22.4 199.5  11.1 1.09E-06 008.3 235.9 -00.2 0.005046 0.007785 0.013961 hargrave 2017-10-02 16:25:16 
TT 686 190.3  22.2 199.0  11.2 1.09E-06 008.1 235.6 -00.6 0.004271 0.006690 0.014363 hargrave 2017-10-02 17:50:23 
TT 688 123.4  07.6 130.6  29.9 5.84E-07 014.5 175.3 -35.2 0.002311 0.003714 0.017552 hargrave 2017-10-03 17:09:55 
TT 688 122.8  05.8 129.3  28.5 5.48E-07 014.0 174.4 -37.0 0.002933 0.003759 0.015107 hargrave 2017-10-05 08:27:16 
TT 688 121.8  04.7 127.7  27.8 5.38E-07 013.6 173.1 -38.1 0.002756 0.003531 0.016143 hargrave 2017-10-05 10:28:06 
