TR004 -Ga mag compass orientation (IGRF corrected)
   4.03   6.3  52.0 173.8  30.2   1.0
NRM    293.7 -68.0 038.5 -74.7 1.80E-05 001.5 006.7 -16.8 0.041947 0.042431 0.020704 hargrave 2017-07-20 11:22:57 
TT 100 284.6 -73.5 062.0 -74.2 1.91E-05 005.3 002.5 -21.6 0.141767 0.169568 0.030577 hargrave 2017-07-21 12:52:10 
TT 200 264.4 -75.5 083.3 -74.3 1.95E-05 004.2 356.8 -23.8 0.106838 0.129812 0.030155 hargrave 2017-07-24 08:20:25 
TT 300 264.3 -75.7 083.3 -74.1 2.03E-05 003.6 356.8 -24.0 0.143020 0.113234 0.032634 hargrave 2017-07-24 16:14:07 
TT 350 255.7 -75.9 090.8 -73.7 2.01E-05 001.5 354.6 -24.6 0.024311 0.038809 0.033063 hargrave 2017-07-31 11:47:51 
TT 400 254.1 -74.9 093.3 -74.5 2.03E-05 001.5 353.8 -23.8 0.025381 0.040278 0.032556 hargrave 2017-08-01 10:12:36 
TT 450 248.8 -73.2 101.1 -75.4 1.92E-05 001.6 351.7 -22.8 0.031424 0.039467 0.030597 hargrave 2017-08-02 09:41:37 
TT 475 254.2 -73.8 094.5 -75.6 1.81E-05 001.9 353.5 -22.8 0.035886 0.046544 0.031988 hargrave 2017-08-03 16:40:57 
TT 500 246.8 -72.1 105.6 -76.0 1.75E-05 002.4 350.6 -22.0 0.031254 0.063482 0.032191 hargrave 2017-08-04 13:18:12 
TT 525 244.6 -69.6 115.4 -77.4 1.72E-05 001.7 348.7 -20.0 0.030966 0.031502 0.037877 hargrave 2017-08-07 10:05:26 
TT 550 248.2 -69.7 110.8 -78.1 1.59E-05 001.7 350.0 -19.7 0.024801 0.036739 0.029374 hargrave 2017-08-08 09:18:54 
TT 555 247.0 -70.0 111.4 -77.7 1.48E-05 001.6 349.7 -20.1 0.023080 0.034747 0.021034 hargrave 2017-08-09 09:17:47 
TT 560 248.6 -70.6 107.5 -77.5 1.37E-05 001.7 350.5 -20.5 0.021075 0.028672 0.031039 hargrave 2017-08-16 10:37:11 
TT 565 248.1 -70.8 107.6 -77.3 1.28E-05 001.9 350.4 -20.7 0.019213 0.031071 0.028579 hargrave 2017-08-16 18:58:02 
TT 570 248.6 -71.0 106.7 -77.2 1.22E-05 002.8 350.6 -20.8 0.020001 0.053444 0.026589 hargrave 2017-08-17 15:40:09 
TT 575 255.2 -72.0 096.0 -77.4 1.16E-05 002.2 353.2 -21.0 0.020187 0.038393 0.023891 hargrave 2017-08-18 11:21:07 
TT 580 250.7 -72.0 101.5 -76.7 1.11E-05 002.2 351.8 -21.5 0.020086 0.036297 0.022660 hargrave 2017-08-21 08:37:45 
TT 600 246.5 -70.5 110.4 -77.2 1.00E-05 002.4 349.8 -20.6 0.020318 0.036437 0.019914 hargrave 2017-08-21 17:26:43 
TT 620 240.1 -72.5 110.4 -74.3 8.67E-06 002.0 348.8 -23.3 0.015988 0.022655 0.016802 hargrave 2017-08-22 16:26:08 
TT 630 237.1 -79.7 096.4 -68.5 7.61E-06 002.7 352.5 -29.8 0.015922 0.031574 0.013881 hargrave 2017-08-23 15:27:05 
TT 640 209.5 -81.3 100.0 -64.0 6.49E-06 002.4 350.4 -34.2 0.012672 0.023076 0.011697 hargrave 2017-08-24 12:07:56 
TT 645 201.6 -84.1 094.9 -62.1 6.23E-06 001.9 353.0 -36.2 0.012945 0.012524 0.013905 hargrave 2017-08-25 08:28:27 
TT 650 219.9 -83.8 093.6 -63.9 6.25E-06 003.0 353.8 -34.4 0.015148 0.025862 0.016124 hargrave 2017-08-29 11:17:05 
TT 655 202.3 -85.4 092.3 -61.7 6.18E-06 001.7 354.5 -36.6 0.010401 0.012808 0.011663 hargrave 2017-08-30 07:59:27 
TT 660 207.0 -80.8 101.4 -63.8 6.41E-06 002.8 349.6 -34.3 0.014378 0.027257 0.013845 hargrave 2017-09-01 21:12:47 
TT 665 229.1 -88.1 086.1 -61.4 6.37E-06 003.8 358.2 -36.7 0.013808 0.040376 0.007927 hargrave 2017-09-10 13:37:08 
TT 670 161.2 -77.7 105.2 -55.2 3.89E-06 002.9 344.8 -42.3 0.008809 0.016229 0.009759 hargrave 2017-09-12 19:51:07 
TT 672 158.3 -78.1 104.1 -54.9 2.46E-06 004.0 345.6 -42.7 0.009178 0.014936 0.006680 hargrave 2017-09-15 12:03:38 
TT 674 194.9 -54.4 151.0 -53.9 1.28E-06 004.6 320.4 -25.6 0.003552 0.004196 0.009528 hargrave 2017-09-16 18:57:33 
TT 676 088.9 -45.7 087.5 -15.6 5.79E-07 006.4 033.0 -80.6 0.004948 0.003516 0.006905 hargrave 2017-09-19 21:12:24 
TT 678 161.2 -05.9 160.0  01.2 9.87E-07 004.9 258.8 -23.3 0.003975 0.003828 0.009383 hargrave 2017-09-22 22:00:18 
TT 680 011.1 -02.7 010.2  06.2 1.08E-06 007.8 090.8 -05.4 0.011787 0.002793 0.008643 hargrave 2017-09-24 19:43:38 
TT 682 156.9 -28.2 145.2 -16.2 6.03E-07 008.0 277.8 -39.2 0.003730 0.002551 0.011296 hargrave 2017-09-26 13:30:10 
TT 682 157.2 -27.7 145.8 -15.9 5.98E-07 007.4 277.4 -38.7 0.003003 0.002655 0.010625 hargrave 2017-09-26 15:45:41 
TT 684 033.3  44.5 357.9  56.6 4.34E-07 016.5 139.8  10.2 0.008930 0.005445 0.008143 hargrave 2017-10-01 13:39:34 
TT 684 036.6  46.7 358.0  59.7 4.24E-07 016.6 143.0  10.1 0.008550 0.005097 0.008443 hargrave 2017-10-01 16:37:17 
TT 684 036.3  46.4 358.1  59.3 4.24E-07 014.5 142.6  10.0 0.007383 0.004070 0.007772 hargrave 2017-10-01 18:25:31 
TT 686 082.7  53.5 077.7  83.6 9.26E-07 006.4 171.9  02.2 0.005242 0.002960 0.009674 hargrave 2017-10-02 13:44:06 
TT 688 040.9  13.0 031.1  33.6 9.35E-07 007.6 122.9 -17.3 0.005823 0.004664 0.010806 hargrave 2017-10-03 16:39:39 
TT 688 039.0  12.9 029.1  32.7 9.20E-07 006.8 121.4 -16.2 0.004054 0.003045 0.010163 hargrave 2017-10-05 08:02:52 
