TR004 -Na mag compass orientation (IGRF corrected)
   5.38  13.3  41.0 173.8  30.2   1.0
NRM    013.8  36.8 348.9  40.9 1.32E-05 003.8 116.4  26.6 0.083898 0.029352 0.021918 hargrave 2017-07-20 11:36:00 
TT 100 021.4  31.0 000.1  40.2 9.67E-06 001.4 116.8  18.0 0.016417 0.013451 0.015322 hargrave 2017-07-21 13:02:49 
TT 200 033.7  26.6 015.3  42.5 7.29E-06 004.3 122.2  07.7 0.053648 0.018037 0.012753 hargrave 2017-07-24 08:29:43 
TT 300 037.5  20.6 023.2  39.0 6.22E-06 004.1 121.4  00.8 0.035835 0.023182 0.013904 hargrave 2017-07-24 16:24:48 
TT 350 038.0  16.7 026.1  35.7 5.69E-06 001.5 119.4 -02.7 0.010605 0.008534 0.011746 hargrave 2017-07-31 11:59:40 
TT 400 039.4  13.9 029.0  33.8 5.05E-06 002.3 118.8 -05.7 0.014858 0.011113 0.012138 hargrave 2017-08-01 10:24:13 
TT 450 042.2  10.0 033.9  31.4 4.11E-06 003.3 118.8 -10.5 0.018961 0.012494 0.009766 hargrave 2017-08-02 09:55:06 
TT 475 041.7  07.2 034.5  28.6 3.77E-06 002.1 116.7 -12.4 0.010612 0.009374 0.008078 hargrave 2017-08-03 16:50:44 
TT 500 043.2  04.1 037.4  26.3 3.36E-06 004.5 116.0 -15.8 0.021692 0.013896 0.007320 hargrave 2017-08-04 13:27:59 
TT 525 042.6  01.0 038.1  23.2 2.96E-06 002.0 113.6 -18.0 0.006192 0.006838 0.006923 hargrave 2017-08-07 10:16:57 
TT 550 041.3 -05.8 039.3  16.3 2.36E-06 002.4 108.0 -22.5 0.006456 0.006863 0.005685 hargrave 2017-08-08 09:30:26 
TT 555 041.2 -07.0 039.7  15.2 2.34E-06 002.0 107.2 -23.4 0.006743 0.005576 0.002898 hargrave 2017-08-09 09:28:58 
TT 560 045.7 -06.8 044.0  16.8 1.97E-06 002.4 111.1 -26.0 0.004679 0.005595 0.004973 hargrave 2017-08-16 10:48:41 
TT 565 039.1 -10.3 038.9  11.4 2.04E-06 002.5 103.1 -24.6 0.006966 0.004772 0.004431 hargrave 2017-08-16 19:11:10 
TT 570 043.8 -15.3 045.0  08.2 1.70E-06 002.7 103.2 -31.3 0.005608 0.004633 0.004050 hargrave 2017-08-17 15:51:45 
TT 575 038.9 -15.2 040.5  06.7 1.77E-06 002.8 099.3 -28.1 0.006659 0.004280 0.004398 hargrave 2017-08-18 11:34:14 
TT 580 047.3 -16.3 048.5  08.4 1.48E-06 002.5 105.5 -34.3 0.004555 0.004053 0.003010 hargrave 2017-08-21 08:49:17 
TT 600 046.7 -17.8 048.5  06.8 1.44E-06 002.7 103.8 -35.1 0.004724 0.004036 0.003222 hargrave 2017-08-21 17:38:13 
TT 620 057.6 -29.1 061.1 -01.5 1.33E-06 003.4 102.7 -50.1 0.005869 0.004982 0.002557 hargrave 2017-08-22 16:38:30 
TT 630 059.4 -27.0 062.2  00.9 1.76E-06 002.5 106.8 -49.8 0.005032 0.005544 0.003136 hargrave 2017-08-23 15:39:27 
TT 640 063.0 -41.1 067.9 -12.4 6.57E-07 044.0 090.2 -60.8 0.002216 0.034219 0.060606 hargrave 2017-08-24 12:20:18 
TT 640 066.6 -41.7 070.7 -12.5 1.30E-06 003.4 091.9 -63.5 0.004228 0.006040 0.003122 hargrave 2017-08-24 13:33:32 
TT 645 050.6 -31.6 055.9 -05.4 1.50E-06 002.8 093.9 -47.2 0.004570 0.005062 0.003099 hargrave 2017-08-25 08:39:55 
TT 650 061.0 -38.8 065.9 -10.4 1.43E-06 002.1 092.7 -58.3 0.002720 0.003816 0.003217 hargrave 2017-08-29 11:28:38 
TT 655 064.7 -33.6 067.9 -04.7 1.63E-06 003.0 103.8 -57.6 0.006352 0.005157 0.002440 hargrave 2017-08-30 08:08:55 
TT 660 067.3 -45.3 071.8 -16.0 1.31E-06 003.2 084.8 -65.5 0.005048 0.004995 0.002192 hargrave 2017-09-01 21:24:17 
TT 665 055.6 -35.3 060.9 -07.9 1.42E-06 004.7 093.3 -52.8 0.005465 0.005272 0.013880 hargrave 2017-09-10 13:48:41 
TT 670 109.6 -34.2 105.1 -06.4 1.15E-06 003.5 199.8 -74.4 0.004005 0.003346 0.011077 hargrave 2017-09-12 20:01:53 
TT 672 100.4 -30.2 098.1 -01.0 1.37E-06 002.9 172.4 -71.0 0.004317 0.004295 0.012330 hargrave 2017-09-15 12:14:31 
TT 674 112.5 -31.3 108.1 -04.1 1.15E-06 002.5 204.8 -71.0 0.003304 0.003455 0.011561 hargrave 2017-09-16 19:08:18 
TT 676 118.5 -02.5 121.6  22.1 1.61E-06 004.6 200.5 -41.7 0.005410 0.004726 0.015815 hargrave 2017-09-19 21:23:15 
TT 678 123.6 -21.7 120.3  02.3 1.46E-06 003.9 217.8 -58.3 0.004670 0.004647 0.013110 hargrave 2017-09-22 22:12:45 
TT 680 102.6 -44.3 097.6 -15.3 1.10E-06 003.1 173.5 -85.3 0.003990 0.004504 0.013275 hargrave 2017-09-24 19:54:30 
TT 682 149.1 -51.6 126.2 -33.2 1.11E-06 004.2 292.9 -61.1 0.003639 0.003345 0.012578 hargrave 2017-09-26 13:41:00 
TT 684 080.9 -35.8 081.4 -05.6 4.04E-07 011.3 120.6 -68.9 0.002642 0.004395 0.011130 hargrave 2017-10-01 13:51:36 
TT 684 083.1 -35.1 083.2 -04.9 3.94E-07 011.0 125.6 -69.6 0.002584 0.003604 0.011907 hargrave 2017-10-01 16:44:02 
TT 684 083.1 -35.2 083.2 -05.0 3.96E-07 011.2 125.4 -69.7 0.003102 0.004113 0.011491 hargrave 2017-10-01 18:33:50 
TT 686 115.7 -05.1 117.9  20.4 7.74E-07 006.6 197.5 -44.8 0.003320 0.003522 0.012372 hargrave 2017-10-02 13:57:51 
TT 688 044.5 -28.4 049.9 -03.9 1.53E-07 025.7 092.4 -41.2 0.001838 0.002119 0.008189 hargrave 2017-10-03 16:54:13 
TT 688 030.4 -36.7 041.8 -16.0 1.45E-07 022.7 074.4 -37.3 0.002568 0.003147 0.006939 hargrave 2017-10-05 08:11:34 
TT 688 025.4 -39.6 039.4 -20.4 1.51E-07 030.0 068.5 -36.0 0.002320 0.003013 0.009170 hargrave 2017-10-05 10:15:46 
