TR004 -Ka mag compass orientation (IGRF corrected)
   4.81  31.3  38.0 173.8  30.2   1.0
NRM    324.9  21.4 318.7  05.1 9.48E-06 001.4 039.7  54.4 0.015647 0.013593 0.016594 hargrave 2017-07-20 11:29:12 
TT 100 330.1  06.4 330.0 -06.0 6.04E-06 006.3 037.8  38.6 0.042517 0.051209 0.011851 hargrave 2017-07-21 12:57:33 
TT 200 324.9 -23.4 340.9 -34.5 4.32E-06 005.4 022.0  11.9 0.005095 0.037498 0.025020 hargrave 2017-07-24 08:25:47 
TT 300 322.0 -43.4 355.2 -51.9 4.44E-06 005.1 015.0 -07.1 0.008676 0.039057 0.006697 hargrave 2017-07-24 16:19:29 
TT 350 315.9 -49.7 358.2 -59.2 4.78E-06 002.9 009.6 -12.4 0.009898 0.022811 0.007447 hargrave 2017-07-31 11:54:46 
TT 400 313.4 -54.5 004.5 -63.2 5.10E-06 002.1 007.3 -17.0 0.010921 0.014444 0.009405 hargrave 2017-08-01 10:19:18 
TT 450 311.1 -57.0 008.2 -65.6 5.30E-06 001.9 005.6 -19.3 0.012862 0.011222 0.011699 hargrave 2017-08-02 09:48:28 
TT 475 306.5 -57.8 007.4 -68.2 5.27E-06 004.1 003.0 -19.9 0.007980 0.037018 0.008272 hargrave 2017-08-03 16:46:31 
TT 500 297.0 -57.9 002.0 -72.9 5.36E-06 004.1 357.6 -20.0 0.011430 0.037646 0.007747 hargrave 2017-08-04 13:23:57 
TT 525 293.2 -60.2 008.3 -75.4 5.47E-06 001.9 355.7 -22.4 0.010111 0.015497 0.007534 hargrave 2017-08-07 10:12:07 
TT 550 287.8 -60.0 005.4 -78.0 5.60E-06 002.3 352.7 -22.6 0.011775 0.018572 0.009267 hargrave 2017-08-08 09:25:36 
TT 555 286.0 -60.5 006.8 -79.0 5.68E-06 001.3 351.8 -23.1 0.009871 0.011772 0.003528 hargrave 2017-08-09 09:24:15 
TT 560 281.1 -60.0 002.7 -81.3 5.66E-06 001.5 349.2 -23.2 0.009471 0.010645 0.008819 hargrave 2017-08-16 10:43:52 
TT 565 278.7 -60.5 005.7 -82.6 5.52E-06 001.4 348.1 -24.0 0.007739 0.009590 0.008546 hargrave 2017-08-16 19:04:44 
TT 570 276.3 -59.6 357.2 -83.7 5.58E-06 001.6 346.5 -23.4 0.008663 0.011502 0.008265 hargrave 2017-08-17 15:46:50 
TT 575 283.5 -60.0 003.6 -80.1 5.48E-06 002.1 350.5 -22.9 0.009421 0.017002 0.008070 hargrave 2017-08-18 11:27:48 
TT 580 279.3 -57.7 345.9 -81.7 5.53E-06 002.7 347.6 -21.2 0.009799 0.024187 0.008012 hargrave 2017-08-21 08:44:29 
TT 600 279.3 -59.5 358.2 -82.2 5.43E-06 002.0 348.1 -22.9 0.009869 0.015969 0.007946 hargrave 2017-08-21 17:33:24 
TT 620 278.0 -60.5 005.2 -82.9 5.53E-06 003.1 347.7 -24.0 0.010658 0.027802 0.008119 hargrave 2017-08-22 16:32:50 
TT 630 277.8 -59.4 356.7 -82.9 5.53E-06 002.1 347.3 -23.0 0.009743 0.017564 0.008835 hargrave 2017-08-23 15:33:47 
TT 640 272.4 -58.5 341.3 -85.4 5.59E-06 002.2 344.1 -23.0 0.009622 0.018345 0.008808 hargrave 2017-08-24 12:14:37 
TT 645 278.1 -61.7 015.3 -82.8 5.52E-06 002.0 348.1 -25.2 0.008117 0.016425 0.009082 hargrave 2017-08-25 08:35:07 
TT 650 275.7 -61.9 018.4 -83.8 5.74E-06 001.5 347.0 -25.7 0.009027 0.010268 0.008996 hargrave 2017-08-29 11:23:47 
TT 655 279.2 -62.1 017.7 -82.2 5.58E-06 001.6 348.8 -25.5 0.008915 0.008880 0.010655 hargrave 2017-08-30 08:04:52 
TT 660 276.9 -63.8 032.2 -82.7 5.60E-06 002.5 348.1 -27.3 0.011432 0.021235 0.010400 hargrave 2017-09-01 21:19:30 
TT 665 284.5 -65.3 032.8 -79.1 5.56E-06 002.5 352.1 -28.0 0.012676 0.019361 0.012488 hargrave 2017-09-10 13:43:53 
TT 670 271.7 -67.5 062.7 -81.6 4.91E-06 002.4 347.2 -31.5 0.009280 0.011621 0.016563 hargrave 2017-09-12 19:57:05 
TT 672 293.5 -70.8 048.4 -73.7 4.64E-06 003.0 356.9 -33.0 0.009256 0.017707 0.015742 hargrave 2017-09-15 12:09:41 
TT 674 268.9 -66.0 065.4 -83.4 4.68E-06 002.8 345.4 -30.6 0.008446 0.016619 0.015174 hargrave 2017-09-16 19:03:29 
TT 674 269.2 -66.2 065.1 -83.2 4.69E-06 002.8 345.6 -30.7 0.009522 0.019396 0.010889 hargrave 2017-09-19 11:20:23 
TT 676 266.3 -75.1 081.4 -74.7 3.42E-06 002.8 349.0 -39.2 0.006879 0.009660 0.013494 hargrave 2017-09-19 21:18:25 
TT 678 251.6 -66.5 117.8 -81.4 2.47E-06 003.3 338.4 -34.3 0.004677 0.007424 0.012733 hargrave 2017-09-22 22:06:14 
TT 680 251.9 -73.9 096.6 -75.2 1.99E-06 004.3 344.0 -40.3 0.004765 0.007020 0.014009 hargrave 2017-09-24 19:49:35 
TT 682 257.0 -60.3 162.1 -86.5 2.37E-06 003.2 337.0 -27.8 0.003562 0.005822 0.012273 hargrave 2017-09-26 13:36:12 
TT 684 184.5 -19.8 172.5 -22.4 6.61E-07 006.5 261.5 -31.9 0.002617 0.002432 0.006855 hargrave 2017-10-01 13:45:24 
TT 686 185.4 -11.7 177.8 -15.9 8.99E-07 003.1 256.4 -25.1 0.002823 0.001231 0.004106 hargrave 2017-10-02 13:49:58 
TT 688 135.1 -32.7 125.9 -11.7 2.64E-07 006.4 212.8 -68.2 0.002050 0.002876 0.004584 hargrave 2017-10-03 16:47:11 
