TR004 -Ba mag compass orientation (IGRF corrected)
   3.42  39.3  55.0 173.8  30.2   1.0
NRM    357.7 -27.6 011.7 -21.7 9.41E-06 003.2 042.7  12.5 0.033146 0.042179 0.013494 hargrave 2017-07-20 11:06:02 
TT 100 004.4 -41.5 025.4 -30.3 9.10E-06 001.5 037.9 -01.7 0.017862 0.017897 0.019073 hargrave 2017-07-21 12:42:59 
TT 200 005.6 -53.2 034.7 -39.1 9.35E-06 001.9 030.5 -10.8 0.020440 0.025565 0.021471 hargrave 2017-07-24 08:11:18 
TT 300 006.8 -57.9 039.5 -42.3 9.30E-06 003.8 027.6 -14.6 0.035790 0.049180 0.021149 hargrave 2017-07-24 16:04:53 
TT 350 004.0 -60.8 040.7 -45.3 9.88E-06 002.0 024.4 -15.6 0.028572 0.020955 0.024904 hargrave 2017-07-31 11:37:55 
TT 400 008.5 -53.5 036.7 -38.3 1.08E-05 002.5 031.5 -12.2 0.029880 0.021472 0.038918 hargrave 2017-08-01 10:02:33 
TT 450 352.5 -69.2 046.4 -54.3 7.83E-06 002.5 014.9 -18.9 0.064959 0.021785 0.017847 hargrave 2017-08-02 09:31:49 
TT 475 021.6 -56.5 046.6 -36.2 7.71E-06 005.5 034.0 -19.9 0.034492 0.059214 0.035068 hargrave 2017-08-03 16:32:58 
TT 500 308.0 -78.5 063.3 -66.7 6.51E-06 002.0 359.7 -23.5 0.033732 0.013293 0.019707 hargrave 2017-08-04 13:10:12 
TT 525 025.3 -45.1 042.1 -25.2 7.04E-06 004.1 045.3 -15.4 0.017973 0.041360 0.031688 hargrave 2017-08-07 09:55:45 
TT 550 253.5 -70.9 100.3 -78.1 6.73E-06 003.9 342.9 -23.0 0.058040 0.022135 0.019160 hargrave 2017-08-08 09:09:07 
TT 555 033.9 -61.6 056.6 -37.3 4.41E-06 010.2 032.4 -27.9 0.075166 0.045004 0.016102 hargrave 2017-08-09 09:08:20 
TT 555 020.8 -67.6 054.9 -45.4 4.91E-06 003.1 023.6 -25.6 0.016350 0.022355 0.012186 hargrave 2017-08-09 10:55:29 
TT 560 181.8 -62.6 133.2 -53.0 3.80E-06 005.9 327.1 -47.7 0.051050 0.033548 0.021002 hargrave 2017-08-16 10:27:31 
TT 565 060.2 -44.8 066.6 -16.4 3.52E-06 011.3 056.9 -37.7 0.046829 0.044256 0.032197 hargrave 2017-08-16 18:46:48 
TT 565 053.9 -60.4 066.8 -32.4 4.48E-06 005.3 036.8 -36.9 0.018040 0.033047 0.022450 hargrave 2017-08-17 08:05:23 
TT 570 184.8 -73.0 117.3 -58.7 3.53E-06 005.8 340.7 -43.2 0.057065 0.021395 0.020015 hargrave 2017-08-17 15:30:23 
TT 575 056.4 -30.5 060.4 -03.1 4.34E-06 008.1 071.8 -29.9 0.037443 0.042096 0.029598 hargrave 2017-08-18 11:11:28 
TT 575 054.4 -39.0 060.9 -11.7 4.54E-06 004.9 062.0 -31.8 0.015084 0.030212 0.024260 hargrave 2017-08-18 13:12:55 
TT 580 199.0 -73.0 119.1 -62.8 3.65E-06 012.7 339.3 -39.2 0.108319 0.025816 0.015781 hargrave 2017-08-21 08:28:08 
TT 580 233.3 -76.7 104.0 -70.2 4.30E-06 003.4 344.9 -30.8 0.018855 0.022876 0.018512 hargrave 2017-08-21 10:14:09 
TT 600 035.7 -41.4 047.7 -18.6 7.52E-06 004.1 052.8 -19.9 0.024485 0.031535 0.039169 hargrave 2017-08-21 17:16:56 
TT 620 219.4 -64.4 142.2 -69.2 4.04E-06 003.4 329.7 -31.1 0.044335 0.020545 0.018841 hargrave 2017-08-22 16:16:19 
TT 630 025.2 -45.4 042.2 -25.6 6.42E-06 005.1 045.0 -15.6 0.030177 0.036555 0.035607 hargrave 2017-08-23 15:16:27 
TT 640 273.3 -76.5 076.3 -73.0 6.91E-06 002.7 351.4 -23.8 0.032225 0.029292 0.024262 hargrave 2017-08-24 11:58:07 
TT 645 021.3 -53.9 044.6 -34.1 7.07E-06 006.2 036.2 -18.3 0.038887 0.060831 0.029776 hargrave 2017-08-25 08:18:46 
TT 650 292.9 -81.8 073.7 -66.7 5.62E-06 004.8 357.4 -27.1 0.026059 0.044942 0.020310 hargrave 2017-08-29 11:07:21 
TT 655 053.9 -54.4 064.8 -26.6 5.13E-06 007.0 044.1 -35.9 0.034522 0.048729 0.023613 hargrave 2017-08-29 19:53:02 
TT 660 265.8 -77.7 082.4 -72.1 7.31E-06 002.4 350.6 -25.7 0.026160 0.024405 0.021200 hargrave 2017-09-01 21:01:32 
TT 665 144.1 -67.6 111.6 -44.7 2.75E-06 004.2 349.9 -56.3 0.035414 0.020982 0.061598 hargrave 2017-09-10 13:27:29 
TT 670 192.0 -60.1 141.4 -55.8 1.90E-06 007.6 322.5 -43.2 0.037604 0.019921 0.052603 hargrave 2017-09-12 19:41:50 
TT 670 224.2 -77.0 106.6 -68.3 2.52E-06 010.8 344.6 -32.9 0.010054 0.028602 0.054458 hargrave 2017-09-13 09:04:08 
TT 670 237.3 -64.7 140.9 -76.9 2.96E-06 009.6 333.5 -24.2 0.012624 0.024191 0.055181 hargrave 2017-09-14 14:08:12 
TT 670 237.4 -67.3 129.7 -76.2 2.86E-06 009.6 336.0 -25.5 0.012808 0.027772 0.053528 hargrave 2017-09-14 15:02:14 
TT 672 009.7 -57.0 040.2 -40.5 5.38E-06 008.1 029.4 -15.1 0.012038 0.026552 0.071663 hargrave 2017-09-15 11:54:11 
TT 674 197.6 -30.9 176.8 -38.2 1.61E-06 014.8 286.6 -33.7 0.030142 0.027304 0.057212 hargrave 2017-09-16 18:48:19 
TT 674 209.4 -18.5 196.2 -33.5 2.52E-06 013.2 280.1 -18.4 0.031644 0.017383 0.057506 hargrave 2017-09-19 09:06:57 
TT 676 129.0  04.8 135.2  25.2 9.87E-07 038.4 179.6 -50.2 0.030535 0.036192 0.065117 hargrave 2017-09-19 20:47:36 
TT 678 189.9  00.5 188.1 -07.6 1.59E-06 020.2 251.7 -23.4 0.033450 0.021868 0.050546 hargrave 2017-09-22 21:49:21 
TT 680 058.3 -10.3 057.5  16.9 1.87E-06 019.9 092.2 -21.4 0.015588 0.024342 0.061921 hargrave 2017-09-24 19:31:48 
TT 682 181.0  28.6 194.9  21.0 1.43E-06 024.8 224.4 -09.8 0.022147 0.016370 0.060186 hargrave 2017-09-26 13:19:19 
TT 684 092.3  66.8 239.0  82.0 1.65E-06 016.0 165.8  15.6 0.016849 0.018950 0.046765 hargrave 2017-10-01 13:26:37 
TT 686 239.2  29.9 242.6  02.0 2.22E-06 013.9 253.6  31.8 0.027584 0.018878 0.048480 hargrave 2017-10-02 13:33:33 
TT 688 031.7  16.9 019.3  33.2 1.91E-06 015.3 099.9  15.7 0.019600 0.013477 0.052480 hargrave 2017-10-03 16:27:26 
