TR004 -Xa mag compass orientation (IGRF corrected)
   5.81  28.3  33.0 173.8  30.2   1.0
NRM    010.2  53.1 329.8  51.0 7.66E-06 002.1 116.1  50.6 0.024770 0.011551 0.012871 hargrave 2017-07-20 11:47:49 
TT 100 028.3  51.4 344.1  58.6 5.67E-06 001.8 124.3  41.0 0.014793 0.007641 0.008785 hargrave 2017-07-21 13:12:52 
TT 200 059.9  40.5 035.5  65.6 3.17E-06 003.3 136.7  19.1 0.010660 0.004804 0.014767 hargrave 2017-07-24 08:39:42 
TT 300 084.0  27.1 084.2  57.3 2.23E-06 002.2 149.9 -01.1 0.006615 0.005175 0.006194 hargrave 2017-07-24 16:34:51 
TT 350 100.0  11.0 104.6  39.8 1.73E-06 003.3 160.8 -20.3 0.008313 0.006316 0.004143 hargrave 2017-07-31 12:12:34 
TT 400 118.5 -06.8 120.2  18.0 1.62E-06 003.6 180.2 -39.8 0.006538 0.006380 0.005610 hargrave 2017-08-01 10:37:00 
TT 450 142.0 -23.2 135.5 -05.6 1.69E-06 003.2 217.0 -52.1 0.007384 0.005045 0.005226 hargrave 2017-08-02 10:05:19 
TT 475 150.7 -26.5 141.1 -12.0 1.81E-06 002.8 230.8 -51.8 0.006582 0.003934 0.005579 hargrave 2017-08-03 17:01:17 
TT 500 159.5 -28.5 147.2 -17.6 2.03E-06 002.5 243.0 -49.4 0.006660 0.004916 0.005156 hargrave 2017-08-04 13:38:26 
TT 525 163.9 -32.2 148.5 -22.8 2.16E-06 002.3 251.2 -50.3 0.005686 0.005362 0.005811 hargrave 2017-08-07 10:29:36 
TT 550 173.0 -34.1 154.4 -28.7 2.46E-06 001.7 262.0 -47.0 0.004585 0.003925 0.005497 hargrave 2017-08-08 09:43:08 
TT 555 171.0 -33.7 153.1 -27.4 2.53E-06 001.7 259.7 -47.7 0.006581 0.003804 0.002917 hargrave 2017-08-09 09:41:11 
TT 560 177.3 -33.7 158.0 -30.3 2.61E-06 001.8 265.4 -44.3 0.004748 0.004669 0.006027 hargrave 2017-08-16 11:01:12 
TT 565 174.8 -32.6 156.8 -28.2 2.68E-06 002.4 262.1 -44.8 0.008408 0.006699 0.005974 hargrave 2017-08-16 19:23:38 
TT 570 178.0 -32.7 159.2 -29.8 2.77E-06 002.7 265.1 -43.2 0.010723 0.005657 0.005923 hargrave 2017-08-17 16:04:21 
TT 575 182.1 -32.5 162.6 -31.8 2.75E-06 002.1 268.6 -40.8 0.006725 0.005486 0.006073 hargrave 2017-08-18 11:46:51 
TT 580 178.7 -33.6 159.1 -30.9 2.69E-06 002.3 266.6 -43.5 0.008323 0.005583 0.006060 hargrave 2017-08-21 09:01:50 
TT 600 178.7 -32.1 160.2 -29.7 2.78E-06 002.5 265.3 -42.3 0.009881 0.005653 0.006125 hargrave 2017-08-21 17:50:49 
TT 620 185.2 -34.1 164.0 -34.6 2.99E-06 002.3 272.5 -40.3 0.009158 0.005155 0.006813 hargrave 2017-08-22 16:51:07 
TT 630 187.0 -30.9 167.7 -32.8 3.04E-06 002.4 271.3 -36.9 0.009626 0.006239 0.007245 hargrave 2017-08-23 15:52:09 
TT 640 191.8 -34.1 169.4 -37.8 3.14E-06 003.2 277.7 -36.8 0.016066 0.005121 0.006634 hargrave 2017-08-24 12:32:59 
TT 645 188.9 -33.9 167.1 -36.2 3.09E-06 002.3 275.2 -38.2 0.007429 0.007681 0.007586 hargrave 2017-08-25 08:52:38 
TT 650 189.4 -34.0 167.5 -36.5 3.38E-06 002.2 275.8 -37.9 0.010320 0.006134 0.007674 hargrave 2017-08-29 11:41:16 
TT 655 185.8 -36.4 162.7 -36.6 3.32E-06 002.4 274.9 -41.7 0.010535 0.005708 0.008250 hargrave 2017-08-30 08:19:15 
TT 660 188.9 -34.5 166.7 -36.7 3.34E-06 002.3 275.8 -38.6 0.009617 0.005756 0.008947 hargrave 2017-09-01 21:37:09 
TT 665 187.9 -36.6 164.2 -37.8 3.50E-06 001.7 276.8 -40.7 0.008190 0.005329 0.005741 hargrave 2017-09-10 14:01:21 
TT 670 187.2 -36.8 163.5 -37.6 3.13E-06 001.7 276.4 -41.2 0.007812 0.005027 0.005392 hargrave 2017-09-12 20:14:10 
TT 672 187.5 -43.6 158.1 -43.0 2.04E-06 003.8 283.3 -45.9 0.013279 0.004677 0.005075 hargrave 2017-09-15 12:26:49 
TT 674 180.5 -33.1 161.0 -31.4 2.17E-06 002.1 267.6 -42.1 0.006766 0.003744 0.004821 hargrave 2017-09-16 19:20:38 
TT 674 181.2 -33.6 161.1 -32.2 2.17E-06 002.5 268.8 -42.1 0.008042 0.004118 0.004554 hargrave 2017-09-19 11:25:48 
TT 676 161.6 -13.8 156.4 -05.9 1.05E-06 003.6 235.2 -35.8 0.004187 0.004200 0.006006 hargrave 2017-09-19 21:35:28 
TT 678 175.8 -07.3 171.8 -07.3 1.10E-06 005.2 245.7 -23.4 0.007519 0.005185 0.005856 hargrave 2017-09-22 22:25:07 
TT 680 161.3 -17.0 154.5 -08.5 1.08E-06 006.5 236.7 -38.8 0.009394 0.006824 0.005429 hargrave 2017-09-24 20:10:04 
TT 682 193.8 -15.6 183.1 -23.5 7.45E-07 005.9 266.6 -20.9 0.005335 0.001669 0.005622 hargrave 2017-09-26 13:53:25 
TT 684 173.2  33.6 191.8  28.8 6.03E-07 008.0 224.2  11.7 0.003354 0.004514 0.006600 hargrave 2017-10-01 14:05:16 
TT 684 177.7  31.8 194.2  25.2 6.05E-07 009.6 228.4  11.9 0.006193 0.006641 0.005342 hargrave 2017-10-01 16:56:16 
TT 684 177.8  31.9 194.3  25.3 6.07E-07 008.8 228.4  12.0 0.004938 0.005355 0.006181 hargrave 2017-10-01 18:44:12 
TT 686 147.6 -03.2 149.3  10.0 9.72E-07 004.0 214.9 -31.4 0.002942 0.002353 0.007453 hargrave 2017-10-02 14:09:52 
TT 688 047.6 -11.2 047.3  13.3 4.27E-07 008.4 100.2 -19.9 0.001595 0.001447 0.006365 hargrave 2017-10-03 17:08:00 
TT 688 049.7 -11.5 049.4  13.6 4.26E-07 008.8 101.8 -21.2 0.001203 0.001568 0.006746 hargrave 2017-10-05 08:25:24 
TT 688 050.5 -11.5 050.2  13.8 4.25E-07 009.0 102.5 -21.7 0.001292 0.001541 0.007002 hargrave 2017-10-05 10:26:16 
