TR004 -Sa mag compass orientation (IGRF corrected)
   5.63  23.3  46.0 173.8  30.2   1.0
NRM    004.6  51.5 328.2  47.3 2.63E-05 002.2 125.8  43.4 0.070314 0.073026 0.044654 hargrave 2017-07-20 11:41:55 
TT 100 009.5  52.4 330.3  50.1 2.46E-05 003.2 128.3  40.9 0.110524 0.081212 0.038138 hargrave 2017-07-21 13:07:53 
TT 200 016.3  54.6 331.7  54.7 2.14E-05 004.2 133.0  38.1 0.126612 0.093489 0.039451 hargrave 2017-07-24 08:34:44 
TT 300 017.1  54.3 332.5  54.9 2.03E-05 003.1 133.0  37.5 0.084199 0.062539 0.036754 hargrave 2017-07-24 16:29:51 
TT 350 019.3  55.4 332.3  56.6 2.00E-05 002.7 134.9  36.9 0.067020 0.060997 0.025999 hargrave 2017-07-31 12:06:04 
TT 400 019.9  56.4 331.0  57.4 1.92E-05 002.1 136.3  37.0 0.045272 0.051628 0.025751 hargrave 2017-08-01 10:30:42 
TT 450 018.4  57.6 328.3  57.3 1.83E-05 002.2 137.2  38.3 0.028277 0.057250 0.036590 hargrave 2017-08-02 10:00:17 
TT 475 018.7  56.9 329.5  57.1 1.79E-05 002.0 136.5  37.8 0.036655 0.049815 0.026085 hargrave 2017-08-03 16:55:57 
TT 500 018.9  59.0 326.4  58.3 1.73E-05 001.6 138.9  38.6 0.032259 0.028136 0.024992 hargrave 2017-08-04 13:33:20 
TT 525 020.5  59.3 326.6  59.1 1.70E-05 002.1 139.7  38.0 0.045417 0.039237 0.026006 hargrave 2017-08-07 10:23:19 
TT 550 021.4  60.9 324.3  60.3 1.61E-05 002.0 141.7  38.2 0.036145 0.038997 0.025620 hargrave 2017-08-08 09:36:47 
TT 555 023.2  61.9 323.1  61.5 1.61E-05 001.4 143.4  37.8 0.022048 0.033877 0.013641 hargrave 2017-08-09 09:35:06 
TT 560 021.0  59.4 326.8  59.4 1.56E-05 001.9 139.9  37.8 0.036374 0.035078 0.020194 hargrave 2017-08-16 10:54:59 
TT 565 022.4  61.5 323.6  61.0 1.55E-05 003.4 142.7  38.0 0.064236 0.065448 0.023264 hargrave 2017-08-16 19:17:25 
TT 570 019.9  59.6 325.8  59.0 1.51E-05 002.6 139.9  38.4 0.051555 0.042966 0.022098 hargrave 2017-08-17 15:58:04 
TT 575 019.8  61.0 323.3  59.6 1.49E-05 002.8 141.5  39.0 0.052610 0.048736 0.022284 hargrave 2017-08-18 11:40:35 
TT 580 018.7  60.6 323.5  59.0 1.47E-05 002.3 140.8  39.3 0.044442 0.035694 0.022255 hargrave 2017-08-21 08:55:34 
TT 600 021.2  61.7 322.7  60.5 1.42E-05 003.0 142.7  38.6 0.052272 0.048839 0.022266 hargrave 2017-08-21 17:44:33 
TT 620 021.4  60.4 325.2  60.0 1.39E-05 002.5 141.1  38.0 0.045602 0.038288 0.023001 hargrave 2017-08-22 16:44:50 
TT 630 020.3  59.7 325.8  59.3 1.34E-05 003.5 140.1  38.2 0.057635 0.055176 0.021650 hargrave 2017-08-23 15:45:47 
TT 640 020.1  59.3 326.5  58.9 1.31E-05 002.9 139.5  38.2 0.047722 0.043709 0.020790 hargrave 2017-08-24 12:26:37 
TT 645 020.0  60.2 324.9  59.4 1.28E-05 003.9 140.6  38.6 0.051105 0.068117 0.022563 hargrave 2017-08-25 08:46:14 
TT 650 023.0  58.1 329.9  59.7 1.27E-05 003.6 139.1  36.3 0.060508 0.050451 0.025353 hargrave 2017-08-29 11:34:58 
TT 655 020.1  59.1 326.9  58.9 1.13E-05 001.5 139.3  38.0 0.017354 0.018496 0.018603 hargrave 2017-08-30 08:14:09 
TT 660 022.0  56.3 332.4  58.3 9.41E-06 005.0 136.7  35.9 0.058945 0.055951 0.016477 hargrave 2017-09-01 21:30:42 
TT 665 022.8  65.8 315.2  62.7 8.23E-06 002.4 147.9  39.5 0.024434 0.019504 0.018345 hargrave 2017-09-10 13:55:01 
TT 670 355.8  23.1 343.3  20.8 1.99E-06 004.2 089.1  35.3 0.012036 0.005325 0.013016 hargrave 2017-09-12 20:08:10 
TT 672 309.8  55.1 292.3  30.6 9.49E-07 006.0 142.2  74.7 0.005245 0.007553 0.016710 hargrave 2017-09-15 12:20:46 
TT 674 157.2  72.0 227.5  60.1 9.98E-07 008.3 194.3  30.1 0.003395 0.005942 0.014041 hargrave 2017-09-16 19:14:35 
TT 674 171.5  69.3 226.2  54.6 1.06E-06 008.5 200.5  31.1 0.003907 0.004620 0.015704 hargrave 2017-09-19 09:16:32 
TT 676 226.7  11.3 226.4 -13.0 9.73E-07 008.0 278.2  24.6 0.006282 0.003812 0.012098 hargrave 2017-09-19 21:29:27 
TT 676 231.1  07.6 229.5 -17.8 1.11E-06 005.4 284.4  25.1 0.002795 0.003931 0.010998 hargrave 2017-09-22 11:46:11 
TT 678 070.7  35.9 058.5  64.6 9.82E-07 007.5 146.8 -01.3 0.003829 0.004607 0.011993 hargrave 2017-09-22 22:18:58 
TT 678 069.7  36.2 056.5  64.7 1.04E-06 006.9 146.2 -00.6 0.002561 0.004123 0.011877 hargrave 2017-09-24 10:55:59 
TT 680 096.0 -07.9 096.8  21.6 2.23E-07 020.6 152.2 -50.8 0.003810 0.004446 0.008369 hargrave 2017-09-24 20:02:22 
TT 680 097.0 -13.5 097.1  15.9 2.08E-07 019.3 150.4 -56.4 0.003097 0.003684 0.008639 hargrave 2017-09-25 09:30:39 
TT 682 099.2  41.7 118.4  69.6 8.08E-07 012.9 169.5 -03.3 0.002311 0.004258 0.018108 hargrave 2017-09-26 13:47:18 
TT 682 097.5  39.6 113.0  68.1 8.17E-07 012.5 167.8 -05.2 0.002560 0.003541 0.017962 hargrave 2017-09-26 15:48:49 
TT 684 189.3  28.0 201.2  16.7 1.13E-06 006.2 240.4  10.0 0.003655 0.004566 0.011179 hargrave 2017-10-01 13:57:45 
TT 686 102.0  48.2 134.3  74.3 4.92E-07 015.7 172.5  02.7 0.003892 0.005590 0.012777 hargrave 2017-10-02 14:03:56 
TT 686 101.5  49.0 135.0  75.1 4.71E-07 013.9 172.3  03.5 0.003224 0.002926 0.011376 hargrave 2017-10-02 16:16:19 
TT 686 103.1  48.7 137.5  74.3 4.82E-07 015.8 173.3  03.2 0.002615 0.003358 0.013234 hargrave 2017-10-02 17:41:32 
TT 688 238.3 -12.1 231.2 -38.7 9.19E-07 007.9 304.0  14.9 0.002805 0.003430 0.012667 hargrave 2017-10-03 17:02:02 
TT 688 239.3 -11.6 232.5 -38.5 9.20E-07 009.0 304.5  15.9 0.004380 0.004301 0.013860 hargrave 2017-10-05 08:17:48 
TT 688 238.6 -11.6 231.7 -38.3 9.21E-07 008.9 304.0  15.5 0.003833 0.004738 0.014159 hargrave 2017-10-05 10:18:56 
