TR032 -La mag compass orientation (IGRF corrected)
    9.5  39.3  59.0  11.0  14.1   1.0
NRM    007.6  27.6 015.0  27.6 9.23E-06 002.6 101.8  39.6 0.035680 0.014118 0.019478 hargrave 2018-05-11 14:56:35 
TT 100 009.0  23.7 015.2  23.5 7.97E-06 002.0 097.7  37.1 0.021620 0.013554 0.013356 hargrave 2018-05-14 13:40:26 
TT 200 010.6  23.1 016.6  22.4 7.71E-06 002.6 097.7  35.5 0.030550 0.011355 0.013103 hargrave 2018-05-15 11:36:54 
TT 300 011.9  20.2 016.9  19.3 7.41E-06 002.0 095.0  33.3 0.017191 0.014319 0.013599 hargrave 2018-05-16 10:12:38 
TT 350 011.9  18.4 016.5  17.6 7.14E-06 002.2 093.1  32.4 0.021535 0.011393 0.014919 hargrave 2018-05-16 18:00:03 
TT 400 012.6  17.8 017.0  16.8 7.00E-06 002.5 092.7  31.6 0.026503 0.011174 0.012550 hargrave 2018-05-18 11:03:48 
TT 450 013.0  15.0 016.7  14.1 6.71E-06 002.4 090.1  30.0 0.021506 0.010658 0.015606 hargrave 2018-05-18 17:22:24 
TT 475 012.2  13.4 015.5  12.7 6.51E-06 002.8 088.0  29.9 0.026667 0.011392 0.014234 hargrave 2018-05-21 15:34:10 
TT 500 014.2  13.5 017.4  12.3 6.19E-06 003.1 089.1  28.3 0.030033 0.011708 0.013787 hargrave 2018-07-31 10:19:45 
TT 525 016.5  11.4 019.1  09.7 5.93E-06 004.0 088.3  25.3 0.028746 0.013091 0.029726 hargrave 2018-07-31 17:01:47 
TT 550 016.2  10.6 018.6  09.0 5.56E-06 003.1 087.4  25.1 0.021069 0.011715 0.021780 hargrave 2018-08-01 15:06:14 
TT 555 018.9  09.6 021.0  07.4 5.40E-06 004.9 087.9  22.3 0.031632 0.008821 0.036282 hargrave 2018-08-02 12:14:54 
TT 560 016.6  07.9 018.3  06.3 5.30E-06 003.5 085.1  23.5 0.030200 0.009708 0.011528 hargrave 2018-08-03 15:24:56 
TT 565 016.4  06.5 017.8  05.0 5.24E-06 003.2 083.6  22.9 0.022705 0.011386 0.016532 hargrave 2018-08-13 13:42:41 
TT 570 017.2  05.4 018.3  03.7 5.18E-06 002.4 083.0  21.7 0.012101 0.009211 0.018267 hargrave 2018-08-14 10:33:23 
TT 575 017.8  04.3 018.6  02.5 5.03E-06 002.3 082.4  20.6 0.008087 0.009399 0.018409 hargrave 2018-08-14 17:21:03 
TT 580 018.9  03.7 019.5  01.7 4.92E-06 003.8 082.4  19.4 0.025890 0.011600 0.018198 hargrave 2018-08-15 13:56:41 
TT 600 021.8  01.6 021.9 -01.1 4.83E-06 003.1 082.2  15.8 0.016081 0.008565 0.020568 hargrave 2018-08-16 10:23:28 
TT 620 026.3 -00.8 025.7 -04.4 4.34E-06 003.5 082.5  10.7 0.011796 0.012350 0.026206 hargrave 2018-08-16 17:17:31 
TT 630 028.5  01.5 028.4 -02.7 4.42E-06 005.6 085.7  10.0 0.030041 0.027738 0.037572 hargrave 2018-08-17 15:25:36 
TT 640 047.7  06.5 048.2 -02.0 2.41E-06 005.5 099.9 -03.8 0.006517 0.038130 0.017059 hargrave 2018-08-28 16:59:34 
TT 645 115.3 -22.9 117.4 -36.5 1.44E-05 074.0 119.5 -75.1 0.180904 0.185735 2.458256 hargrave 2018-09-10 15:52:28 
TT 645 112.7 -19.1 114.2 -32.8 1.15E-05 013.3 124.6 -70.8 0.062503 0.044725 0.626161 hargrave 2018-09-10 17:25:50 
TT 645 120.0 -21.0 122.6 -34.2 1.63E-05 005.0 138.0 -77.0 0.070284 0.056292 0.518585 hargrave 2018-09-10 18:09:07 
TT 650 119.0 -23.3 121.7 -36.6 8.79E-06 028.6 127.5 -78.0 0.081273 0.151703 0.703185 hargrave 2018-09-11 17:43:34 
TT 650 017.1  09.6 019.2  07.8 2.98E-06 080.0 086.9  23.9 0.137202 0.197243 1.854260 hargrave 2018-09-12 10:09:20 
TT 650 331.0  28.0 338.1  36.4 1.19E-05 001.6 086.3  70.9 0.022757 0.036252 0.091812 hargrave 2018-09-12 10:59:10 
TT 655 025.7  26.7 031.8  22.4 4.11E-06 020.0 107.7  24.3 0.019744 0.099823 0.174987 hargrave 2018-09-12 18:13:56 
TT 655 035.7  09.1 037.1  03.0 4.67E-06 002.8 096.0  07.7 0.013450 0.060531 0.021955 hargrave 2018-09-20 10:54:56 
TT 660 177.2  57.3 158.8  51.7 1.56E-06 030.4 203.8  07.1 0.010866 0.088091 0.029045 hargrave 2018-09-20 17:41:19 
TT 660 208.4  32.4 199.1  35.5 1.71E-06 010.1 236.9  08.0 0.005910 0.019601 0.026932 hargrave 2018-09-21 09:21:48 
TT 660 209.8  34.1 199.9  37.5 1.72E-06 011.9 236.0  09.9 0.004972 0.023229 0.030927 hargrave 2018-09-21 09:33:27 
TT 665 051.5  11.0 052.6  01.7 4.52E-06 005.5 105.7 -04.5 0.021061 0.092720 0.033272 hargrave 2018-09-21 16:20:42 
TT 670 165.6  15.1 162.9  08.7 2.83E-06 017.8 222.5 -32.2 0.004059 0.112003 0.029719 hargrave 2018-09-24 17:33:23 
TT 670 173.5  11.4 171.3  06.9 2.90E-06 002.6 232.1 -30.1 0.016064 0.027465 0.030542 hargrave 2018-09-24 18:43:05 
TT 672 077.4  27.8 079.5  14.8 4.43E-06 013.7 134.4 -13.1 0.007153 0.129472 0.032575 hargrave 2018-09-25 15:58:40 
TT 672 080.7  29.8 082.7  16.4 3.98E-06 008.0 137.9 -13.7 0.009903 0.032518 0.045636 hargrave 2018-09-25 17:03:43 
TT 674 200.5  23.5 194.1  25.1 4.78E-06 011.7 240.3 -02.7 0.029286 0.137226 0.030178 hargrave 2018-09-26 12:18:32 
TT 674 201.3  23.5 194.9  25.2 4.89E-06 005.3 240.8 -02.1 0.008013 0.062780 0.032653 hargrave 2018-09-26 13:46:24 
TT 676 009.7  81.1 068.1  73.6 1.82E-06 029.0 170.6  35.0 0.012519 0.096090 0.034787 hargrave 2018-10-04 12:14:22 
TT 676 040.0  79.1 074.3  68.5 1.83E-06 016.5 167.4  30.2 0.015323 0.037024 0.039114 hargrave 2018-10-04 13:14:48 
TT 676 038.0  75.8 068.6  65.9 1.81E-06 018.3 163.5  30.3 0.016050 0.045459 0.039409 hargrave 2018-10-04 13:36:42 
TT 678 213.2  01.5 212.2  06.8 5.46E-06 005.9 265.5 -04.5 0.049370 0.082267 0.007272 hargrave 2018-10-05 09:58:13 
TT 680 028.5  19.9 032.8  15.2 4.62E-06 021.9 102.3  19.0 0.073240 0.315865 0.019186 hargrave 2018-10-09 12:13:01 
TT 680 017.1  21.3 022.3  19.1 3.22E-06 006.6 098.6  29.2 0.006762 0.079154 0.012841 hargrave 2018-10-09 14:07:33 
TT 682 183.0  26.2 176.6  23.4 5.89E-06 010.3 228.0 -13.2 0.036464 0.110725 0.027069 hargrave 2018-10-11 12:02:25 
TT 682 186.0  25.4 179.6  23.4 5.70E-06 006.5 230.4 -11.8 0.019055 0.073443 0.020760 hargrave 2018-10-11 13:08:52 
TT 684 058.9  25.8 062.3  15.1 5.03E-06 007.3 121.9 -02.0 0.015173 0.122654 0.022191 hargrave 2018-10-12 10:09:29 
TT 686 199.0  13.0 195.6  14.5 4.43E-06 007.1 248.2 -10.0 0.011629 0.107441 0.014903 hargrave 2018-10-12 18:22:23 
TT 688 030.2  04.3 030.6 -00.4 5.80E-06 007.7 089.0  10.1 0.052626 0.120771 0.076796 hargrave 2018-10-19 17:46:15 
TT 690 155.1  10.6 153.8  02.1 5.00E-06 014.7 214.9 -41.6 0.030756 0.120125 0.046516 hargrave 2018-10-20 16:55:59 
