TR032 -Ca mag compass orientation (IGRF corrected)
   7.96  96.3  60.0  11.0  14.1   1.0
NRM    101.0  34.4 101.0  20.3 4.30E-05 002.2 122.4  12.9 0.136507 0.091558 0.067108 hargrave 2018-05-11 14:45:40 
TT 100 103.7  32.9 103.4  18.8 4.29E-05 001.2 122.2  10.2 0.060444 0.069026 0.053177 hargrave 2018-05-14 13:29:28 
TT 200 104.8  32.7 104.3  18.6 4.27E-05 002.5 122.5  09.4 0.156384 0.100636 0.060322 hargrave 2018-05-15 11:24:56 
TT 300 105.6  32.3 105.1  18.3 4.27E-05 001.5 122.5  08.6 0.083788 0.076789 0.057840 hargrave 2018-05-16 10:00:25 
TT 350 105.6  31.3 105.1  17.3 4.25E-05 002.1 121.6  08.1 0.132779 0.097784 0.058792 hargrave 2018-05-16 17:47:35 
TT 400 107.1  32.4 106.4  18.4 4.25E-05 002.0 123.2  07.6 0.122990 0.092071 0.053849 hargrave 2018-05-18 10:52:40 
TT 450 107.1  31.2 106.4  17.2 4.21E-05 001.7 122.2  06.9 0.098271 0.072142 0.064900 hargrave 2018-05-18 17:11:20 
TT 475 106.9  30.3 106.3  16.3 4.18E-05 001.2 121.4  06.6 0.054330 0.072377 0.055942 hargrave 2018-05-21 15:22:20 
TT 500 107.6  30.5 106.9  16.5 4.17E-05 002.6 121.8  06.2 0.156576 0.116980 0.043708 hargrave 2018-07-31 10:07:43 
TT 525 109.5  30.6 108.6  16.6 4.14E-05 002.5 122.7  04.9 0.142739 0.107360 0.053205 hargrave 2018-07-31 16:48:55 
TT 550 107.9  29.0 107.2  15.0 4.10E-05 002.6 120.7  05.2 0.156189 0.104043 0.043765 hargrave 2018-08-01 14:54:29 
TT 555 109.0  29.6 108.2  15.6 4.08E-05 001.3 121.7  04.7 0.057141 0.074483 0.054613 hargrave 2018-08-02 12:03:05 
TT 560 110.0  30.2 109.1  16.3 4.04E-05 002.0 122.7  04.3 0.074709 0.083265 0.105604 hargrave 2018-08-03 15:12:19 
TT 565 108.9  29.5 108.2  15.5 4.04E-05 001.4 121.5  04.6 0.067438 0.062765 0.058125 hargrave 2018-08-13 13:30:58 
TT 570 109.6  29.7 108.7  15.7 4.02E-05 003.0 122.0  04.3 0.178514 0.115749 0.048571 hargrave 2018-08-14 10:21:38 
TT 575 110.1  29.7 109.2  15.8 4.00E-05 002.2 122.3  03.9 0.126850 0.086208 0.050259 hargrave 2018-08-14 17:09:14 
TT 580 109.9  29.2 109.0  15.2 3.97E-05 002.3 121.7  03.8 0.133745 0.081053 0.051852 hargrave 2018-08-15 13:43:56 
TT 600 110.5  29.0 109.6  15.0 3.98E-05 002.1 121.9  03.2 0.119251 0.081908 0.043429 hargrave 2018-08-16 10:11:38 
TT 620 112.7  30.8 111.5  16.9 3.96E-05 002.2 124.4  02.6 0.115803 0.088953 0.046054 hargrave 2018-08-16 17:04:45 
TT 630 112.4  30.1 111.3  16.2 3.96E-05 001.7 123.7  02.4 0.087782 0.078433 0.043870 hargrave 2018-08-17 15:13:49 
TT 640 111.7  28.2 110.7  14.4 3.97E-05 001.6 121.8  01.9 0.082444 0.091360 0.050246 hargrave 2018-08-28 16:47:32 
TT 645 115.3  29.7 113.9  16.0 3.90E-05 002.3 124.8  00.2 0.111261 0.124160 0.065796 hargrave 2018-09-10 15:39:57 
TT 650 114.0  27.5 112.9  13.8 3.88E-05 001.6 122.4 -00.1 0.077317 0.095422 0.069975 hargrave 2018-09-11 17:31:55 
TT 655 114.8  28.4 113.6  14.7 3.87E-05 002.3 123.5 -00.2 0.107886 0.122484 0.065300 hargrave 2018-09-12 18:02:56 
TT 660 115.3  27.9 114.0  14.2 3.83E-05 002.4 123.3 -00.9 0.129873 0.105012 0.082013 hargrave 2018-09-20 17:30:26 
TT 665 115.5  27.2 114.2  13.5 3.84E-05 001.6 122.9 -01.4 0.083371 0.074334 0.067322 hargrave 2018-09-21 16:09:43 
TT 670 113.8  27.2 112.7  13.4 3.77E-05 001.3 121.9 -00.2 0.068370 0.041640 0.063201 hargrave 2018-09-24 17:22:23 
TT 672 114.5  27.9 113.3  14.1 3.76E-05 002.5 122.9 -00.3 0.123070 0.110899 0.054161 hargrave 2018-09-25 15:47:01 
TT 674 114.5  27.4 113.4  13.6 3.68E-05 002.8 122.5 -00.6 0.142393 0.113261 0.053729 hargrave 2018-09-26 12:06:47 
TT 676 115.4  26.9 114.2  13.2 3.65E-05 001.2 122.6 -01.5 0.039631 0.041773 0.064192 hargrave 2018-10-04 12:02:25 
TT 678 115.5  27.2 114.3  13.5 3.36E-05 001.4 122.9 -01.4 0.043099 0.068753 0.048524 hargrave 2018-10-05 09:47:05 
TT 680 115.5  24.8 114.4  11.1 2.92E-05 002.9 120.9 -02.8 0.097075 0.051155 0.109775 hargrave 2018-10-09 12:00:57 
TT 682 115.0  25.3 113.9  11.5 1.70E-05 002.9 121.0 -02.1 0.049886 0.054837 0.062150 hargrave 2018-10-11 11:51:06 
TT 684 124.3  23.9 122.6  10.8 8.74E-06 003.2 125.0 -09.8 0.027421 0.025662 0.034983 hargrave 2018-10-12 09:58:12 
TT 686 116.3  21.3 115.3  07.7 2.64E-06 003.2 118.4 -05.4 0.006911 0.009555 0.010815 hargrave 2018-10-12 18:10:59 
TT 688 102.5  56.6 102.1  42.5 1.82E-06 002.3 144.0  21.4 0.005970 0.004517 0.006131 hargrave 2018-10-19 17:36:12 
TT 690 020.4 -64.2 351.7 -62.9 4.48E-07 045.9 006.1 -04.8 0.047571 0.005208 0.003084 hargrave 2018-10-20 16:42:27 
