TR032 -Ha mag compass orientation (IGRF corrected)
   8.79  62.3  71.0  11.0  14.1   1.0
NRM    282.4 -31.6 282.2 -17.5 2.00E-05 002.7 316.0  20.4 0.065718 0.075945 0.030461 hargrave 2018-05-11 14:51:03 
TT 100 277.8 -33.4 278.2 -19.3 1.99E-05 004.7 315.0  16.2 0.110652 0.125516 0.030400 hargrave 2018-05-14 13:34:51 
TT 200 277.9 -36.0 278.3 -21.9 1.99E-05 002.9 317.1  14.7 0.071197 0.075800 0.033637 hargrave 2018-05-15 11:31:15 
TT 300 276.2 -36.2 276.9 -22.2 2.00E-05 003.3 316.5  13.5 0.079863 0.090097 0.030247 hargrave 2018-05-16 10:07:04 
TT 350 274.6 -35.6 275.4 -21.6 2.00E-05 002.2 315.2  12.8 0.060298 0.056277 0.035705 hargrave 2018-05-16 17:54:33 
TT 400 274.7 -37.1 275.5 -23.1 2.00E-05 003.0 316.5  12.0 0.076358 0.079637 0.029962 hargrave 2018-05-18 10:58:14 
TT 450 273.8 -37.1 274.7 -23.1 2.01E-05 002.7 316.1  11.3 0.071072 0.074309 0.032535 hargrave 2018-05-18 17:16:49 
TT 475 273.6 -37.6 274.6 -23.6 2.00E-05 003.1 316.4  11.0 0.073748 0.085273 0.032383 hargrave 2018-05-21 15:28:37 
TT 500 271.7 -37.0 272.9 -23.0 1.99E-05 003.2 315.0  10.1 0.085675 0.076848 0.039712 hargrave 2018-07-31 10:13:36 
TT 525 270.9 -38.2 272.3 -24.3 1.98E-05 004.4 315.7  08.9 0.099913 0.103822 0.075047 hargrave 2018-07-31 16:55:31 
TT 550 272.1 -38.5 273.3 -24.6 1.98E-05 003.5 316.5  09.5 0.087083 0.086682 0.047584 hargrave 2018-08-01 15:00:16 
TT 555 271.3 -38.1 272.6 -24.2 1.98E-05 002.9 315.8  09.2 0.075121 0.076931 0.033798 hargrave 2018-08-02 12:08:52 
TT 560 270.9 -38.0 272.3 -24.1 1.96E-05 004.2 315.5  08.9 0.099855 0.103949 0.047377 hargrave 2018-08-03 15:18:55 
TT 565 271.5 -39.7 272.9 -25.8 1.99E-05 003.9 317.3  08.4 0.087989 0.106922 0.035479 hargrave 2018-08-13 13:36:44 
TT 570 270.5 -39.2 272.0 -25.3 1.97E-05 004.0 316.4  08.1 0.090573 0.103261 0.051197 hargrave 2018-08-14 10:27:27 
TT 575 270.2 -39.1 271.7 -25.2 1.96E-05 003.7 316.1  07.9 0.087580 0.090644 0.050512 hargrave 2018-08-14 17:15:01 
TT 580 270.9 -39.9 272.4 -26.0 1.96E-05 003.7 317.2  07.9 0.089019 0.089711 0.051272 hargrave 2018-08-15 13:50:37 
TT 600 270.4 -39.8 271.9 -25.9 1.95E-05 003.2 316.9  07.7 0.078291 0.072988 0.050388 hargrave 2018-08-16 10:17:29 
TT 620 270.0 -40.6 271.7 -26.7 1.93E-05 003.6 317.4  07.0 0.087248 0.088939 0.048072 hargrave 2018-08-16 17:11:27 
TT 630 268.5 -40.3 270.4 -26.5 1.93E-05 004.2 316.5  06.2 0.096295 0.106476 0.045461 hargrave 2018-08-17 15:19:39 
TT 640 267.7 -39.9 269.7 -26.1 1.91E-05 002.8 315.8  05.9 0.058939 0.067880 0.037460 hargrave 2018-08-28 16:53:31 
TT 645 268.2 -40.3 270.1 -26.5 1.86E-05 003.5 316.4  06.0 0.056344 0.075757 0.075300 hargrave 2018-09-10 15:46:32 
TT 650 268.8 -39.4 270.6 -25.6 1.85E-05 003.4 315.9  06.9 0.066052 0.084996 0.044962 hargrave 2018-09-11 17:37:41 
TT 655 266.9 -38.5 268.9 -24.8 1.83E-05 003.3 314.3  06.0 0.043311 0.058083 0.085223 hargrave 2018-09-12 18:08:21 
TT 660 268.7 -42.4 270.7 -28.5 1.82E-05 004.1 318.4  05.2 0.075824 0.102202 0.048008 hargrave 2018-09-20 17:35:48 
TT 665 268.3 -41.3 270.3 -27.5 1.81E-05 004.7 317.3  05.6 0.090474 0.114827 0.042304 hargrave 2018-09-21 16:15:07 
TT 670 262.4 -37.6 264.9 -24.1 1.81E-05 003.6 311.8  03.4 0.069897 0.082900 0.046790 hargrave 2018-09-24 17:27:49 
TT 672 263.9 -41.8 266.6 -28.2 1.78E-05 003.0 316.0  02.4 0.047754 0.069973 0.049181 hargrave 2018-09-25 15:52:45 
TT 674 261.9 -40.9 264.9 -27.5 1.80E-05 003.4 314.6  01.5 0.059700 0.079174 0.053850 hargrave 2018-09-26 12:12:36 
TT 676 263.4 -39.7 266.0 -26.2 1.74E-05 002.0 314.0  03.1 0.034195 0.049152 0.029210 hargrave 2018-10-04 12:08:16 
TT 678 262.7 -40.8 265.5 -27.3 1.72E-05 002.1 314.8  02.1 0.028236 0.048731 0.046827 hargrave 2018-10-05 09:52:37 
TT 680 261.8 -39.1 264.5 -25.7 1.65E-05 003.2 313.0  02.2 0.078174 0.044538 0.048796 hargrave 2018-10-09 12:06:57 
TT 682 256.8 -43.1 260.8 -30.0 1.43E-05 003.0 315.0 -02.8 0.038801 0.041657 0.056355 hargrave 2018-10-11 11:56:37 
TT 684 252.2 -39.0 256.3 -26.4 5.24E-06 003.0 309.8 -04.5 0.017764 0.011059 0.020028 hargrave 2018-10-12 10:03:44 
TT 686 244.2 -44.6 250.5 -32.8 4.67E-06 002.6 313.3 -11.9 0.012619 0.011016 0.016042 hargrave 2018-10-12 18:16:34 
TT 688 258.3 -42.5 262.0 -29.3 3.26E-06 009.3 314.9 -01.6 0.007770 0.005894 0.052986 hargrave 2018-10-19 17:41:33 
TT 688 256.5 -42.4 260.4 -29.4 3.31E-06 006.0 314.2 -02.8 0.005203 0.008349 0.034156 hargrave 2018-10-20 10:45:13 
TT 690 135.2 -37.8 143.5 -48.9 1.81E-06 016.6 034.9 -66.0 0.006848 0.011680 0.089886 hargrave 2018-10-20 16:49:09 
