TR032 -Ba mag compass orientation (IGRF corrected)
   7.81  96.3  73.0  11.0  14.1   1.0
NRM    150.8  21.5 147.6  12.1 2.73E-05 003.7 136.7 -38.1 0.117285 0.129472 0.046705 hargrave 2018-05-11 14:44:09 
TT 100 152.2  19.8 149.2  10.7 2.82E-05 003.6 136.3 -40.2 0.135475 0.116885 0.035659 hargrave 2018-05-14 13:28:00 
TT 200 153.0  19.5 150.0  10.5 2.85E-05 003.1 136.7 -41.0 0.109748 0.102559 0.038131 hargrave 2018-05-15 11:23:28 
TT 300 153.8  18.6 151.0  09.8 2.87E-05 002.9 136.6 -42.1 0.103074 0.099355 0.039526 hargrave 2018-05-16 09:58:55 
TT 350 153.9  17.8 151.3  09.0 2.88E-05 003.1 135.9 -42.8 0.113098 0.107516 0.039430 hargrave 2018-05-16 17:46:08 
TT 400 153.6  17.0 151.1  08.2 2.90E-05 002.6 134.9 -43.1 0.103925 0.083278 0.038932 hargrave 2018-05-18 10:51:11 
TT 450 154.6  17.4 152.0  08.7 2.91E-05 002.5 136.2 -43.5 0.099235 0.080396 0.041479 hargrave 2018-05-18 17:09:52 
TT 475 154.4  16.9 151.9  08.2 2.92E-05 002.1 135.5 -43.8 0.091017 0.056362 0.039182 hargrave 2018-05-21 15:20:53 
TT 500 155.0  16.7 152.5  08.1 2.94E-05 003.9 135.9 -44.3 0.175542 0.101779 0.047929 hargrave 2018-07-31 10:06:04 
TT 525 155.1  15.8 152.7  07.3 2.96E-05 004.1 135.1 -45.0 0.175846 0.112493 0.057689 hargrave 2018-07-31 16:47:18 
TT 550 155.3  15.1 153.2  06.6 2.98E-05 004.2 134.6 -45.7 0.190779 0.117668 0.048649 hargrave 2018-08-01 14:52:55 
TT 555 155.2  15.4 152.9  06.9 2.95E-05 003.4 134.8 -45.4 0.141002 0.109551 0.035395 hargrave 2018-08-02 12:01:27 
TT 560 156.0  15.8 153.7  07.4 2.96E-05 003.3 136.0 -45.7 0.152938 0.088823 0.043658 hargrave 2018-08-03 15:10:46 
TT 565 155.6  15.8 153.2  07.4 2.92E-05 003.1 135.6 -45.3 0.135780 0.082691 0.030185 hargrave 2018-08-13 13:29:24 
TT 570 155.7  15.3 153.4  06.9 2.94E-05 003.7 135.2 -45.8 0.160632 0.101214 0.039083 hargrave 2018-08-14 10:20:05 
TT 575 155.8  15.7 153.5  07.3 2.93E-05 004.4 135.7 -45.6 0.189607 0.120354 0.037982 hargrave 2018-08-14 17:07:39 
TT 580 155.7  15.5 153.4  07.1 2.95E-05 004.5 135.4 -45.7 0.195603 0.123737 0.038389 hargrave 2018-08-15 13:42:22 
TT 600 155.6  15.0 153.4  06.6 2.95E-05 003.5 134.8 -46.0 0.154840 0.094024 0.029388 hargrave 2018-08-16 10:10:04 
TT 620 156.3  14.3 154.2  06.0 2.91E-05 004.0 134.8 -46.9 0.170974 0.109624 0.031199 hargrave 2018-08-16 17:03:12 
TT 630 155.9  13.4 154.0  05.0 2.93E-05 003.5 133.4 -47.3 0.150331 0.097026 0.026065 hargrave 2018-08-17 15:12:15 
TT 640 156.3  13.2 154.4  04.9 2.92E-05 004.5 133.7 -47.7 0.187258 0.132661 0.027600 hargrave 2018-08-28 16:45:50 
TT 645 160.8  12.3 158.9  05.0 3.11E-05 004.4 137.6 -51.4 0.198504 0.119355 0.239187 hargrave 2018-09-10 15:38:24 
TT 650 143.7  23.4 140.7  12.8 2.08E-05 027.3 132.9 -32.0 0.064013 0.057961 1.185208 hargrave 2018-09-11 17:30:20 
TT 650 162.9  09.6 161.5  02.8 3.16E-05 004.7 137.3 -54.7 0.104906 0.063414 0.371570 hargrave 2018-09-12 10:03:15 
TT 655 168.3 -00.9 169.2 -06.3 2.38E-05 062.4 130.4 -66.1 0.670185 0.785548 2.331689 hargrave 2018-09-12 18:01:22 
TT 655 158.8  10.4 157.5  02.7 3.26E-05 003.5 133.3 -51.4 0.113140 0.148498 0.096697 hargrave 2018-09-20 10:48:57 
TT 660 160.4  12.2 158.6  04.8 2.80E-05 004.6 137.1 -51.2 0.129267 0.173768 0.082695 hargrave 2018-09-20 17:28:55 
TT 665 157.4  11.7 155.8  03.7 2.96E-05 004.3 133.2 -49.5 0.140932 0.167437 0.072879 hargrave 2018-09-21 16:08:16 
TT 670 160.1  12.4 158.3  04.9 2.69E-05 005.0 136.9 -50.9 0.168409 0.160977 0.036518 hargrave 2018-09-24 17:20:55 
TT 672 154.7  12.9 153.0  04.4 2.81E-05 004.3 131.7 -46.8 0.148943 0.151934 0.038694 hargrave 2018-09-25 15:45:28 
TT 674 159.0  14.6 156.7  06.8 2.59E-05 004.9 137.9 -48.5 0.156975 0.161507 0.031892 hargrave 2018-09-26 12:05:14 
TT 676 157.6  13.1 155.7  05.1 2.43E-05 003.7 134.9 -48.7 0.104005 0.113568 0.039555 hargrave 2018-10-04 12:00:52 
TT 678 159.7  11.3 158.1  03.8 2.09E-05 003.4 135.3 -51.4 0.080095 0.095973 0.032299 hargrave 2018-10-05 09:45:37 
TT 680 155.8  14.0 153.8  05.6 1.55E-05 006.9 134.0 -46.8 0.050462 0.192353 0.039238 hargrave 2018-10-09 11:59:22 
TT 682 170.7  20.2 166.6  14.8 7.43E-06 005.3 157.1 -49.8 0.026694 0.065524 0.020858 hargrave 2018-10-11 11:49:34 
TT 684 147.8  10.0 146.9  00.2 4.40E-06 007.3 122.5 -43.3 0.017964 0.057370 0.017546 hargrave 2018-10-12 09:56:38 
TT 686 127.6  53.1 121.6  40.1 1.70E-06 016.2 149.1 -03.7 0.008071 0.058236 0.008815 hargrave 2018-10-12 18:09:32 
TT 686 194.0  10.0 191.4  10.4 3.12E-06 048.3 196.3 -61.9 0.025742 0.034285 0.339437 hargrave 2018-10-19 10:32:31 
TT 686 001.9  16.6 006.3  18.3 8.75E-06 055.5 275.1  85.7 0.140311 0.053678 0.974861 hargrave 2018-10-19 11:27:23 
TT 688 135.6  09.0 135.2 -02.7 1.98E-06 022.2 113.5 -33.6 0.014607 0.034166 0.072427 hargrave 2018-10-19 17:34:57 
TT 688 139.2  07.3 138.9 -03.8 1.44E-06 030.9 113.7 -37.5 0.011748 0.038019 0.079520 hargrave 2018-10-20 10:38:44 
TT 690 279.0 -20.7 279.1 -06.6 2.46E-06 007.2 290.5 -03.5 0.010695 0.049573 0.027304 hargrave 2018-10-20 16:40:31 
