TR032 -Aa mag compass orientation (IGRF corrected)
   7.65  82.3  58.0  11.0  14.1   1.0
NRM    219.3  02.6 218.0  09.1 5.09E-05 001.8 241.3 -33.7 0.112631 0.104596 0.079037 hargrave 2018-05-11 14:40:40 
TT 100 219.0  00.8 218.1  07.3 5.17E-05 001.3 242.8 -35.1 0.074068 0.092163 0.056441 hargrave 2018-05-14 13:24:27 
TT 200 218.1  01.0 217.1  07.4 5.21E-05 001.4 241.8 -35.6 0.081759 0.103404 0.051550 hargrave 2018-05-15 11:19:57 
TT 300 217.8  00.1 217.1  06.4 5.26E-05 001.2 242.4 -36.4 0.042091 0.107511 0.055848 hargrave 2018-05-16 09:55:21 
TT 350 216.9  00.5 216.1  06.6 5.29E-05 001.3 241.3 -36.8 0.061916 0.111582 0.058372 hargrave 2018-05-16 17:42:37 
TT 400 217.3 -00.6 216.7  05.6 5.29E-05 001.2 242.6 -37.3 0.047545 0.112743 0.053022 hargrave 2018-05-18 10:47:40 
TT 450 217.6 -02.0 217.3  04.3 5.31E-05 001.3 244.2 -37.9 0.052257 0.112720 0.058062 hargrave 2018-05-18 17:05:32 
TT 475 216.3 -01.1 215.9  05.0 5.29E-05 001.4 242.3 -38.3 0.050355 0.117491 0.059099 hargrave 2018-05-21 15:16:38 
TT 500 217.0 -01.7 216.7  04.4 5.26E-05 001.1 243.5 -38.2 0.039316 0.095667 0.055800 hargrave 2018-07-31 10:02:17 
TT 525 217.1 -02.1 216.9  04.1 5.26E-05 001.1 243.9 -38.3 0.042561 0.100575 0.047543 hargrave 2018-07-31 16:43:38 
TT 550 216.3 -02.2 216.1  03.9 5.31E-05 001.1 243.3 -39.0 0.044221 0.104067 0.060148 hargrave 2018-08-01 14:49:10 
TT 555 215.6 -01.5 215.3  04.3 5.31E-05 001.5 242.1 -39.1 0.104968 0.092643 0.069079 hargrave 2018-08-02 11:57:42 
TT 560 215.9 -01.7 215.6  04.2 5.30E-05 001.5 242.6 -39.1 0.096139 0.108507 0.041729 hargrave 2018-08-03 15:07:06 
TT 565 215.9 -02.5 215.8  03.4 5.29E-05 001.3 243.4 -39.6 0.053903 0.093889 0.077156 hargrave 2018-08-13 13:25:41 
TT 570 215.3 -02.1 215.2  03.7 5.30E-05 001.3 242.5 -39.7 0.050781 0.090759 0.064793 hargrave 2018-08-14 10:16:17 
TT 575 214.5 -01.3 214.1  04.3 5.29E-05 001.3 240.9 -39.9 0.047331 0.100263 0.065365 hargrave 2018-08-14 17:03:54 
TT 580 214.5 -01.7 214.2  03.9 5.28E-05 001.4 241.3 -40.1 0.053417 0.103920 0.066446 hargrave 2018-08-15 13:37:48 
TT 600 214.4 -02.3 214.3  03.3 5.29E-05 001.8 241.8 -40.5 0.112296 0.106847 0.057486 hargrave 2018-08-16 10:05:31 
TT 620 214.3 -02.5 214.2  03.1 5.23E-05 001.1 242.0 -40.8 0.038918 0.084185 0.061958 hargrave 2018-08-16 16:59:28 
TT 630 214.6 -04.0 214.9  01.7 5.16E-05 001.3 243.7 -41.5 0.072366 0.081249 0.062687 hargrave 2018-08-17 15:07:44 
TT 640 213.5 -03.2 213.6  02.3 5.18E-05 001.1 241.9 -41.8 0.035465 0.087176 0.059857 hargrave 2018-08-28 16:42:09 
TT 645 213.8 -01.0 213.4  04.5 4.92E-05 001.4 240.0 -40.1 0.077071 0.153070 0.049907 hargrave 2018-09-10 15:33:41 
TT 650 215.3 -00.0 214.6  05.7 4.99E-05 002.0 240.4 -38.4 0.126662 0.148175 0.059573 hargrave 2018-09-11 17:26:42 
TT 655 199.8 -11.6 202.4 -09.1 7.71E-05 013.9 237.3 -57.5 0.524864 0.429288 3.804883 hargrave 2018-09-12 17:57:08 
TT 655 202.0 -12.6 204.7 -09.6 7.09E-05 001.4 241.4 -56.6 0.130512 0.142610 0.102960 hargrave 2018-09-20 10:47:13 
TT 660 216.9 -02.2 216.7  04.0 5.08E-05 002.5 243.8 -38.6 0.190126 0.144691 0.044437 hargrave 2018-09-20 17:25:27 
TT 665 210.3 -01.0 209.9  03.7 4.85E-05 001.6 236.7 -42.7 0.130286 0.097554 0.034071 hargrave 2018-09-21 16:04:48 
TT 670 219.1 -04.4 219.3  02.3 4.70E-05 001.8 247.8 -38.3 0.128363 0.121728 0.066776 hargrave 2018-09-24 17:17:25 
TT 672 208.1 -02.5 208.2  01.7 4.23E-05 001.8 236.0 -45.2 0.082400 0.114705 0.039876 hargrave 2018-09-25 15:41:47 
TT 674 210.4 -00.7 210.0  03.9 4.12E-05 001.8 236.7 -42.4 0.060143 0.171111 0.047757 hargrave 2018-09-26 12:01:32 
TT 676 213.3 -03.0 213.4  02.4 3.19E-05 001.1 241.6 -41.8 0.061446 0.066910 0.059866 hargrave 2018-10-04 11:57:08 
TT 678 217.1  02.2 215.9  08.3 2.72E-05 001.5 239.9 -35.5 0.030658 0.059772 0.037442 hargrave 2018-10-05 09:42:06 
TT 680 197.7  06.8 195.9  08.3 1.17E-05 021.2 216.5 -44.2 0.123565 0.431260 0.075432 hargrave 2018-10-09 11:56:30 
TT 680 208.4  03.3 207.2  07.3 1.18E-05 003.1 231.1 -40.8 0.034277 0.077096 0.030740 hargrave 2018-10-09 13:57:08 
TT 682 216.3  09.2 213.6  15.0 1.39E-05 006.2 233.3 -31.1 0.054024 0.146271 0.047688 hargrave 2018-10-11 11:46:46 
TT 684 130.4  17.0 129.1  04.6 7.66E-06 006.2 134.4 -26.6 0.095874 0.137840 0.029773 hargrave 2018-10-12 09:53:51 
TT 686 220.7  24.7 214.0  31.0 6.29E-06 012.2 225.2 -16.9 0.020915 0.165974 0.027549 hargrave 2018-10-12 18:05:53 
TT 686 316.9  33.8 324.3  44.8 1.27E-05 083.9 256.7  60.4 3.346838 0.528932 12.88470 hargrave 2018-10-19 10:31:03 
TT 686 194.8 -00.9 194.9  00.0 1.96E-05 083.6 218.8 -52.4 3.588772 0.649925 13.76227 hargrave 2018-10-19 11:25:09 
TT 688 168.8 -16.8 173.4 -21.7 8.58E-05 004.5 167.2 -74.5 1.282951 0.385731 4.980007 hargrave 2018-10-19 17:31:16 
TT 690 212.6  00.6 211.8  05.7 4.19E-06 070.9 237.4 -39.9 0.186143 0.289599 0.290584 hargrave 2018-10-20 16:38:10 
