TR032 -Ea mag compass orientation (IGRF corrected)
   8.31  54.3  45.0  11.0  14.1   1.0
NRM    108.2  30.4 107.5  16.4 6.09E-05 002.2 149.2 -07.8 0.067995 0.128777 0.193267 hargrave 2018-05-11 14:47:04 
TT 100 111.0  28.8 110.0  14.9 6.03E-05 001.5 150.7 -10.2 0.059213 0.073205 0.143223 hargrave 2018-05-14 13:30:51 
TT 200 112.0  28.4 111.0  14.5 6.04E-05 001.4 151.4 -11.0 0.064098 0.057089 0.136375 hargrave 2018-05-15 11:26:21 
TT 300 112.3  28.0 111.3  14.2 6.04E-05 001.5 151.5 -11.4 0.061703 0.070394 0.141649 hargrave 2018-05-16 10:01:56 
TT 350 113.4  28.0 112.3  14.2 6.04E-05 001.5 152.4 -11.8 0.063245 0.058831 0.144006 hargrave 2018-05-16 17:48:59 
TT 400 113.5  27.6 112.4  13.8 6.04E-05 001.4 152.3 -12.2 0.062614 0.066464 0.130075 hargrave 2018-05-18 10:54:04 
TT 450 112.7  27.0 111.7  13.1 6.02E-05 002.2 151.4 -12.5 0.093137 0.162892 0.151168 hargrave 2018-05-18 17:12:45 
TT 475 113.0  26.9 112.0  13.1 6.00E-05 001.9 151.7 -12.6 0.079716 0.137786 0.142056 hargrave 2018-05-21 15:23:44 
TT 500 115.1  27.0 113.9  13.2 5.97E-05 001.1 153.4 -13.3 0.061118 0.079921 0.086129 hargrave 2018-07-31 10:09:14 
TT 525 114.8  26.3 113.6  12.5 5.97E-05 001.7 152.9 -13.8 0.097188 0.144338 0.081962 hargrave 2018-07-31 16:50:25 
TT 550 114.0  26.4 112.9  12.6 5.93E-05 003.0 152.3 -13.5 0.165516 0.264184 0.083102 hargrave 2018-08-01 14:56:00 
TT 555 113.5  26.3 112.5  12.5 5.91E-05 001.5 151.9 -13.4 0.068185 0.096634 0.119449 hargrave 2018-08-02 12:04:36 
TT 560 114.8  25.7 113.7  11.9 5.92E-05 001.3 152.8 -14.4 0.079100 0.102662 0.083130 hargrave 2018-08-03 15:13:49 
TT 565 115.9  27.0 114.6  13.3 5.89E-05 001.2 154.1 -13.5 0.055390 0.057000 0.111108 hargrave 2018-08-13 13:32:28 
TT 570 114.0  26.1 112.9  12.4 5.89E-05 000.8 152.2 -13.7 0.057293 0.053534 0.057198 hargrave 2018-08-14 10:23:08 
TT 575 115.3  26.5 114.1  12.8 5.87E-05 001.5 153.5 -13.8 0.100512 0.117361 0.059331 hargrave 2018-08-14 17:10:44 
TT 580 115.4  26.5 114.2  12.8 5.86E-05 000.9 153.5 -13.8 0.074666 0.053957 0.062229 hargrave 2018-08-15 13:45:26 
TT 600 116.1  26.4 114.8  12.7 5.84E-05 001.0 154.1 -14.1 0.064017 0.072475 0.051050 hargrave 2018-08-16 10:13:09 
TT 620 115.9  25.7 114.7  12.1 5.69E-05 001.9 153.7 -14.7 0.102301 0.155583 0.056871 hargrave 2018-08-16 17:06:15 
TT 630 115.7  25.5 114.5  11.8 5.61E-05 002.4 153.4 -14.8 0.109812 0.206445 0.053372 hargrave 2018-08-17 15:15:20 
TT 640 116.1  25.6 114.9  11.9 5.53E-05 002.9 153.8 -14.9 0.095359 0.267402 0.051729 hargrave 2018-08-28 16:49:03 
TT 645 109.9  33.5 108.9  19.5 5.17E-05 012.4 151.8 -05.5 0.089543 0.075980 1.146937 hargrave 2018-09-10 15:41:25 
TT 645 115.5  22.2 114.5  08.5 5.40E-05 005.3 152.0 -17.8 0.179067 0.105116 0.532212 hargrave 2018-09-10 17:23:20 
TT 650 119.5  24.2 118.1  10.8 5.29E-05 002.0 156.4 -17.2 0.086691 0.156386 0.108506 hargrave 2018-09-11 17:33:28 
TT 655 129.5  02.5 129.9 -09.9 6.74E-05 005.0 160.3 -40.7 0.106552 0.163632 0.771969 hargrave 2018-09-12 18:04:20 
TT 660 118.6  25.4 117.2  11.9 5.07E-05 002.4 156.0 -15.8 0.071682 0.190908 0.109868 hargrave 2018-09-20 17:31:51 
TT 665 111.7  22.8 111.0  08.9 4.82E-05 002.0 148.9 -15.9 0.070371 0.148392 0.089067 hargrave 2018-09-21 16:11:07 
TT 670 120.3  26.2 118.7  12.8 4.74E-05 002.3 157.8 -15.5 0.071875 0.177331 0.071967 hargrave 2018-09-24 17:23:48 
TT 672 114.4  24.8 113.4  11.0 4.90E-05 002.3 152.1 -15.1 0.074085 0.192228 0.070127 hargrave 2018-09-25 15:48:31 
TT 674 121.2  26.7 119.5  13.4 4.52E-05 002.9 158.7 -15.2 0.092576 0.220792 0.057859 hargrave 2018-09-26 12:08:16 
TT 676 111.4  24.4 110.7  10.5 3.76E-05 002.6 149.3 -14.4 0.054594 0.149985 0.078235 hargrave 2018-10-04 12:03:56 
TT 678 124.7  25.1 122.8  12.1 3.75E-05 002.8 161.4 -17.6 0.069152 0.200797 0.058904 hargrave 2018-10-05 09:48:31 
TT 680 110.8  24.7 110.0  10.8 3.25E-05 006.7 148.9 -13.9 0.098509 0.425099 0.092404 hargrave 2018-10-09 12:02:31 
TT 682 146.5  22.3 143.5  12.1 1.62E-05 005.2 182.2 -22.7 0.041431 0.134645 0.057770 hargrave 2018-10-11 11:52:35 
TT 684 077.5  20.5 078.9  07.5 9.98E-06 004.4 120.6 -00.8 0.027712 0.138739 0.050463 hargrave 2018-10-12 09:59:41 
TT 686 169.5  20.4 165.4  14.8 6.01E-06 012.6 205.3 -20.6 0.014459 0.146092 0.034844 hargrave 2018-10-12 18:12:27 
TT 686 187.4  04.6 186.4  03.6 8.38E-06 004.0 230.1 -27.3 0.024885 0.079295 0.044153 hargrave 2018-10-19 10:33:50 
TT 688 338.4  33.1 347.6  39.7 2.35E-05 036.6 047.3  73.9 0.704575 0.146838 2.190659 hargrave 2018-10-19 17:37:25 
TT 688 340.9  32.7 350.1  38.8 1.48E-05 008.0 051.9  72.2 0.229922 0.084642 0.631739 hargrave 2018-10-20 10:41:02 
TT 690 224.0  02.4 222.7  10.0 1.72E-06 055.4 261.0 -05.6 0.029018 0.181985 0.025039 hargrave 2018-10-20 16:44:24 
