TR032 -Na mag compass orientation (IGRF corrected)
   9.78  50.3  95.0  11.0  14.1   1.0
NRM    028.7  55.6 045.3  49.4 9.59E-06 003.1 148.0  07.8 0.027090 0.034228 0.033394 hargrave 2018-05-11 15:00:53 
TT 100 035.2  57.7 051.7  50.0 7.97E-06 002.3 148.9  03.7 0.016161 0.022516 0.020219 hargrave 2018-05-14 13:44:45 
TT 200 038.3  60.3 055.5  51.9 7.48E-06 003.8 151.0  01.5 0.035175 0.038050 0.020168 hargrave 2018-05-15 11:41:11 
TT 300 044.2  59.0 059.2  49.7 6.98E-06 002.6 149.2 -01.2 0.013484 0.020431 0.021862 hargrave 2018-05-16 10:16:56 
TT 350 047.2  59.9 061.9  50.1 6.56E-06 003.4 149.9 -02.8 0.033155 0.028303 0.017707 hargrave 2018-05-16 18:04:20 
TT 400 050.2  61.2 064.7  50.8 6.35E-06 003.3 151.1 -04.3 0.032456 0.024250 0.019112 hargrave 2018-05-18 11:08:07 
TT 450 052.1  59.8 065.5  49.3 5.92E-06 003.3 149.7 -05.2 0.028352 0.026052 0.017618 hargrave 2018-05-18 17:26:40 
TT 475 054.9  59.6 067.5  48.7 5.71E-06 003.3 149.5 -06.6 0.031972 0.022734 0.016253 hargrave 2018-05-21 15:38:36 
TT 500 059.4  60.4 071.1  48.9 5.25E-06 001.7 150.4 -08.8 0.011350 0.010650 0.010657 hargrave 2018-07-31 10:24:24 
TT 525 072.5  58.9 080.2  46.0 5.16E-06 004.0 150.2 -15.6 0.033778 0.025536 0.015763 hargrave 2018-07-31 17:06:16 
TT 550 067.6  59.3 076.7  46.9 4.80E-06 005.0 150.0 -13.1 0.009117 0.010917 0.042116 hargrave 2018-08-01 15:10:44 
TT 555 070.8  58.8 078.9  46.1 4.81E-06 002.3 149.9 -14.8 0.012176 0.011272 0.011180 hargrave 2018-08-02 12:19:28 
TT 560 071.1  60.2 079.5  47.4 4.60E-06 002.9 151.3 -14.6 0.011578 0.014761 0.017065 hargrave 2018-08-03 15:29:28 
TT 565 071.3  62.3 080.2  49.5 4.56E-06 004.4 153.5 -14.0 0.031481 0.026353 0.016532 hargrave 2018-08-13 13:48:04 
TT 570 072.3  60.4 080.4  47.5 4.42E-06 002.1 151.7 -15.1 0.008741 0.010129 0.012260 hargrave 2018-08-14 10:37:56 
TT 575 074.6  61.9 082.5  48.8 4.44E-06 004.1 153.5 -15.7 0.032180 0.023221 0.012573 hargrave 2018-08-14 17:25:33 
TT 580 076.3  60.0 083.2  46.8 4.39E-06 002.2 152.0 -17.1 0.008918 0.009004 0.013700 hargrave 2018-08-15 14:02:48 
TT 600 081.4  60.2 086.9  46.7 4.06E-06 002.7 153.2 -19.4 0.008715 0.012021 0.014308 hargrave 2018-08-16 10:27:56 
TT 620 094.3  57.3 096.0  43.3 3.77E-06 004.5 154.3 -26.5 0.009807 0.016642 0.023818 hargrave 2018-08-16 17:21:59 
TT 630 094.8  52.8 096.2  38.8 3.45E-06 007.8 150.4 -29.4 0.011111 0.032082 0.033460 hargrave 2018-08-17 15:30:04 
TT 640 099.0  53.5 099.4  39.4 3.27E-06 010.3 152.7 -31.0 0.010831 0.055610 0.024840 hargrave 2018-08-28 17:04:13 
TT 640 106.5  55.9 105.1  41.9 3.12E-06 004.1 158.3 -32.4 0.005822 0.013858 0.016780 hargrave 2018-08-28 18:00:39 
TT 645 075.8  39.8 079.5  26.8 2.89E-06 019.0 131.3 -22.7 0.007477 0.068540 0.074284 hargrave 2018-09-10 15:56:58 
TT 645 093.7  39.0 094.8  25.0 3.02E-06 019.3 135.8 -36.0 0.011041 0.040539 0.102086 hargrave 2018-09-10 17:29:11 
TT 645 111.7  31.0 110.6  17.1 3.84E-06 026.1 137.5 -52.6 0.018537 0.033230 0.225729 hargrave 2018-09-10 18:10:51 
TT 645 098.4  40.4 098.8  26.3 3.32E-06 005.9 139.6 -38.4 0.013507 0.022758 0.023348 hargrave 2018-09-11 11:30:50 
TT 650 166.1  66.3 144.3  57.9 3.09E-06 019.2 191.2 -26.1 0.015685 0.082883 0.073637 hargrave 2018-09-11 17:48:00 
TT 650 177.2  70.4 147.7  63.4 2.63E-06 029.4 192.4 -20.4 0.033960 0.023863 0.145626 hargrave 2018-09-12 10:11:09 
TT 650 145.5  17.6 143.3  07.4 1.08E-05 046.0 201.5 -76.4 0.031083 0.125479 1.137819 hargrave 2018-09-12 11:00:54 
TT 650 146.2  15.5 144.4  05.4 9.58E-06 003.8 208.6 -78.0 0.022607 0.041358 0.242413 hargrave 2018-09-12 11:30:32 
TT 655 325.5  21.6 330.6  31.2 6.79E-06 049.9 169.4  63.0 0.024540 0.029146 0.765050 hargrave 2018-09-12 18:18:11 
TT 655 034.5  60.6 052.8  52.9 2.16E-06 018.4 151.8  03.3 0.002900 0.073668 0.029899 hargrave 2018-09-20 11:00:32 
TT 655 021.0  68.1 049.2  62.2 1.99E-06 010.9 161.0  05.8 0.004272 0.022331 0.033389 hargrave 2018-09-20 11:30:59 
TT 655 021.6  66.0 047.5  60.2 2.05E-06 010.9 158.9  06.6 0.006374 0.027055 0.033496 hargrave 2018-09-20 11:48:33 
TT 660 202.9  34.3 193.0  36.0 3.08E-06 016.4 234.2 -25.3 0.035678 0.107891 0.045268 hargrave 2018-09-20 17:45:35 
TT 660 210.4  14.2 206.4  18.4 3.65E-06 004.5 256.7 -20.5 0.012391 0.027314 0.031733 hargrave 2018-09-21 09:23:27 
TT 665 139.5  65.2 126.8  53.2 4.30E-06 017.1 179.6 -29.7 0.049695 0.115149 0.047209 hargrave 2018-09-21 16:24:55 
TT 665 198.3  57.2 176.6  56.3 3.80E-06 008.5 209.5 -21.0 0.021520 0.034588 0.041952 hargrave 2018-09-24 11:34:43 
TT 665 196.7  57.5 174.9  56.2 3.80E-06 006.5 208.8 -21.7 0.018788 0.017443 0.035635 hargrave 2018-09-24 11:49:07 
TT 670 207.3  42.1 194.1  44.5 5.48E-06 012.3 226.7 -20.3 0.037378 0.120370 0.068737 hargrave 2018-09-24 17:37:43 
TT 670 208.8  37.6 197.5  40.6 5.63E-06 007.5 231.7 -20.0 0.031510 0.048814 0.059841 hargrave 2018-09-24 18:46:18 
TT 672 073.1  41.3 077.4  28.6 4.91E-06 015.2 132.4 -20.4 0.018153 0.149621 0.054581 hargrave 2018-09-25 16:03:18 
TT 672 077.1  43.7 081.1  30.6 4.48E-06 011.3 135.6 -22.7 0.009561 0.074598 0.056313 hargrave 2018-09-25 17:07:09 
TT 672 077.8  44.6 081.8  31.4 4.44E-06 005.4 136.7 -22.9 0.009887 0.023136 0.034222 hargrave 2018-09-25 17:25:29 
TT 674 216.4  23.9 209.9  29.2 5.49E-06 011.3 246.6 -14.7 0.041984 0.154853 0.065951 hargrave 2018-09-26 12:23:07 
TT 674 215.8  21.1 210.0  26.4 5.69E-06 008.1 249.5 -15.3 0.036058 0.085621 0.068768 hargrave 2018-09-26 13:49:50 
TT 674 216.9  19.9 211.5  25.5 5.81E-06 005.4 250.7 -14.3 0.016115 0.049289 0.058124 hargrave 2018-09-26 14:12:12 
TT 676 029.8  28.6 036.2  23.3 2.31E-06 018.1 121.5  15.3 0.010396 0.113082 0.060670 hargrave 2018-10-04 12:18:58 
TT 676 036.1  26.4 041.5  19.8 2.29E-06 011.9 118.0  10.4 0.007205 0.063555 0.048145 hargrave 2018-10-04 13:16:33 
TT 676 036.9  23.4 041.5  16.7 2.43E-06 012.3 114.9  10.2 0.004138 0.071859 0.049614 hargrave 2018-10-04 13:38:28 
TT 678 218.9  33.3 209.3  38.9 4.45E-06 017.2 237.0 -12.3 0.071239 0.121041 0.064452 hargrave 2018-10-05 10:02:29 
TT 678 219.3  28.0 211.6  33.9 4.34E-06 008.8 242.4 -12.0 0.012591 0.072959 0.062555 hargrave 2018-10-05 10:55:46 
TT 678 219.6  28.8 211.6  34.7 4.22E-06 010.1 241.6 -11.8 0.016668 0.082533 0.064406 hargrave 2018-10-05 11:14:07 
TT 680 034.2  28.9 040.4  22.6 4.27E-06 028.3 120.8  11.5 0.037188 0.322686 0.011640 hargrave 2018-10-09 12:17:36 
TT 680 023.9  33.6 032.2  29.5 3.03E-06 018.2 128.1  18.7 0.013354 0.130016 0.032395 hargrave 2018-10-09 14:11:04 
TT 680 004.9  82.0 069.8  74.6 1.67E-06 065.5 174.4  00.7 0.001938 0.353119 0.133266 hargrave 2018-10-09 14:34:59 
TT 680 028.1  29.4 034.8  24.4 3.35E-06 012.9 122.7  16.6 0.012294 0.114310 0.025390 hargrave 2018-10-09 15:16:38 
TT 682 223.1  02.5 221.8  09.9 9.17E-06 003.5 268.1 -07.4 0.042713 0.116983 0.037123 hargrave 2018-10-11 12:06:53 
TT 684 044.5  05.6 044.8 -02.2 7.09E-06 002.6 096.1  05.3 0.025580 0.152530 0.035937 hargrave 2018-10-12 10:14:44 
TT 686 240.7  20.8 236.0  31.2 4.29E-06 015.9 248.2  07.9 0.033364 0.161292 0.048587 hargrave 2018-10-12 18:26:45 
TT 686 146.6  03.1 146.9 -06.8 8.32E-05 004.5 286.9 -83.5 0.347594 0.407934 4.676269 hargrave 2018-10-19 10:38:47 
TT 688 334.7 -02.7 335.0  05.6 2.76E-05 079.5 098.6  75.4 0.392599 0.288875 5.814643 hargrave 2018-10-19 17:49:58 
TT 688 135.4 -00.5 136.2 -12.1 4.47E-05 011.0 042.2 -82.6 0.251237 0.230968 3.536071 hargrave 2018-10-20 10:52:52 
TT 690 146.5  03.1 146.8 -06.8 6.16E-05 006.4 286.7 -83.5 0.311059 0.292604 3.972639 hargrave 2018-10-20 16:59:43 
