TR032 -Qa mag compass orientation (IGRF corrected)
  10.16  73.3  92.0  11.0  14.1   1.0
NRM    309.8  20.0 313.4  32.2 7.17E-06 002.5 234.5  50.5 0.018545 0.017058 0.023434 hargrave 2018-05-11 15:03:43 
TT 100 302.3  10.8 303.9  23.8 6.08E-06 002.4 251.8  47.2 0.020375 0.011597 0.017836 hargrave 2018-05-14 13:47:34 
TT 200 299.7  07.9 300.9  21.3 5.75E-06 002.8 256.6  45.4 0.024008 0.009875 0.018271 hargrave 2018-05-15 11:44:01 
TT 300 297.7  02.8 298.4  16.3 5.46E-06 003.0 264.2  44.1 0.024390 0.008510 0.019308 hargrave 2018-05-16 10:19:45 
TT 350 295.3  00.2 295.7  13.9 5.34E-06 002.5 267.9  41.9 0.014559 0.013297 0.017728 hargrave 2018-05-16 18:07:12 
TT 400 293.8 -02.6 294.1  11.2 5.22E-06 003.0 271.7  40.6 0.022223 0.010465 0.016972 hargrave 2018-05-18 11:10:56 
TT 450 290.9 -05.2 291.0  08.7 5.15E-06 002.7 275.0  37.6 0.018687 0.009172 0.016693 hargrave 2018-05-18 17:29:29 
TT 475 289.8 -07.7 289.8  06.3 5.08E-06 003.5 278.1  36.4 0.025647 0.013390 0.016920 hargrave 2018-05-21 15:41:25 
TT 500 287.3 -11.2 287.2  02.8 5.04E-06 003.4 282.1  33.7 0.024580 0.011065 0.018838 hargrave 2018-07-31 10:27:38 
TT 525 284.1 -13.3 284.0  00.8 4.86E-06 007.0 284.2  30.4 0.036463 0.013111 0.052903 hargrave 2018-07-31 17:09:20 
TT 550 275.6 -14.5 275.8 -00.5 4.73E-06 004.8 284.8  22.1 0.035214 0.014566 0.016248 hargrave 2018-08-01 15:13:45 
TT 555 285.8 -15.2 285.6 -01.2 4.99E-06 003.1 286.7  31.8 0.022004 0.013007 0.011069 hargrave 2018-08-02 12:22:33 
TT 560 281.6 -16.3 281.6 -02.2 4.91E-06 004.5 287.4  27.7 0.033092 0.013809 0.019666 hargrave 2018-08-03 15:32:36 
TT 565 280.5 -18.6 280.5 -04.5 4.95E-06 003.9 289.8  26.4 0.027244 0.014092 0.017844 hargrave 2018-08-13 13:51:05 
TT 570 280.5 -19.8 280.5 -05.7 4.84E-06 004.9 291.1  26.2 0.034446 0.016550 0.021172 hargrave 2018-08-14 10:41:04 
TT 575 279.9 -18.8 280.0 -04.7 4.85E-06 004.0 290.0  25.8 0.025983 0.011542 0.020536 hargrave 2018-08-14 17:28:38 
TT 580 278.3 -18.0 278.4 -03.9 4.83E-06 004.0 288.9  24.4 0.026242 0.012562 0.019881 hargrave 2018-08-15 14:06:00 
TT 600 276.1 -20.8 276.4 -06.8 4.59E-06 004.4 291.7  22.0 0.025739 0.012453 0.023563 hargrave 2018-08-16 10:30:58 
TT 620 272.9 -20.7 273.4 -06.8 4.52E-06 004.5 291.3  19.0 0.022100 0.011577 0.027670 hargrave 2018-08-16 17:24:59 
TT 630 272.9 -23.0 273.4 -09.1 4.32E-06 006.2 293.7  18.8 0.023502 0.014638 0.039213 hargrave 2018-08-17 15:33:08 
TT 640 266.0 -26.1 267.2 -12.5 4.86E-06 003.5 296.3  12.3 0.019402 0.024461 0.022585 hargrave 2018-08-28 17:07:16 
TT 645 262.4 -32.8 264.5 -19.4 4.22E-06 004.0 302.9  08.7 0.026700 0.031059 0.022164 hargrave 2018-09-10 15:59:57 
TT 650 273.7 -30.5 274.4 -16.5 5.42E-06 002.8 301.6  18.5 0.025541 0.030862 0.030471 hargrave 2018-09-11 17:50:58 
TT 655 188.6 -15.8 192.6 -15.9 6.35E-06 017.0 306.4 -59.3 0.014009 0.058819 0.262981 hargrave 2018-09-12 18:20:58 
TT 655 336.0 -24.4 331.9 -15.9 5.72E-06 004.9 343.2  66.5 0.011864 0.046411 0.016123 hargrave 2018-09-20 11:03:31 
TT 660 264.7 -22.9 265.8 -09.3 5.61E-06 006.6 292.9  11.3 0.041120 0.061472 0.045761 hargrave 2018-09-20 17:48:27 
TT 665 257.2 -24.1 259.0 -11.1 4.97E-06 005.8 294.0  04.4 0.031148 0.075380 0.041898 hargrave 2018-09-21 16:27:43 
TT 670 267.0 -12.8 267.4  00.9 3.62E-06 010.0 282.7  13.8 0.015281 0.082053 0.042391 hargrave 2018-09-24 17:40:32 
TT 670 266.2 -16.5 266.8 -02.8 3.91E-06 007.6 286.4  12.9 0.019385 0.039708 0.042252 hargrave 2018-09-24 18:49:05 
TT 672 259.9 -66.5 267.2 -53.0 2.39E-06 020.3 336.6  04.5 0.014273 0.086544 0.040114 hargrave 2018-09-25 16:06:22 
TT 672 260.2 -60.7 266.2 -47.3 2.64E-06 012.9 330.8  05.1 0.009452 0.040892 0.048148 hargrave 2018-09-25 17:10:14 
TT 672 260.2 -60.5 266.1 -47.1 2.67E-06 011.3 330.6  05.1 0.010269 0.027026 0.047252 hargrave 2018-09-25 17:28:35 
TT 674 248.8 -14.9 250.0 -02.8 6.38E-06 003.9 285.0 -03.8 0.042558 0.096931 0.044177 hargrave 2018-09-26 12:26:08 
TT 676 255.2 -31.0 257.9 -18.2 3.22E-06 008.7 301.0  02.6 0.013903 0.057415 0.040451 hargrave 2018-10-04 12:22:04 
TT 676 252.6 -32.3 255.7 -19.7 3.15E-06 007.7 302.3  00.5 0.015376 0.038010 0.039806 hargrave 2018-10-04 13:19:44 
TT 678 245.7 -14.6 246.9 -02.9 4.56E-06 004.5 284.9 -06.9 0.036320 0.065280 0.037705 hargrave 2018-10-05 10:05:26 
TT 680 358.8  08.8 001.2  11.5 5.96E-07 072.5 125.2  71.2 0.020866 0.197641 0.016597 hargrave 2018-10-09 12:20:45 
TT 680 295.7 -00.8 296.1  12.9 9.90E-07 031.2 269.2  42.4 0.007480 0.062862 0.016691 hargrave 2018-10-09 14:14:14 
TT 680 062.4  29.7 066.1  18.3 9.57E-08 081.7 120.4  08.5 0.007595 0.026478 0.085561 hargrave 2018-10-09 14:38:09 
TT 680 303.8 -01.3 304.3  11.7 8.61E-07 031.0 269.6  50.5 0.008398 0.052986 0.012781 hargrave 2018-10-09 15:18:08 
TT 682 242.4  15.6 238.9  26.4 4.28E-06 006.1 254.5 -11.0 0.018332 0.076305 0.016042 hargrave 2018-10-11 12:09:50 
TT 684 082.8 -21.4 080.3 -34.8 3.78E-06 007.0 068.0 -08.1 0.010126 0.080387 0.019525 hargrave 2018-10-12 10:17:38 
TT 686 239.5  12.7 236.4  23.0 2.30E-06 007.9 257.4 -13.9 0.010408 0.084287 0.022521 hargrave 2018-10-12 18:29:40 
TT 688 063.7 -14.9 060.4 -25.9 3.51E-06 015.0 075.2  09.8 0.013114 0.079849 0.101332 hargrave 2018-10-19 17:53:01 
TT 688 352.3 -05.5 351.6 -00.8 2.37E-05 029.9 068.8  80.4 0.118145 0.123985 2.306456 hargrave 2018-10-20 10:56:18 
TT 690 338.0  03.6 339.6  11.2 1.43E-05 033.3 223.1  82.3 0.074176 0.078667 1.424298 hargrave 2018-10-20 17:07:44 
