TR032 -Fa mag compass orientation (IGRF corrected)
   8.58  61.3  76.0  11.0  14.1   1.0
NRM    199.9  72.1 159.6  69.1 3.38E-05 003.0 193.4  01.9 0.055534 0.136523 0.118059 hargrave 2018-05-11 14:48:26 
TT 100 199.8  70.0 163.3  67.5 3.35E-05 001.6 194.9  00.4 0.056709 0.053825 0.074885 hargrave 2018-05-14 13:32:12 
TT 200 197.1  69.3 162.4  66.4 3.33E-05 001.7 194.7 -00.7 0.033790 0.053477 0.087911 hargrave 2018-05-15 11:28:34 
TT 300 198.5  67.5 166.1  65.3 3.29E-05 001.8 196.3 -01.7 0.025491 0.058380 0.088955 hargrave 2018-05-16 10:04:17 
TT 350 197.9  66.6 166.8  64.4 3.25E-05 002.2 196.8 -02.4 0.029995 0.086175 0.090958 hargrave 2018-05-16 17:51:08 
TT 400 196.7  66.9 165.5  64.4 3.24E-05 001.6 196.2 -02.6 0.053217 0.063287 0.064819 hargrave 2018-05-18 10:55:29 
TT 450 195.1  66.3 165.1  63.5 3.20E-05 001.4 196.2 -03.5 0.051107 0.049884 0.064372 hargrave 2018-05-18 17:14:07 
TT 475 195.3  66.3 165.2  63.6 3.18E-05 001.9 196.2 -03.4 0.044170 0.076578 0.067679 hargrave 2018-05-21 15:25:05 
TT 500 193.7  65.8 164.6  62.8 3.15E-05 001.5 196.1 -04.2 0.039477 0.066339 0.045839 hargrave 2018-07-31 10:10:46 
TT 525 190.4  64.2 163.8  60.7 3.15E-05 001.2 196.0 -06.3 0.031390 0.044761 0.047477 hargrave 2018-07-31 16:52:42 
TT 550 191.8  65.1 163.9  61.8 3.11E-05 001.4 195.9 -05.2 0.041090 0.053376 0.045995 hargrave 2018-08-01 14:57:28 
TT 555 193.8  64.3 166.4  61.5 3.11E-05 001.9 197.1 -05.3 0.045988 0.069489 0.068163 hargrave 2018-08-02 12:06:04 
TT 560 192.5  63.7 165.9  60.7 3.09E-05 001.4 197.1 -06.1 0.027987 0.041415 0.061981 hargrave 2018-08-03 15:16:06 
TT 565 195.0  63.3 168.3  60.9 3.08E-05 001.4 198.2 -05.7 0.046126 0.042346 0.056154 hargrave 2018-08-13 13:33:55 
TT 570 191.4  64.2 164.6  60.9 3.08E-05 001.4 196.4 -06.1 0.034867 0.063157 0.037308 hargrave 2018-08-14 10:24:35 
TT 575 193.6  63.0 167.5  60.4 3.07E-05 001.5 197.9 -06.3 0.032861 0.066591 0.038010 hargrave 2018-08-14 17:12:12 
TT 580 192.5  62.8 166.8  59.9 3.06E-05 001.7 197.6 -06.8 0.030529 0.080256 0.039009 hargrave 2018-08-15 13:47:48 
TT 600 193.3  62.6 167.7  59.9 3.03E-05 001.3 198.1 -06.7 0.048283 0.047162 0.035348 hargrave 2018-08-16 10:14:40 
TT 620 190.7  61.6 166.5  58.5 2.98E-05 001.9 197.8 -08.3 0.022928 0.089667 0.047248 hargrave 2018-08-16 17:08:32 
TT 630 191.2  61.5 167.0  58.5 2.92E-05 001.9 198.0 -08.2 0.029733 0.095100 0.044780 hargrave 2018-08-17 15:16:50 
TT 640 190.4  60.8 166.9  57.7 2.90E-05 002.6 198.1 -09.0 0.079018 0.109687 0.064926 hargrave 2018-08-28 16:50:31 
TT 645 172.6  43.3 161.6  37.5 3.28E-05 005.1 197.7 -29.5 0.085144 0.091608 0.307210 hargrave 2018-09-10 15:43:41 
TT 650 194.8  55.3 174.9  53.7 2.76E-05 002.5 203.6 -11.7 0.090870 0.084169 0.103102 hargrave 2018-09-11 17:34:55 
TT 655 180.6  54.2 163.4  49.5 2.91E-05 009.4 197.4 -17.4 0.081549 0.150269 0.499002 hargrave 2018-09-12 18:05:41 
TT 655 194.4  70.9 158.1  67.1 2.57E-05 003.1 192.9 -00.2 0.080788 0.098710 0.098717 hargrave 2018-09-20 10:50:30 
TT 660 199.2  59.1 175.8  58.2 2.78E-05 003.1 202.6 -07.3 0.083754 0.123132 0.092810 hargrave 2018-09-20 17:33:11 
TT 665 184.7  63.2 160.3  58.6 2.42E-05 003.4 194.5 -08.6 0.074826 0.126651 0.082279 hargrave 2018-09-21 16:12:32 
TT 670 186.3  59.2 164.9  55.4 2.78E-05 002.9 197.4 -11.5 0.078631 0.125225 0.083452 hargrave 2018-09-24 17:25:10 
TT 672 192.4  57.6 171.2  55.3 2.66E-05 001.9 201.1 -10.8 0.077548 0.062259 0.074503 hargrave 2018-09-25 15:49:58 
TT 674 197.6  58.1 175.2  57.0 2.66E-05 005.2 202.7 -08.5 0.091153 0.229389 0.080640 hargrave 2018-09-26 12:09:43 
TT 676 192.2  61.5 167.8  58.7 1.88E-05 005.5 198.4 -07.9 0.080998 0.162868 0.078590 hargrave 2018-10-04 12:05:29 
TT 678 197.6  54.8 177.7  54.0 2.36E-05 003.8 205.1 -10.9 0.113974 0.119280 0.058418 hargrave 2018-10-05 09:49:54 
TT 680 176.8  66.0 152.0  59.5 1.78E-05 014.5 190.2 -07.8 0.085374 0.454360 0.053950 hargrave 2018-10-09 12:03:59 
TT 680 193.5  62.4 168.0  59.8 1.77E-05 005.9 198.2 -06.8 0.043235 0.148403 0.107991 hargrave 2018-10-09 13:58:49 
TT 682 203.6  39.9 191.4  41.5 1.60E-05 005.1 219.5 -17.5 0.056503 0.130059 0.058235 hargrave 2018-10-11 11:53:57 
TT 684 060.0  11.6 061.0  00.8 4.18E-06 005.9 101.0  04.0 0.054790 0.149034 0.034375 hargrave 2018-10-12 10:01:03 
TT 686 213.4  12.3 209.9  17.3 5.81E-06 008.3 249.8 -23.1 0.027317 0.153624 0.042749 hargrave 2018-10-12 18:13:52 
TT 686 171.3 -06.3 173.3 -10.8 2.84E-05 018.6 250.6 -68.9 0.220962 0.204719 2.052790 hargrave 2018-10-19 10:35:03 
TT 686 325.5  05.7 327.4  15.6 5.10E-05 027.3 325.1  79.9 0.753226 0.389607 4.831955 hargrave 2018-10-19 11:28:38 
TT 688 057.4  39.7 063.6  28.9 4.91E-06 025.8 128.3  11.9 0.018049 0.146945 0.231734 hargrave 2018-10-19 17:39:18 
TT 688 030.8  32.1 038.0  26.4 2.16E-06 063.5 119.4  33.1 0.096163 0.169536 0.132387 hargrave 2018-10-20 10:42:56 
TT 690 328.6  06.8 330.7  16.1 2.87E-09 053.2 339.4  80.3 0.000294 0.000246 0.000307 hargrave 2018-10-20 16:46:14 
