TR032 -Pa mag compass orientation (IGRF corrected)
   9.98  75.3 108.0  11.0  14.1   1.0
NRM    342.8  51.5 001.2  56.1 6.67E-06 003.8 181.7  20.5 0.009800 0.032700 0.028673 hargrave 2018-05-11 15:02:20 
TT 100 334.5  55.7 355.8  62.0 5.53E-06 002.3 186.3  15.7 0.007331 0.012632 0.018277 hargrave 2018-05-14 13:46:11 
TT 200 329.8  57.6 352.3  64.8 5.47E-06 003.8 188.4  13.3 0.006812 0.030432 0.019179 hargrave 2018-05-15 11:42:38 
TT 300 327.5  59.2 351.4  66.8 5.19E-06 003.2 189.2  11.4 0.006916 0.023175 0.017965 hargrave 2018-05-16 10:18:22 
TT 350 323.2  59.4 346.5  67.9 4.92E-06 002.3 191.2  10.5 0.006361 0.012159 0.015704 hargrave 2018-05-16 18:05:46 
TT 400 320.8  59.4 343.5  68.4 4.78E-06 003.0 192.4  10.1 0.007872 0.017989 0.017095 hargrave 2018-05-18 11:09:33 
TT 450 320.4  59.5 343.1  68.6 4.35E-06 003.6 192.5  09.9 0.006913 0.022129 0.015704 hargrave 2018-05-18 17:28:06 
TT 475 316.1  59.0 336.9  69.1 4.26E-06 002.7 194.8  09.4 0.006430 0.014572 0.013690 hargrave 2018-05-21 15:40:02 
TT 500 313.2  56.7 330.8  67.5 3.90E-06 001.8 197.3  10.6 0.007992 0.010040 0.005885 hargrave 2018-07-31 10:26:01 
TT 525 309.4  58.2 326.9  69.6 3.70E-06 003.2 198.2  08.3 0.008272 0.016650 0.011051 hargrave 2018-07-31 17:07:48 
TT 550 301.9  62.5 320.2  74.8 3.51E-06 006.3 198.5  02.6 0.008698 0.012829 0.036004 hargrave 2018-08-01 15:12:16 
TT 555 312.1  54.1 327.3  65.2 3.58E-06 007.6 199.2  12.5 0.004832 0.013126 0.048231 hargrave 2018-08-02 12:21:00 
TT 560 307.4  54.7 321.3  66.6 3.36E-06 002.4 201.1  10.4 0.006782 0.010685 0.009057 hargrave 2018-08-03 15:31:03 
TT 565 302.2  56.2 314.7  68.8 3.24E-06 003.6 202.6  07.5 0.008266 0.015850 0.010998 hargrave 2018-08-13 13:49:36 
TT 570 300.6  56.2 312.5  69.0 3.05E-06 002.0 203.2  06.9 0.006814 0.007671 0.007175 hargrave 2018-08-14 10:39:31 
TT 575 298.7  55.6 309.2  68.7 3.00E-06 002.8 204.4  06.5 0.007570 0.011964 0.006479 hargrave 2018-08-14 17:27:05 
TT 580 295.6  54.5 303.8  67.9 2.91E-06 003.7 206.5  06.0 0.009985 0.016765 0.005499 hargrave 2018-08-15 14:04:24 
TT 600 285.6  55.7 288.5  69.7 2.59E-06 003.8 209.1  00.9 0.009785 0.012089 0.009081 hargrave 2018-08-16 10:29:29 
TT 620 269.2  44.9 264.9  58.6 2.55E-06 005.3 223.5 -03.2 0.013688 0.016370 0.012774 hargrave 2018-08-16 17:23:31 
TT 630 272.3  42.3 269.4  56.2 2.19E-06 010.4 225.0 -00.1 0.015003 0.030491 0.025508 hargrave 2018-08-17 15:31:36 
TT 630 272.3  40.7 269.6  54.6 2.21E-06 006.6 226.5  00.6 0.009586 0.014196 0.020899 hargrave 2018-08-17 16:56:58 
TT 640 258.5  40.2 252.0  53.0 2.17E-06 010.3 230.5 -09.1 0.013450 0.044372 0.010969 hargrave 2018-08-28 17:05:46 
TT 640 257.7  36.6 251.9  49.3 2.27E-06 003.1 234.2 -08.8 0.004407 0.015445 0.006949 hargrave 2018-08-28 18:02:11 
TT 645 271.9  65.6 260.5  79.3 1.99E-06 026.8 203.7 -09.7 0.021969 0.073854 0.067100 hargrave 2018-09-10 15:58:29 
TT 645 251.3  63.8 226.0  74.5 2.08E-06 013.1 207.5 -17.8 0.012452 0.045718 0.018241 hargrave 2018-09-10 17:30:41 
TT 645 290.6  56.3 296.7  70.1 1.99E-06 018.6 207.0  02.7 0.018235 0.048768 0.042810 hargrave 2018-09-10 18:12:22 
TT 645 285.7  59.6 289.5  73.6 2.22E-06 010.1 205.9 -01.3 0.015191 0.036491 0.004075 hargrave 2018-09-11 11:32:25 
TT 650 268.8  39.4 265.2  53.1 3.06E-06 014.2 228.7 -01.4 0.032275 0.078515 0.010272 hargrave 2018-09-11 17:49:30 
TT 650 256.6  36.5 250.5  49.0 2.80E-06 011.0 234.6 -09.6 0.037787 0.017407 0.035989 hargrave 2018-09-12 10:12:39 
TT 650 281.3  29.5 281.3  43.6 2.61E-06 042.7 233.1  12.1 0.023451 0.061161 0.233269 hargrave 2018-09-12 11:02:25 
TT 650 181.4  25.3 175.3  22.2 9.10E-06 004.1 241.1 -73.4 0.017328 0.024065 0.182683 hargrave 2018-09-12 11:32:04 
TT 655 009.5  84.4 079.0  75.0 3.01E-06 020.7 177.7 -12.9 0.029110 0.102523 0.045789 hargrave 2018-09-12 18:19:36 
TT 655 004.3  17.3 008.8  18.4 6.40E-06 006.6 151.0  50.1 0.008758 0.081009 0.023860 hargrave 2018-09-20 11:02:03 
TT 660 265.3  11.0 264.0  24.5 5.03E-06 009.5 256.4  05.9 0.046562 0.104608 0.035107 hargrave 2018-09-20 17:47:05 
TT 660 261.2  01.1 260.6  14.4 5.80E-06 004.0 267.1  05.3 0.030011 0.046364 0.022017 hargrave 2018-09-21 09:24:52 
TT 665 356.8  80.1 061.1  75.0 2.39E-06 028.5 178.0 -08.3 0.029993 0.123386 0.033705 hargrave 2018-09-21 16:26:21 
TT 665 282.0  35.1 282.3  49.2 2.38E-06 013.5 227.9  09.9 0.016477 0.052414 0.027561 hargrave 2018-09-24 11:36:14 
TT 665 281.1  37.4 281.1  51.5 2.37E-06 010.2 226.2  08.1 0.010699 0.037875 0.023764 hargrave 2018-09-24 11:50:38 
TT 670 291.9  45.6 296.0  59.4 4.93E-06 015.1 214.8  10.1 0.024824 0.130168 0.045993 hargrave 2018-09-24 17:39:09 
TT 670 286.8  41.7 288.7  55.7 5.03E-06 006.2 220.2  09.5 0.007815 0.042583 0.040038 hargrave 2018-09-24 18:47:43 
TT 672 077.4  69.5 086.4  56.1 3.64E-06 021.9 158.4 -17.5 0.017040 0.147166 0.039640 hargrave 2018-09-25 16:04:50 
TT 672 083.2  74.5 091.4  60.7 3.39E-06 013.9 163.7 -19.4 0.007305 0.072940 0.041640 hargrave 2018-09-25 17:08:45 
TT 672 084.6  76.1 092.6  62.3 3.39E-06 010.1 165.4 -19.7 0.007458 0.054022 0.026237 hargrave 2018-09-25 17:27:05 
TT 674 268.8  16.1 267.5  29.9 6.71E-06 008.8 250.4  07.3 0.037374 0.138063 0.048676 hargrave 2018-09-26 12:24:39 
TT 674 266.7  14.5 265.3  28.1 6.84E-06 006.2 252.6  06.0 0.025229 0.078025 0.051854 hargrave 2018-09-26 13:51:30 
TT 676 061.0 -53.6 043.7 -63.0 1.77E-06 029.0 038.6  22.9 0.004619 0.104715 0.045714 hargrave 2018-10-04 12:20:30 
TT 676 065.4 -49.0 052.1 -59.5 1.69E-06 018.6 043.4  19.9 0.004169 0.062672 0.037536 hargrave 2018-10-04 13:18:15 
TT 676 066.3 -47.5 054.1 -58.3 1.75E-06 020.2 044.9  19.1 0.005557 0.071958 0.040264 hargrave 2018-10-04 13:40:00 
TT 678 280.2  27.8 280.1  41.9 4.60E-06 017.5 235.1  12.1 0.071473 0.114301 0.064630 hargrave 2018-10-05 10:04:03 
TT 678 276.0  22.3 275.3  36.4 4.41E-06 011.6 241.9  11.2 0.018960 0.083385 0.058785 hargrave 2018-10-05 10:57:12 
TT 678 277.7  23.3 277.2  37.3 4.27E-06 012.8 240.3  12.2 0.016623 0.090261 0.062115 hargrave 2018-10-05 11:15:35 
TT 680 064.1 -00.9 063.2 -12.1 3.91E-06 027.6 092.7  10.9 0.047497 0.333399 0.023428 hargrave 2018-10-09 12:19:12 
TT 680 061.5 -10.5 058.9 -21.2 2.61E-06 006.7 084.0  16.2 0.008090 0.125886 0.015740 hargrave 2018-10-09 14:12:40 
TT 682 256.9  12.7 254.8  25.4 8.32E-06 006.4 257.5 -02.4 0.059065 0.138342 0.031678 hargrave 2018-10-11 12:08:23 
TT 684 069.5  08.8 069.9 -03.3 6.92E-06 004.0 100.2  02.7 0.019599 0.159858 0.047986 hargrave 2018-10-12 10:16:10 
TT 686 266.1  21.9 263.9  35.4 4.00E-06 015.8 245.9  02.9 0.025468 0.163604 0.044940 hargrave 2018-10-12 18:28:12 
TT 686 172.2  10.5 170.3  05.7 5.88E-05 006.3 317.5 -80.0 0.398548 0.244091 3.322004 hargrave 2018-10-19 10:40:01 
TT 688 359.0 -09.6 357.1 -06.5 3.19E-05 035.6 120.2  74.3 0.527905 0.192562 3.067629 hargrave 2018-10-19 17:51:11 
TT 688 024.3 -17.8 019.5 -20.4 8.71E-06 008.3 084.2  53.0 0.041152 0.141058 0.320596 hargrave 2018-10-20 10:54:07 
TT 690 309.5 -04.6 309.7  07.8 7.20E-06 084.6 253.4  52.5 1.522384 0.408938 10.43527 hargrave 2018-10-20 17:01:00 
