TR032 -Ma mag compass orientation (IGRF corrected)
   9.65  31.3  88.0  11.0  14.1   1.0
NRM    223.5  48.5 207.3  54.4 2.31E-05 002.6 221.1  09.6 0.067470 0.065036 0.061421 hargrave 2018-05-11 14:59:21 
TT 100 222.5  46.3 207.4  52.1 2.26E-05 004.0 223.3  09.2 0.102136 0.117959 0.047132 hargrave 2018-05-14 13:43:12 
TT 200 222.7  46.4 207.6  52.3 2.22E-05 003.0 223.2  09.3 0.075096 0.083842 0.048189 hargrave 2018-05-15 11:39:41 
TT 300 222.9  45.8 208.1  51.7 2.16E-05 003.7 223.8  09.5 0.084470 0.111474 0.044013 hargrave 2018-05-16 10:15:27 
TT 350 223.2  45.5 208.6  51.5 2.10E-05 003.3 224.1  09.7 0.089061 0.081714 0.044498 hargrave 2018-05-16 18:02:48 
TT 400 223.1  46.8 207.9  52.7 2.05E-05 004.5 222.8  09.5 0.113657 0.113964 0.041592 hargrave 2018-05-18 11:06:38 
TT 450 222.9  46.4 207.9  52.3 1.98E-05 005.0 223.2  09.5 0.121669 0.122621 0.039062 hargrave 2018-05-18 17:25:11 
TT 475 223.0  47.2 207.5  53.1 1.94E-05 004.3 222.4  09.4 0.098801 0.108287 0.036462 hargrave 2018-05-21 15:37:06 
TT 500 223.4  46.8 208.1  52.7 1.89E-05 004.3 222.8  09.7 0.102989 0.102144 0.025562 hargrave 2018-07-31 10:22:45 
TT 525 218.9  47.4 203.1  52.3 1.83E-05 006.0 222.5  06.6 0.139941 0.137159 0.023130 hargrave 2018-07-31 17:04:41 
TT 550 222.3  46.1 207.3  51.9 1.82E-05 005.4 223.6  09.0 0.129748 0.115036 0.025337 hargrave 2018-08-01 15:09:09 
TT 555 220.3  47.5 204.5  52.7 1.80E-05 005.5 222.3  07.6 0.121279 0.115048 0.050010 hargrave 2018-08-02 12:17:52 
TT 560 218.3  46.4 203.0  51.2 1.76E-05 004.7 223.5  06.2 0.102963 0.102687 0.043685 hargrave 2018-08-03 15:27:50 
TT 565 221.9  48.3 205.7  53.9 1.78E-05 004.0 221.4  08.5 0.087432 0.087534 0.032626 hargrave 2018-08-13 13:46:28 
TT 570 222.1  47.0 206.6  52.7 1.74E-05 004.9 222.7  08.8 0.117559 0.099733 0.022142 hargrave 2018-08-14 10:36:21 
TT 575 222.3  47.6 206.6  53.3 1.73E-05 004.2 222.1  08.9 0.100900 0.078631 0.023674 hargrave 2018-08-14 17:23:57 
TT 580 222.7  49.3 205.9  54.9 1.70E-05 005.9 220.4  08.9 0.119779 0.132657 0.019712 hargrave 2018-08-15 14:01:13 
TT 600 221.7  47.3 206.1  52.9 1.64E-05 004.9 222.4  08.5 0.100530 0.102512 0.021171 hargrave 2018-08-16 10:26:22 
TT 620 222.9  48.9 206.4  54.6 1.60E-05 005.0 220.7  09.1 0.085300 0.113641 0.023663 hargrave 2018-08-16 17:20:24 
TT 630 221.6  52.0 202.9  57.2 1.60E-05 005.9 217.7  07.9 0.082798 0.143606 0.042482 hargrave 2018-08-17 15:28:29 
TT 640 224.4  60.3 198.2  65.4 1.47E-05 005.8 209.1  08.2 0.050095 0.144544 0.016804 hargrave 2018-08-28 17:02:29 
TT 645 144.0  35.2 138.7  24.4 1.73E-05 038.4 207.6 -47.2 0.165468 0.202876 1.469968 hargrave 2018-09-10 15:55:25 
TT 645 136.0  20.6 133.9  08.9 2.50E-05 003.2 211.7 -63.2 0.051441 0.137943 0.062983 hargrave 2018-09-10 17:27:37 
TT 650 217.9  60.3 191.7  63.8 1.40E-05 007.7 209.6  05.0 0.043355 0.179002 0.071589 hargrave 2018-09-11 17:46:26 
TT 655 289.0  27.2 290.5  41.2 3.38E-05 035.3 203.9  62.2 0.156233 0.195119 3.041345 hargrave 2018-09-12 18:16:40 
TT 655 275.9  51.0 273.3  65.0 1.82E-05 004.2 199.6  36.5 0.045565 0.122277 0.054353 hargrave 2018-09-20 10:56:44 
TT 660 219.0  42.8 205.6  48.0 1.70E-05 005.7 227.1  07.0 0.063273 0.173232 0.054866 hargrave 2018-09-20 17:44:07 
TT 665 220.8  80.3 143.8  77.5 1.26E-05 009.3 189.6  03.6 0.012639 0.202926 0.045578 hargrave 2018-09-21 16:23:27 
TT 665 224.1  65.5 190.6  69.7 1.29E-05 005.0 204.0  07.1 0.034247 0.104057 0.034552 hargrave 2018-09-24 11:33:08 
TT 670 208.7  54.3 188.3  56.2 1.36E-05 008.6 215.6  00.1 0.040934 0.225279 0.032041 hargrave 2018-09-24 17:36:10 
TT 670 210.0  51.3 191.7  53.7 1.39E-05 004.7 218.7  00.7 0.038459 0.109767 0.039389 hargrave 2018-09-24 18:44:48 
TT 672 217.0  76.9 156.5  75.6 9.66E-06 012.7 193.1  03.2 0.021022 0.224846 0.029887 hargrave 2018-09-25 16:01:43 
TT 672 217.3  73.1 168.6  73.6 9.70E-06 007.6 196.9  03.7 0.011280 0.123164 0.049234 hargrave 2018-09-25 17:05:33 
TT 674 219.5  38.5 208.0  44.0 1.32E-05 008.9 231.4  07.6 0.068494 0.236969 0.032182 hargrave 2018-09-26 12:21:29 
TT 674 219.5  37.4 208.4  43.0 1.33E-05 005.1 232.5  07.7 0.045622 0.124108 0.040815 hargrave 2018-09-26 13:48:14 
TT 676 223.2 -15.8 225.7 -08.0 1.06E-05 004.2 286.5  10.9 0.028168 0.108421 0.040606 hargrave 2018-10-04 12:17:23 
TT 678 212.5  27.8 204.7  32.1 1.08E-05 006.3 242.3  02.0 0.075285 0.108531 0.023623 hargrave 2018-10-05 10:01:00 
TT 680 230.1  70.2 186.2  74.7 5.66E-06 026.5 198.9  08.2 0.009398 0.287650 0.059737 hargrave 2018-10-09 12:15:57 
TT 680 230.7  58.8 206.8  65.5 5.80E-06 009.8 209.9  11.6 0.024279 0.118694 0.021302 hargrave 2018-10-09 14:09:25 
TT 680 080.1  87.5 097.9  73.5 4.78E-06 027.1 178.4  00.1 0.015855 0.200705 0.138790 hargrave 2018-10-09 14:33:25 
TT 680 234.1  63.8 204.0  70.7 5.49E-06 011.1 204.6  11.7 0.017604 0.120196 0.017472 hargrave 2018-10-09 15:15:05 
TT 682 207.4  28.8 199.3  31.8 1.21E-05 004.7 241.0 -02.5 0.036322 0.131812 0.039161 hargrave 2018-10-11 12:05:19 
TT 684 037.3  04.8 037.6 -01.5 9.33E-06 003.7 095.0 -05.8 0.036413 0.139695 0.030883 hargrave 2018-10-12 10:13:11 
TT 686 205.6  27.0 198.1  29.7 9.63E-06 006.0 242.7 -04.2 0.028586 0.173339 0.030225 hargrave 2018-10-12 18:25:13 
TT 688 325.1 -18.2 322.8 -07.9 2.45E-05 039.3 048.1  59.1 0.280853 0.279750 2.245896 hargrave 2018-10-19 17:48:41 
TT 688 041.6 -28.8 033.7 -35.2 1.17E-05 062.7 061.1 -10.0 0.302825 0.270804 2.269177 hargrave 2018-10-20 10:51:35 
TT 690 136.3  17.6 134.6  06.0 2.35E-05 022.7 216.3 -65.4 0.294121 0.252948 1.586848 hargrave 2018-10-20 16:58:23 
