TR032 -Ka mag compass orientation (IGRF corrected)
   9.33  35.3  65.0  11.0  14.1   1.0
NRM    050.2 -41.3 038.2 -49.1 1.32E-05 002.1 054.5 -27.0 0.035502 0.025636 0.024653 hargrave 2018-05-11 14:55:08 
TT 100 055.2 -44.0 042.6 -52.7 1.33E-05 002.0 052.1 -31.0 0.040185 0.027205 0.019930 hargrave 2018-05-14 13:38:59 
TT 200 057.9 -44.7 045.4 -54.0 1.32E-05 001.8 051.5 -33.0 0.024772 0.029330 0.020167 hargrave 2018-05-15 11:35:26 
TT 300 060.1 -45.9 047.4 -55.6 1.34E-05 002.2 050.1 -34.6 0.043004 0.024986 0.019302 hargrave 2018-05-16 10:11:10 
TT 350 061.3 -47.5 048.0 -57.3 1.33E-05 001.8 048.2 -35.5 0.025610 0.031227 0.019124 hargrave 2018-05-16 17:58:37 
TT 400 062.5 -47.8 049.2 -57.8 1.35E-05 002.0 047.8 -36.2 0.027527 0.036255 0.019293 hargrave 2018-05-18 11:02:20 
TT 450 064.7 -50.1 050.7 -60.5 1.36E-05 001.9 044.8 -37.6 0.031829 0.028906 0.021209 hargrave 2018-05-18 17:20:56 
TT 475 064.4 -50.6 050.0 -60.9 1.35E-05 001.8 044.2 -37.3 0.026716 0.029108 0.019814 hargrave 2018-05-21 15:32:43 
TT 500 066.9 -51.1 052.9 -61.8 1.38E-05 002.5 043.4 -38.9 0.040595 0.044229 0.016206 hargrave 2018-07-31 10:18:11 
TT 525 067.8 -51.3 053.9 -62.2 1.37E-05 002.4 042.9 -39.4 0.038849 0.043147 0.015207 hargrave 2018-07-31 17:00:09 
TT 550 072.1 -52.6 058.7 -64.2 1.40E-05 002.7 040.6 -41.7 0.041190 0.036149 0.051559 hargrave 2018-08-01 15:04:40 
TT 555 071.1 -54.2 056.3 -65.5 1.38E-05 001.8 038.8 -40.8 0.033348 0.024971 0.015386 hargrave 2018-08-02 12:13:20 
TT 560 069.1 -52.9 054.5 -63.9 1.36E-05 002.1 040.8 -39.9 0.033610 0.034446 0.017766 hargrave 2018-08-03 15:23:22 
TT 565 071.3 -53.0 057.3 -64.4 1.38E-05 002.0 040.3 -41.2 0.025155 0.044221 0.012589 hargrave 2018-08-13 13:41:08 
TT 570 072.2 -53.6 058.2 -65.1 1.37E-05 002.8 039.3 -41.5 0.046769 0.049583 0.012251 hargrave 2018-08-14 10:31:50 
TT 575 071.4 -54.1 056.8 -65.5 1.37E-05 002.8 038.9 -41.0 0.043883 0.050579 0.017976 hargrave 2018-08-14 17:19:29 
TT 580 072.3 -54.2 057.9 -65.8 1.37E-05 002.4 038.5 -41.4 0.037347 0.040423 0.025786 hargrave 2018-08-15 13:55:07 
TT 600 075.1 -53.5 062.2 -65.5 1.36E-05 002.1 038.8 -43.2 0.033092 0.036752 0.017053 hargrave 2018-08-16 10:21:55 
TT 620 081.2 -57.1 068.7 -69.8 1.37E-05 002.4 032.4 -45.1 0.039130 0.038963 0.024814 hargrave 2018-08-16 17:15:54 
TT 630 081.0 -57.3 068.3 -70.1 1.35E-05 002.5 032.1 -44.9 0.036042 0.032522 0.038975 hargrave 2018-08-17 15:24:02 
TT 640 095.8 -60.7 091.3 -74.7 1.23E-05 001.9 021.5 -49.0 0.026003 0.032617 0.013443 hargrave 2018-08-28 16:57:59 
TT 645 121.5 -41.2 127.8 -54.2 2.12E-05 003.4 010.0 -73.5 0.046201 0.045973 0.382012 hargrave 2018-09-10 15:50:56 
TT 650 311.9 -00.8 312.6  11.3 2.40E-05 064.0 014.9  63.4 0.309368 0.341621 3.266180 hargrave 2018-09-11 17:42:01 
TT 650 131.6 -41.8 140.6 -53.4 2.16E-05 016.8 344.2 -72.4 0.148886 0.189018 1.236147 hargrave 2018-09-12 10:07:48 
TT 650 127.6 -63.7 151.2 -75.1 1.23E-05 005.9 358.4 -51.2 0.041424 0.040653 0.150591 hargrave 2018-09-12 10:57:38 
TT 655 145.3 -64.8 176.8 -72.1 1.04E-05 007.0 347.3 -48.2 0.033485 0.088181 0.117442 hargrave 2018-09-12 18:12:30 
TT 660 141.7 -56.2 161.3 -65.3 1.11E-05 004.0 343.4 -56.6 0.031632 0.079628 0.029926 hargrave 2018-09-20 17:39:52 
TT 665 148.1 -41.0 159.5 -49.6 8.03E-06 006.6 315.8 -65.2 0.026128 0.110219 0.046741 hargrave 2018-09-21 16:19:15 
TT 670 193.3 -10.1 195.7 -09.2 9.33E-06 002.3 270.2 -24.1 0.014574 0.140691 0.033707 hargrave 2018-09-24 17:31:56 
TT 672 182.8  15.8 179.1  13.4 6.04E-06 007.9 240.1 -20.7 0.014638 0.139257 0.026855 hargrave 2018-09-25 15:57:06 
TT 674 192.0  13.1 188.7  12.9 7.23E-06 004.3 247.6 -14.7 0.009797 0.129791 0.046020 hargrave 2018-09-26 12:16:59 
TT 676 206.8  13.1 203.2  16.5 7.98E-06 004.1 254.6 -02.0 0.020572 0.110937 0.038639 hargrave 2018-10-04 12:12:48 
TT 678 211.6 -04.3 212.0  00.8 7.20E-06 003.6 272.3 -05.1 0.046896 0.086700 0.020018 hargrave 2018-10-05 09:56:45 
TT 680 194.7  24.4 188.3  24.6 6.08E-06 024.8 239.1 -06.6 0.056346 0.358247 0.023159 hargrave 2018-10-09 12:11:27 
TT 680 201.1  17.2 196.5  19.1 7.32E-06 003.8 248.4 -05.0 0.012444 0.092247 0.027371 hargrave 2018-10-09 14:05:59 
TT 682 202.1 -03.1 202.5 -00.3 9.25E-06 005.9 267.2 -13.3 0.076483 0.112488 0.031831 hargrave 2018-10-11 12:00:56 
TT 684 164.8  46.7 153.5  39.2 3.82E-06 017.0 206.3 -09.9 0.041527 0.109774 0.014548 hargrave 2018-10-12 10:08:00 
TT 684 173.9  41.3 163.4  35.9 3.67E-06 011.5 214.9 -09.9 0.008825 0.087389 0.018714 hargrave 2018-10-12 11:24:34 
TT 684 173.3  42.1 162.6  36.5 3.66E-06 009.3 214.0 -09.6 0.011992 0.063707 0.016091 hargrave 2018-10-12 11:52:31 
TT 686 213.6 -08.8 214.9 -03.2 7.36E-06 002.2 277.3 -05.3 0.016276 0.116678 0.023097 hargrave 2018-10-12 18:20:52 
TT 688 171.5  41.7 161.1  35.8 4.29E-06 015.3 213.3 -10.8 0.015160 0.129151 0.017314 hargrave 2018-10-19 17:45:01 
TT 688 186.6  34.3 177.5  32.1 4.56E-06 008.3 226.9 -07.0 0.011537 0.078299 0.049212 hargrave 2018-10-20 10:50:07 
TT 690 210.0 -06.3 210.9 -01.6 7.10E-06 008.3 273.5 -07.4 0.022867 0.110088 0.110741 hargrave 2018-10-20 16:54:41 
