TR032 -Sa mag compass orientation (IGRF corrected)
  10.44  65.3 112.0  11.0  14.1   1.0
NRM    048.8  07.7 049.4 -01.0 1.10E-05 002.8 103.6  12.2 0.038282 0.017201 0.037573 hargrave 2018-05-11 15:05:02 
TT 100 053.0  04.2 052.9 -05.2 1.00E-05 003.2 098.6  09.8 0.048075 0.015816 0.030308 hargrave 2018-05-14 13:48:53 
TT 200 053.6  05.2 053.7 -04.3 9.78E-06 003.8 099.3  08.8 0.059419 0.013812 0.027512 hargrave 2018-05-15 11:45:22 
TT 300 054.3  05.6 054.5 -04.1 9.66E-06 003.6 099.3  08.0 0.054287 0.014212 0.029154 hargrave 2018-05-16 10:21:06 
TT 350 056.0  03.0 055.7 -07.0 9.59E-06 002.9 096.3  07.5 0.039099 0.013525 0.029423 hargrave 2018-05-16 18:08:31 
TT 400 056.5  01.6 055.9 -08.4 9.66E-06 004.1 094.8  07.5 0.064443 0.014679 0.025445 hargrave 2018-05-18 11:12:19 
TT 450 057.1  02.5 056.7 -07.6 9.61E-06 002.3 095.4  06.6 0.025680 0.014370 0.028428 hargrave 2018-05-18 17:30:50 
TT 475 058.9 -02.2 057.7 -12.5 9.48E-06 002.9 090.4  06.7 0.042295 0.014768 0.024436 hargrave 2018-05-21 15:42:44 
TT 500 059.7 -02.3 058.4 -12.8 9.35E-06 003.0 090.0  06.1 0.041275 0.013053 0.026160 hargrave 2018-07-31 10:29:04 
TT 525 059.4 -04.0 057.9 -14.5 9.13E-06 001.9 088.4  07.0 0.028881 0.012424 0.008687 hargrave 2018-07-31 17:10:47 
TT 550 063.6 -02.1 062.4 -13.3 8.93E-06 004.9 088.7  02.4 0.043268 0.012010 0.063747 hargrave 2018-08-01 15:15:10 
TT 555 063.1 -03.5 061.7 -14.5 8.90E-06 003.5 087.6  03.4 0.034344 0.014757 0.043530 hargrave 2018-08-02 12:24:00 
TT 560 062.8 -04.7 061.2 -15.7 8.94E-06 002.8 086.5  04.1 0.036535 0.017006 0.022967 hargrave 2018-08-03 15:34:05 
TT 565 062.6 -05.9 060.8 -16.8 8.81E-06 002.5 085.6  04.7 0.030182 0.014029 0.023870 hargrave 2018-08-13 13:52:32 
TT 570 063.2 -05.3 061.5 -16.3 8.84E-06 004.0 085.9  03.9 0.057823 0.013533 0.024427 hargrave 2018-08-14 10:42:29 
TT 575 063.2 -06.2 061.3 -17.2 8.72E-06 002.5 085.0  04.3 0.023698 0.015446 0.030223 hargrave 2018-08-14 17:30:03 
TT 580 064.2 -06.4 062.4 -17.6 8.78E-06 003.2 084.4  03.4 0.042799 0.018069 0.025281 hargrave 2018-08-15 14:07:30 
TT 600 066.7 -08.1 064.7 -19.6 8.45E-06 002.1 082.0  01.7 0.016193 0.016738 0.027123 hargrave 2018-08-16 10:32:28 
TT 620 067.0 -09.0 064.8 -20.6 8.30E-06 003.9 081.0  01.8 0.048493 0.014201 0.032791 hargrave 2018-08-16 17:26:24 
TT 630 067.5 -10.5 065.2 -22.1 8.15E-06 003.4 079.4  01.9 0.032509 0.023449 0.039932 hargrave 2018-08-17 15:34:33 
TT 640 068.4 -12.7 065.7 -24.4 7.81E-06 003.0 077.0  01.9 0.029432 0.032456 0.034238 hargrave 2018-08-28 17:08:42 
TT 645 068.1 -05.6 066.5 -17.3 7.10E-06 005.7 083.8 -00.5 0.016822 0.047855 0.067904 hargrave 2018-09-10 16:01:21 
TT 650 070.3 -03.1 069.1 -15.1 8.38E-06 003.9 085.3 -03.4 0.016883 0.058731 0.051974 hargrave 2018-09-11 17:52:24 
TT 655 139.8  15.6 138.3  04.4 2.02E-05 006.0 068.9 -74.0 0.067866 0.079309 0.852294 hargrave 2018-09-12 18:22:19 
TT 660 070.0 -06.4 068.4 -18.4 8.88E-06 003.7 082.3 -02.0 0.019905 0.082306 0.053008 hargrave 2018-09-20 17:49:46 
TT 665 079.3 -06.8 078.1 -19.8 5.83E-06 005.9 078.3 -10.3 0.010956 0.095629 0.037363 hargrave 2018-09-21 16:29:02 
TT 670 068.0 -07.6 066.1 -19.3 1.00E-05 005.0 082.0  00.4 0.049416 0.100318 0.061208 hargrave 2018-09-24 17:41:52 
TT 672 080.4 -21.8 077.5 -34.8 4.96E-06 006.0 064.2 -04.9 0.025097 0.093506 0.035606 hargrave 2018-09-25 16:07:51 
TT 674 068.7 -13.0 066.0 -24.7 8.85E-06 005.3 076.7  01.8 0.040095 0.107377 0.055613 hargrave 2018-09-26 12:27:33 
TT 676 087.7 -31.5 084.9 -45.2 6.40E-06 004.9 052.4 -06.1 0.013952 0.061230 0.035151 hargrave 2018-10-04 12:23:32 
TT 678 110.9 -43.7 114.4 -57.6 4.88E-06 005.1 031.2 -12.7 0.014060 0.029530 0.032434 hargrave 2018-10-05 10:06:46 
TT 680 084.0 -30.1 080.6 -43.5 4.29E-06 016.2 055.2 -04.0 0.015026 0.187199 0.009547 hargrave 2018-10-09 12:22:12 
TT 680 091.0 -35.1 088.6 -49.0 3.77E-06 008.1 047.9 -06.5 0.017730 0.069190 0.013642 hargrave 2018-10-09 14:15:43 
TT 680 154.5 -67.7 192.1 -72.2 2.49E-06 055.4 000.3 -00.3 0.008574 0.362350 0.040553 hargrave 2018-10-09 14:39:30 
TT 680 089.3 -33.6 086.6 -47.3 3.92E-06 006.9 049.9 -06.2 0.010278 0.062824 0.014056 hargrave 2018-10-09 15:19:34 
TT 682 211.6 -33.2 219.2 -27.3 3.29E-06 010.0 314.4 -13.0 0.009843 0.076466 0.015677 hargrave 2018-10-11 12:11:13 
TT 682 210.7 -36.2 219.2 -30.5 3.36E-06 005.8 317.3 -11.8 0.013922 0.045386 0.014628 hargrave 2018-10-11 13:10:26 
TT 684 268.3  65.9 252.4  79.3 1.10E-06 036.4 202.5 -11.2 0.022818 0.078349 0.006774 hargrave 2018-10-12 10:18:58 
TT 684 249.3  56.0 232.4  66.9 1.12E-06 022.2 215.5 -16.0 0.006287 0.050486 0.005339 hargrave 2018-10-12 11:26:05 
TT 684 248.8  55.0 232.5  65.9 1.12E-06 015.8 216.5 -16.0 0.006766 0.035553 0.004930 hargrave 2018-10-12 11:53:59 
TT 686 200.1 -41.6 211.6 -38.0 2.41E-06 015.3 327.1 -14.0 0.014322 0.082367 0.017295 hargrave 2018-10-12 18:31:00 
TT 686 161.1  09.4 159.8  02.2 3.31E-05 007.1 335.5 -76.2 0.284322 0.155036 1.855681 hargrave 2018-10-19 10:41:11 
TT 688 153.6  09.3 152.6  00.6 2.47E-05 004.7 007.6 -77.2 0.226154 0.138660 1.333634 hargrave 2018-10-19 17:54:08 
TT 690 151.6  15.9 149.5  06.7 3.20E-05 004.5 030.4 -83.0 0.361289 0.198006 2.211346 hargrave 2018-10-20 17:08:53 
