TR032 -Ia mag compass orientation (IGRF corrected)
   8.98  60.3  76.0  11.0  14.1   1.0
NRM    004.9 -28.0 357.8 -25.6 1.76E-05 003.5 038.4  36.3 0.074086 0.057734 0.055020 hargrave 2018-05-11 14:52:23 
TT 100 006.6 -31.0 358.5 -28.9 1.74E-05 002.6 037.3  33.0 0.057151 0.058701 0.029811 hargrave 2018-05-14 13:36:11 
TT 200 007.4 -32.5 358.8 -30.5 1.74E-05 001.7 036.6  31.6 0.039789 0.039814 0.031207 hargrave 2018-05-15 11:32:40 
TT 300 009.5 -32.4 000.8 -31.0 1.78E-05 002.2 038.2  30.3 0.051522 0.046738 0.036458 hargrave 2018-05-16 10:08:24 
TT 350 009.0 -33.8 359.8 -32.2 1.78E-05 001.9 036.7  29.6 0.042890 0.043403 0.035389 hargrave 2018-05-16 17:55:53 
TT 400 009.8 -34.5 000.4 -33.0 1.78E-05 002.2 036.7  28.7 0.049123 0.050067 0.036354 hargrave 2018-05-18 10:59:34 
TT 450 009.2 -36.2 359.2 -34.5 1.78E-05 002.3 034.9  27.8 0.049455 0.049753 0.038693 hargrave 2018-05-18 17:18:09 
TT 475 009.2 -36.6 359.1 -34.9 1.78E-05 002.6 034.7  27.5 0.055593 0.059285 0.035766 hargrave 2018-05-21 15:29:57 
TT 500 009.2 -36.0 359.3 -34.4 1.82E-05 002.6 035.1  27.9 0.032411 0.071423 0.053980 hargrave 2018-07-31 10:15:11 
TT 525 010.8 -37.4 000.2 -36.0 1.79E-05 002.4 035.0  26.1 0.047868 0.073059 0.021534 hargrave 2018-07-31 16:57:01 
TT 550 011.8 -38.7 000.7 -37.5 1.76E-05 003.2 034.7  24.6 0.036463 0.067087 0.093313 hargrave 2018-08-01 15:01:42 
TT 555 010.0 -38.8 359.0 -37.2 1.78E-05 002.1 033.5  25.5 0.040913 0.061573 0.029336 hargrave 2018-08-02 12:10:19 
TT 560 012.4 -41.2 000.2 -40.0 1.72E-05 002.9 033.0  22.5 0.044486 0.077037 0.053006 hargrave 2018-08-03 15:20:21 
TT 565 010.4 -38.8 359.4 -37.3 1.76E-05 002.8 033.7  25.3 0.054747 0.073670 0.028102 hargrave 2018-08-13 13:38:10 
TT 570 009.8 -39.4 358.6 -37.7 1.76E-05 002.5 032.9  25.2 0.048769 0.070200 0.019944 hargrave 2018-08-14 10:28:53 
TT 575 010.7 -39.0 359.5 -37.6 1.76E-05 002.4 033.7  25.0 0.046702 0.069475 0.020322 hargrave 2018-08-14 17:16:27 
TT 580 010.9 -38.9 359.7 -37.5 1.75E-05 002.6 033.9  24.9 0.053585 0.075366 0.020983 hargrave 2018-08-15 13:52:08 
TT 600 011.8 -39.7 000.3 -38.4 1.78E-05 001.8 033.9  23.9 0.036717 0.052079 0.020160 hargrave 2018-08-16 10:18:56 
TT 620 010.7 -41.8 358.5 -40.2 1.74E-05 002.3 031.7  22.9 0.047832 0.061641 0.025231 hargrave 2018-08-16 17:12:53 
TT 630 012.6 -40.2 000.9 -39.1 1.73E-05 001.5 034.0  23.1 0.041925 0.042260 0.033146 hargrave 2018-08-17 15:21:04 
TT 640 012.1 -40.0 000.5 -38.9 1.71E-05 001.2 033.8  23.4 0.025764 0.036772 0.022765 hargrave 2018-08-28 16:54:59 
TT 645 013.9 -38.6 002.7 -37.9 1.61E-05 004.7 036.0  23.5 0.032189 0.040685 0.146997 hargrave 2018-09-10 15:48:01 
TT 650 343.7 -08.4 342.6 -01.8 3.55E-05 026.5 031.4  63.9 0.202819 0.222847 2.812256 hargrave 2018-09-11 17:39:06 
TT 650 345.2 -09.4 343.9 -03.1 3.39E-05 017.5 033.2  62.3 0.118066 0.144658 1.965479 hargrave 2018-09-12 10:04:52 
TT 650 351.0 -16.6 347.7 -11.4 2.46E-05 014.2 034.4  53.2 0.097497 0.125440 1.080587 hargrave 2018-09-12 10:54:42 
TT 650 346.8 -13.0 344.5 -07.0 3.04E-05 002.1 031.9  58.4 0.053178 0.073574 0.106356 hargrave 2018-09-12 11:28:56 
TT 655 112.6 -38.4 115.9 -52.1 2.04E-05 053.5 046.7 -48.8 0.234229 0.265372 2.587419 hargrave 2018-09-12 18:09:44 
TT 655 077.2 -38.5 070.8 -51.0 1.75E-05 002.6 053.8 -21.8 0.036754 0.074315 0.036621 hargrave 2018-09-20 10:51:58 
TT 660 012.4 -45.2 358.5 -43.8 1.16E-05 002.7 030.1  19.6 0.014546 0.058138 0.024127 hargrave 2018-09-20 17:37:08 
TT 665 031.5 -33.7 021.7 -37.6 1.48E-05 003.1 048.9  14.7 0.026227 0.107351 0.024550 hargrave 2018-09-21 16:16:31 
TT 670 042.8 -28.5 035.0 -35.1 1.31E-05 002.7 057.9  08.1 0.027142 0.098908 0.038708 hargrave 2018-09-24 17:29:10 
TT 672 031.4 -31.0 022.6 -34.9 7.55E-06 006.2 051.4  16.1 0.018687 0.109936 0.050349 hargrave 2018-09-25 15:54:09 
TT 674 313.6 -37.4 309.2 -25.2 1.81E-06 036.9 343.5  36.3 0.022291 0.121047 0.058717 hargrave 2018-09-26 12:13:59 
TT 674 301.5 -37.7 298.7 -24.4 2.11E-06 019.3 333.4  31.6 0.009308 0.045293 0.058393 hargrave 2018-09-26 13:43:16 
TT 674 300.8 -38.0 298.1 -24.6 2.22E-06 016.9 333.1  31.2 0.011925 0.025707 0.063904 hargrave 2018-09-26 14:10:35 
TT 676 020.9  21.8 026.0  18.8 3.13E-06 008.3 106.9  41.4 0.012052 0.092548 0.053332 hargrave 2018-10-04 12:09:41 
TT 676 023.2  20.9 027.9  17.4 3.03E-06 008.2 105.8  39.3 0.012815 0.023224 0.063718 hargrave 2018-10-04 13:13:05 
TT 676 025.8  19.9 030.1  15.8 3.12E-06 009.1 104.6  36.9 0.018641 0.023832 0.065092 hargrave 2018-10-04 13:35:09 
TT 678 203.2  21.5 197.4  23.8 3.35E-06 013.8 236.5 -27.1 0.046178 0.077547 0.017272 hargrave 2018-10-05 09:53:58 
TT 678 208.8  17.8 203.9  21.6 3.04E-06 008.1 242.8 -24.1 0.004193 0.028845 0.056025 hargrave 2018-10-05 10:52:51 
TT 678 205.8  18.4 200.8  21.4 2.96E-06 007.3 240.8 -26.4 0.004006 0.025264 0.050395 hargrave 2018-10-05 11:11:07 
TT 680 047.8  26.2 052.2  17.3 2.77E-06 050.1 113.5  17.1 0.011643 0.312099 0.016676 hargrave 2018-10-09 12:08:25 
TT 680 030.3  43.3 041.2  37.4 1.70E-06 020.2 132.5  31.3 0.007635 0.076169 0.015107 hargrave 2018-10-09 14:01:43 
TT 680 135.2  74.0 119.8  61.2 8.49E-07 067.5 175.9 -01.5 0.011919 0.183438 0.110248 hargrave 2018-10-09 14:31:48 
TT 680 111.4  71.7 107.1  57.7 9.32E-07 066.8 168.6 -00.5 0.009237 0.192933 0.111265 hargrave 2018-10-09 15:13:23 
TT 682 210.0  17.2 205.3  21.2 6.51E-06 007.9 243.9 -23.3 0.040048 0.095102 0.024775 hargrave 2018-10-11 11:58:01 
TT 684 076.9  35.6 079.9  22.6 3.69E-06 005.9 128.6 -04.8 0.036724 0.089546 0.015022 hargrave 2018-10-12 10:05:09 
TT 686 217.7  19.1 212.5  24.9 3.87E-06 006.9 245.1 -15.8 0.004557 0.100934 0.022088 hargrave 2018-10-12 18:17:58 
TT 688 050.9  46.1 059.8  36.2 4.78E-06 010.7 134.5  16.5 0.011718 0.110080 0.031702 hargrave 2018-10-19 17:42:40 
TT 688 069.0  41.9 074.0  29.6 4.01E-06 014.9 132.5  03.0 0.023459 0.052458 0.094348 hargrave 2018-10-20 10:47:03 
TT 690 326.0  12.9 329.3  22.6 2.35E-05 055.6 284.2  85.7 0.346306 0.125721 2.599832 hargrave 2018-10-20 16:52:13 
