TR032 -Ga mag compass orientation (IGRF corrected)
   8.78  33.3  40.0  11.0  14.1   1.0
NRM    327.2 -27.0 323.2 -16.9 2.09E-05 003.2 021.5  10.1 0.062609 0.096861 0.037620 hargrave 2018-05-11 14:49:45 
TT 100 326.6 -29.2 322.2 -18.9 2.06E-05 001.4 020.4  08.2 0.060816 0.041098 0.023398 hargrave 2018-05-14 13:33:33 
TT 200 325.5 -29.9 321.1 -19.4 2.07E-05 001.6 019.3  07.7 0.053222 0.044510 0.026130 hargrave 2018-05-15 11:29:55 
TT 300 326.8 -30.1 322.2 -19.8 2.08E-05 002.5 020.3  07.3 0.039850 0.085939 0.025171 hargrave 2018-05-16 10:05:44 
TT 350 326.4 -30.8 321.8 -20.5 2.08E-05 002.7 019.8  06.7 0.065734 0.084831 0.027622 hargrave 2018-05-16 17:52:27 
TT 400 328.4 -31.0 323.5 -21.0 2.08E-05 001.5 021.5  06.0 0.037801 0.040946 0.024877 hargrave 2018-05-18 10:56:52 
TT 450 329.4 -31.8 324.2 -22.0 2.07E-05 002.2 022.0  04.9 0.062218 0.065630 0.028711 hargrave 2018-05-18 17:15:28 
TT 475 326.7 -32.4 321.7 -22.1 2.06E-05 001.6 019.7  05.0 0.043818 0.045191 0.025240 hargrave 2018-05-21 15:26:24 
TT 500 328.7 -32.4 323.5 -22.4 2.08E-05 002.2 021.3  04.6 0.064188 0.065284 0.038063 hargrave 2018-07-31 10:12:11 
TT 525 327.6 -34.4 322.1 -24.2 2.06E-05 002.1 019.9  02.9 0.056284 0.061407 0.032908 hargrave 2018-07-31 16:54:06 
TT 550 328.4 -33.9 322.9 -23.9 2.05E-05 002.3 020.7  03.2 0.055502 0.068579 0.035761 hargrave 2018-08-01 14:58:51 
TT 555 328.3 -34.3 322.7 -24.2 2.06E-05 002.8 020.5  02.8 0.056955 0.083948 0.045960 hargrave 2018-08-02 12:07:28 
TT 560 328.2 -33.8 322.8 -23.7 2.05E-05 001.9 020.5  03.3 0.061918 0.049610 0.042930 hargrave 2018-08-03 15:17:31 
TT 565 327.8 -33.7 322.4 -23.6 2.04E-05 001.7 020.2  03.5 0.048252 0.045023 0.024010 hargrave 2018-08-13 13:35:19 
TT 570 328.5 -33.9 323.0 -23.8 2.04E-05 002.3 020.7  03.2 0.046856 0.068758 0.037435 hargrave 2018-08-14 10:26:03 
TT 575 328.2 -33.8 322.8 -23.7 2.04E-05 002.4 020.5  03.3 0.061195 0.072280 0.043376 hargrave 2018-08-14 17:13:36 
TT 580 330.4 -33.6 324.8 -23.8 2.04E-05 001.8 022.4  03.1 0.054602 0.042725 0.043971 hargrave 2018-08-15 13:49:12 
TT 600 330.0 -34.1 324.3 -24.3 2.03E-05 001.9 021.8  02.6 0.059567 0.047998 0.041610 hargrave 2018-08-16 10:16:05 
TT 620 330.2 -34.8 324.3 -25.0 1.99E-05 002.1 021.8  01.9 0.046727 0.049988 0.042348 hargrave 2018-08-16 17:10:00 
TT 630 330.3 -35.0 324.4 -25.2 1.98E-05 002.3 021.9  01.7 0.051325 0.054251 0.048984 hargrave 2018-08-17 15:18:14 
TT 640 328.0 -35.3 322.3 -25.1 1.92E-05 002.9 020.0  01.9 0.049948 0.091761 0.029460 hargrave 2018-08-28 16:52:03 
TT 645 331.4 -47.6 322.0 -37.7 1.90E-05 002.8 018.8 -10.6 0.049999 0.073204 0.048242 hargrave 2018-09-10 15:45:05 
TT 650 325.6 -40.1 319.1 -29.5 1.86E-05 004.3 016.9 -02.3 0.035660 0.089648 0.107533 hargrave 2018-09-11 17:36:18 
TT 655 334.1 -33.2 328.1 -24.1 1.89E-05 006.3 025.4  02.5 0.051786 0.135422 0.159502 hargrave 2018-09-12 18:07:01 
TT 660 333.0 -39.2 325.7 -29.8 1.66E-05 003.3 022.6 -03.0 0.036411 0.081004 0.048021 hargrave 2018-09-20 17:34:31 
TT 665 329.8 -35.2 323.9 -25.4 2.09E-05 004.5 021.4  01.6 0.584906 0.093134 0.052435 hargrave 2018-09-21 16:13:49 
TT 670 334.6 -42.4 326.3 -33.2 1.56E-05 007.0 022.7 -06.4 0.083456 0.165567 0.067620 hargrave 2018-09-24 17:26:30 
TT 672 340.9 -36.2 333.5 -28.3 1.76E-05 004.3 029.5 -02.4 0.045817 0.107403 0.075021 hargrave 2018-09-25 15:51:23 
TT 674 322.4 -40.7 316.3 -29.6 1.54E-05 004.8 014.4 -02.2 0.040636 0.106001 0.071085 hargrave 2018-09-26 12:11:14 
TT 676 320.4 -35.4 315.5 -24.1 1.97E-05 003.2 013.8  03.3 0.042795 0.098180 0.049130 hargrave 2018-10-04 12:06:53 
TT 678 324.5 -42.5 317.6 -31.6 1.27E-05 006.9 015.5 -04.3 0.095809 0.129930 0.040392 hargrave 2018-10-05 09:51:18 
TT 680 336.4 -29.5 331.1 -21.0 1.32E-05 014.5 028.5  05.2 0.114872 0.328492 0.042602 hargrave 2018-10-09 12:05:28 
TT 680 328.1 -32.9 322.8 -22.8 1.33E-05 005.5 020.7  04.3 0.045634 0.123296 0.050596 hargrave 2018-10-09 14:00:13 
TT 682 284.8 -54.2 283.9 -40.2 6.69E-06 012.5 348.9 -15.4 0.051429 0.150236 0.034002 hargrave 2018-10-11 11:55:18 
TT 682 271.2 -50.0 273.2 -36.1 6.92E-06 016.7 339.4 -13.7 0.066908 0.193904 0.033308 hargrave 2018-10-11 13:05:58 
TT 682 300.6 -40.2 297.7 -26.8 7.08E-06 015.2 357.9 -00.2 0.014119 0.087212 0.172240 hargrave 2018-10-11 13:28:26 
TT 684 352.8 -19.6 348.7 -14.7 7.42E-06 015.3 046.3  07.8 0.102247 0.182393 0.036076 hargrave 2018-10-12 10:02:26 
TT 684 350.6 -22.1 346.0 -16.7 7.42E-06 009.1 043.2  06.6 0.036803 0.128953 0.024980 hargrave 2018-10-12 11:23:02 
TT 684 347.9 -23.8 343.1 -17.7 7.54E-06 002.9 040.3  06.3 0.042940 0.030420 0.023401 hargrave 2018-10-12 11:51:01 
TT 686 181.7 -39.3 193.5 -40.2 2.25E-06 027.0 278.4 -48.2 0.027884 0.141826 0.023065 hargrave 2018-10-12 18:15:16 
TT 686 177.1 -45.7 192.0 -47.4 9.70E-06 082.3 284.4 -54.5 1.569531 0.794687 6.200991 hargrave 2018-10-19 10:36:10 
TT 686 240.5 -17.7 242.5 -06.8 5.63E-06 060.7 302.0  02.7 0.204076 0.179939 0.982041 hargrave 2018-10-19 11:29:46 
TT 688 356.1 -02.3 356.0  01.3 5.67E-06 012.7 058.4  20.9 0.019008 0.167451 0.126908 hargrave 2018-10-19 17:40:25 
TT 688 117.3 -50.6 124.9 -63.9 1.36E-05 008.2 078.7 -86.1 0.156615 0.081214 0.550849 hargrave 2018-10-20 10:44:05 
TT 690 178.6  04.2 177.9  01.1 4.01E-06 027.6 239.5 -18.0 0.227964 0.017289 0.008853 hargrave 2018-10-20 16:48:02 
