TR032 -Ja mag compass orientation (IGRF corrected)
   9.14  40.3  57.0  11.0  14.1   1.0
NRM    061.2  03.7 060.9 -07.1 1.03E-05 002.6 104.9 -15.3 0.035545 0.020696 0.025558 hargrave 2018-05-11 14:53:44 
TT 100 064.1 -00.7 063.1 -11.9 9.92E-06 001.8 102.9 -20.1 0.026330 0.016011 0.014261 hargrave 2018-05-14 13:37:32 
TT 200 065.7 -02.8 064.4 -14.2 9.85E-06 001.6 102.0 -22.7 0.019437 0.016210 0.015707 hargrave 2018-05-15 11:34:01 
TT 300 067.3 -03.8 066.0 -15.4 9.84E-06 001.8 102.2 -24.6 0.025536 0.017793 0.014193 hargrave 2018-05-16 10:09:46 
TT 350 067.9 -06.2 066.2 -17.9 9.81E-06 002.0 100.3 -26.4 0.027904 0.017498 0.015708 hargrave 2018-05-16 17:57:13 
TT 400 068.2 -07.1 066.4 -18.9 9.88E-06 001.8 099.6 -27.2 0.024877 0.015818 0.013489 hargrave 2018-05-18 11:00:55 
TT 450 069.5 -09.4 067.4 -21.3 9.90E-06 001.8 098.3 -29.5 0.023373 0.016691 0.015749 hargrave 2018-05-18 17:19:32 
TT 475 069.4 -10.1 067.2 -22.0 9.98E-06 001.8 097.5 -29.8 0.024511 0.015267 0.014329 hargrave 2018-05-21 15:31:18 
TT 500 071.7 -10.9 069.5 -23.1 1.00E-05 001.8 098.1 -32.1 0.029290 0.014905 0.009195 hargrave 2018-07-31 10:16:40 
TT 525 072.6 -12.7 070.2 -25.0 9.98E-06 003.5 096.8 -33.8 0.057824 0.019075 0.022821 hargrave 2018-07-31 16:58:31 
TT 550 072.7 -13.4 070.2 -25.7 9.88E-06 002.2 096.2 -34.3 0.035191 0.014343 0.009462 hargrave 2018-08-01 15:03:10 
TT 555 071.1 -13.6 068.5 -25.6 9.85E-06 002.0 095.1 -33.0 0.028537 0.018286 0.016814 hargrave 2018-08-02 12:11:49 
TT 560 073.8 -14.8 071.2 -27.2 1.00E-05 003.7 095.4 -35.9 0.055825 0.014766 0.038022 hargrave 2018-08-03 15:21:49 
TT 565 073.1 -14.2 070.5 -26.5 9.91E-06 002.3 095.6 -35.0 0.033841 0.022490 0.010774 hargrave 2018-08-13 13:39:38 
TT 570 072.5 -14.6 069.8 -26.9 1.00E-05 002.0 094.8 -34.7 0.031657 0.020271 0.006426 hargrave 2018-08-14 10:30:20 
TT 575 072.2 -14.7 069.5 -26.9 9.94E-06 002.9 094.6 -34.6 0.046920 0.025468 0.007700 hargrave 2018-08-14 17:17:59 
TT 580 073.5 -14.4 071.0 -26.8 9.87E-06 003.5 095.7 -35.5 0.057311 0.019310 0.012963 hargrave 2018-08-15 13:53:36 
TT 600 073.5 -16.7 070.6 -29.1 9.83E-06 002.1 093.2 -36.6 0.030908 0.021437 0.010706 hargrave 2018-08-16 10:20:23 
TT 620 077.5 -17.1 074.9 -29.9 9.55E-06 002.9 095.1 -40.2 0.037347 0.028040 0.017411 hargrave 2018-08-16 17:14:20 
TT 630 078.3 -16.6 075.9 -29.5 9.74E-06 003.9 096.2 -40.6 0.038682 0.044996 0.032352 hargrave 2018-08-17 15:22:31 
TT 640 078.5 -17.0 076.0 -29.9 1.01E-05 002.9 095.9 -40.9 0.026472 0.053236 0.009883 hargrave 2018-08-28 16:56:27 
TT 645 076.7 -16.8 074.0 -29.6 9.86E-06 002.9 094.9 -39.3 0.036298 0.053224 0.059726 hargrave 2018-09-10 15:49:27 
TT 650 094.4 -11.0 093.8 -25.0 6.00E-06 014.3 115.3 -50.4 0.024407 0.047350 0.265270 hargrave 2018-09-11 17:40:32 
TT 650 098.1 -16.5 097.8 -30.6 6.86E-06 010.4 111.8 -56.6 0.015144 0.028543 0.181853 hargrave 2018-09-12 10:06:19 
TT 650 327.5  29.2 334.7  38.3 2.82E-05 001.7 080.0  74.8 0.060613 0.081994 0.167571 hargrave 2018-09-12 10:56:09 
TT 655 066.4 -14.2 063.3 -25.6 1.08E-05 008.6 091.8 -29.4 0.029126 0.100675 0.127758 hargrave 2018-09-12 18:11:05 
TT 655 062.8 -13.5 059.7 -24.3 1.36E-05 002.8 090.5 -26.1 0.041298 0.079657 0.029432 hargrave 2018-09-20 10:53:24 
TT 660 116.8 -20.5 118.9 -34.0 8.23E-06 006.5 132.7 -72.7 0.018958 0.086374 0.032148 hargrave 2018-09-20 17:38:28 
TT 665 084.3 -00.8 083.8 -14.3 8.35E-06 006.6 117.1 -36.2 0.022661 0.116795 0.019948 hargrave 2018-09-21 16:17:51 
TT 670 084.8  23.2 085.9  09.6 5.40E-06 010.1 136.1 -19.0 0.009890 0.108261 0.033355 hargrave 2018-09-24 17:30:31 
TT 670 087.0  23.6 088.0  09.9 4.92E-06 004.7 138.1 -19.9 0.013084 0.014263 0.037954 hargrave 2018-09-24 18:41:35 
TT 672 079.9  35.3 082.5  22.0 6.08E-06 011.1 140.7 -07.0 0.011403 0.140762 0.020088 hargrave 2018-09-25 15:55:36 
TT 672 083.5  37.7 085.9  24.1 5.57E-06 004.5 144.5 -07.0 0.017815 0.018899 0.036657 hargrave 2018-09-25 17:02:10 
TT 674 173.1  25.6 167.5  20.6 5.02E-06 012.3 220.3 -18.6 0.010711 0.132010 0.035855 hargrave 2018-09-26 12:15:26 
TT 674 176.5  24.0 171.1  19.8 5.04E-06 005.9 223.9 -18.0 0.004796 0.063865 0.041043 hargrave 2018-09-26 13:44:47 
TT 676 027.7  28.0 034.1  23.2 3.98E-06 003.9 108.5  24.6 0.005956 0.087662 0.033606 hargrave 2018-10-04 12:11:18 
TT 678 155.8  32.7 149.8  23.9 3.24E-06 015.9 202.7 -20.0 0.047135 0.079542 0.006961 hargrave 2018-10-05 09:55:20 
TT 678 161.8  32.1 155.4  24.5 2.80E-06 009.7 207.8 -18.4 0.008764 0.042756 0.043278 hargrave 2018-10-05 10:54:13 
TT 678 158.6  33.2 152.1  25.0 2.76E-06 009.9 204.7 -18.6 0.008870 0.043138 0.040455 hargrave 2018-10-05 11:12:33 
TT 680 032.1  18.0 035.7  12.4 4.16E-06 025.0 101.1  16.3 0.007519 0.311616 0.018763 hargrave 2018-10-09 12:09:56 
TT 680 027.7  26.1 033.6  21.3 2.84E-06 007.8 106.7  23.8 0.008195 0.070320 0.010249 hargrave 2018-10-09 14:03:14 
TT 682 150.5  23.8 146.9  14.2 5.51E-06 010.9 201.4 -30.1 0.032512 0.100123 0.018173 hargrave 2018-10-11 11:59:27 
TT 682 154.1  22.7 150.5  13.9 5.20E-06 007.6 205.4 -29.8 0.016660 0.067827 0.017673 hargrave 2018-10-11 13:07:23 
TT 684 058.3  15.6 060.1  05.0 5.69E-06 003.4 112.9 -06.0 0.035297 0.108885 0.020744 hargrave 2018-10-12 10:06:31 
TT 686 090.3  32.2 091.5  18.3 3.81E-06 012.3 145.8 -14.7 0.018802 0.098709 0.018325 hargrave 2018-10-12 18:19:24 
TT 686 142.4  12.9 141.2  02.2 5.09E-06 009.4 196.1 -42.6 0.032690 0.057764 0.083962 hargrave 2018-10-19 10:37:26 
TT 686 308.5  31.8 314.1  44.0 1.58E-05 004.4 308.2  88.1 0.077946 0.095287 0.169427 hargrave 2018-10-19 11:30:59 
TT 688 045.3  25.0 049.6  16.6 5.85E-06 018.2 113.8  09.4 0.037299 0.126844 0.183551 hargrave 2018-10-19 17:43:49 
TT 688 072.0  08.0 072.2 -04.4 5.51E-06 024.6 115.4 -21.1 0.047914 0.068749 0.241668 hargrave 2018-10-20 10:48:54 
TT 690 156.1  18.7 153.1  10.3 4.05E-06 013.9 209.3 -32.7 0.024494 0.097244 0.025447 hargrave 2018-10-20 16:53:21 
