TR028 -Ea mag compass orientation (IGRF corrected)
 640.59 101.3  69.0  29.2  21.2   1.0
NRM    197.1  71.4 156.8  59.3 1.25E-04 002.5 181.9  02.5 0.089031 0.500204 0.242823 hargrave 2018-05-11 14:30:45 
TT 100 197.4  71.1 157.4  59.1 1.25E-04 001.3 182.0  02.2 0.077535 0.248565 0.145714 hargrave 2018-05-14 13:14:33 
TT 200 192.5  71.2 155.0  58.1 1.25E-04 002.0 180.4  02.2 0.080837 0.403041 0.154298 hargrave 2018-05-15 11:09:55 
TT 300 197.6  70.8 157.8  58.9 1.26E-04 001.9 182.1  01.9 0.090456 0.386698 0.155483 hargrave 2018-05-16 09:45:23 
TT 350 195.0  70.9 156.6  58.4 1.26E-04 000.9 181.2  01.9 0.099161 0.118307 0.161673 hargrave 2018-05-16 17:32:46 
TT 400 195.2  70.7 156.9  58.3 1.26E-04 000.9 181.3  01.7 0.096689 0.140052 0.149259 hargrave 2018-05-18 10:37:39 
TT 450 198.3  70.4 158.6  58.8 1.26E-04 000.8 182.3  01.6 0.098233 0.073970 0.164993 hargrave 2018-05-18 16:55:34 
TT 475 194.9  70.5 156.9  58.1 1.25E-04 001.0 181.2  01.5 0.086534 0.160675 0.152560 hargrave 2018-05-21 15:06:44 
TT 500 195.6  70.4 157.4  58.2 1.26E-04 001.6 181.4  01.4 0.125854 0.207462 0.286353 hargrave 2018-07-31 09:51:18 
TT 525 194.4  70.2 157.1  57.8 1.26E-04 002.1 181.0  01.2 0.122630 0.367974 0.295607 hargrave 2018-07-31 16:33:00 
TT 550 197.6  70.0 158.8  58.4 1.25E-04 001.4 182.1  01.1 0.123083 0.126596 0.273958 hargrave 2018-08-01 14:38:33 
TT 555 196.8  70.1 158.3  58.3 1.24E-04 001.4 181.9  01.2 0.100334 0.215858 0.209369 hargrave 2018-08-02 11:46:59 
TT 560 197.3  70.0 158.7  58.3 1.24E-04 002.2 182.1  01.1 0.120908 0.391214 0.278860 hargrave 2018-08-03 14:56:24 
TT 565 195.9  70.0 158.0  58.0 1.23E-04 002.6 181.6  01.1 0.081085 0.546831 0.150793 hargrave 2018-08-13 13:15:02 
TT 570 199.5  69.9 159.9  58.7 1.23E-04 002.5 182.8  01.1 0.104395 0.477049 0.255998 hargrave 2018-08-14 10:04:37 
TT 575 195.7  69.9 158.1  57.8 1.23E-04 002.2 181.5  01.0 0.087074 0.383275 0.253084 hargrave 2018-08-14 16:52:13 
TT 580 198.1  69.7 159.4  58.3 1.22E-04 001.6 182.4  00.9 0.091115 0.220341 0.250605 hargrave 2018-08-15 13:26:21 
TT 600 193.8  70.0 157.1  57.5 1.20E-04 001.1 180.9  01.0 0.078225 0.057603 0.221968 hargrave 2018-08-16 09:53:49 
TT 620 197.4  69.6 159.2  58.0 1.17E-04 002.4 182.1  00.7 0.082653 0.444712 0.222823 hargrave 2018-08-16 16:48:45 
TT 630 193.3  69.6 157.3  57.1 1.16E-04 001.2 180.7  00.6 0.096515 0.123431 0.204766 hargrave 2018-08-17 14:57:03 
TT 640 192.5  69.5 156.9  56.8 1.15E-04 000.8 180.4  00.5 0.078595 0.053810 0.162029 hargrave 2018-08-28 16:31:29 
TT 645 193.3  69.6 157.3  57.1 1.13E-04 002.4 180.7  00.6 0.138296 0.246786 0.406452 hargrave 2018-09-10 15:23:19 
TT 650 197.3  69.5 159.4  57.9 1.11E-04 002.3 182.1  00.6 0.148541 0.141358 0.436076 hargrave 2018-09-11 17:16:05 
TT 655 192.0  69.2 157.0  56.5 1.12E-04 003.9 180.2  00.2 0.141473 0.183500 0.733108 hargrave 2018-09-12 17:47:13 
TT 660 195.7  69.4 158.7  57.5 1.10E-04 002.1 181.6  00.5 0.085909 0.297434 0.274567 hargrave 2018-09-20 17:14:48 
TT 665 191.2  69.4 156.4  56.5 1.09E-04 001.5 180.0  00.4 0.070636 0.140032 0.258123 hargrave 2018-09-21 15:54:55 
TT 670 194.8  69.5 158.1  57.4 1.07E-04 001.8 181.2  00.6 0.068236 0.109458 0.329230 hargrave 2018-09-24 17:07:28 
TT 672 191.5  69.5 156.6  56.6 1.06E-04 002.0 180.1  00.5 0.087109 0.119481 0.361882 hargrave 2018-09-25 15:30:24 
TT 674 196.4  69.4 159.0  57.6 1.04E-04 001.9 181.8  00.5 0.081855 0.084861 0.335737 hargrave 2018-09-26 11:50:03 
TT 676 194.3  69.5 157.9  57.2 1.02E-04 001.0 181.1  00.5 0.063157 0.106577 0.147133 hargrave 2018-10-04 11:45:57 
TT 678 196.9  69.5 159.2  57.8 9.38E-05 001.9 182.0  00.6 0.111952 0.107179 0.300292 hargrave 2018-10-05 09:32:07 
TT 680 194.6  68.2 159.5  56.3 8.05E-05 002.0 181.2 -00.7 0.069950 0.104698 0.261105 hargrave 2018-10-09 11:45:35 
TT 682 197.1  69.2 159.7  57.6 5.71E-05 002.6 182.1  00.3 0.055806 0.118525 0.226800 hargrave 2018-10-11 11:36:42 
TT 684 192.1  68.1 158.4  55.6 3.41E-05 002.8 180.3 -00.9 0.040141 0.102954 0.135469 hargrave 2018-10-12 09:42:58 
TT 686 198.0  69.2 160.1  57.9 1.66E-05 002.7 182.4  00.4 0.035313 0.038646 0.070396 hargrave 2018-10-12 17:54:54 
TT 688 179.1  39.6 167.7  27.1 9.15E-06 009.7 169.4 -28.3 0.025344 0.023901 0.180445 hargrave 2018-10-19 17:22:53 
TT 688 171.0  57.3 153.8  41.6 7.84E-06 002.4 169.0 -09.9 0.025486 0.017885 0.026607 hargrave 2018-10-20 10:31:11 
TT 690 203.4  61.7 171.6  53.5 4.21E-06 003.2 185.7 -06.7 0.011065 0.010144 0.021433 hargrave 2018-10-20 16:26:10 
