TR028 -Da mag compass orientation (IGRF corrected)
 639.34 103.3  67.0  29.2  21.2   1.0
NRM    073.2  60.3 089.9  43.2 2.45E-05 003.4 148.6  34.6 0.111175 0.078911 0.062771 hargrave 2018-05-11 14:28:24 
TT 100 076.0  60.3 091.7  42.8 2.34E-05 002.5 148.2  33.3 0.077135 0.069936 0.041657 hargrave 2018-05-14 13:12:17 
TT 200 075.2  60.6 091.3  43.2 2.35E-05 002.2 148.7  33.6 0.063754 0.063445 0.042914 hargrave 2018-05-15 11:07:40 
TT 300 076.4  60.6 092.1  43.0 2.30E-05 003.3 148.6  33.0 0.094122 0.090601 0.045709 hargrave 2018-05-16 09:43:57 
TT 350 079.0  60.8 093.8  42.8 2.27E-05 003.3 148.5  31.7 0.092643 0.090309 0.047174 hargrave 2018-05-16 17:31:21 
TT 400 079.9  61.3 094.6  43.1 2.24E-05 003.1 148.9  31.2 0.078676 0.087170 0.046566 hargrave 2018-05-18 10:36:13 
TT 450 082.2  61.7 096.2  43.2 2.23E-05 002.7 149.3  30.1 0.076646 0.071712 0.047604 hargrave 2018-05-18 16:54:08 
TT 475 082.0  60.7 095.7  42.2 2.20E-05 003.8 148.1  30.3 0.102259 0.100700 0.045019 hargrave 2018-05-21 15:05:18 
TT 500 085.2  60.5 097.6  41.6 2.16E-05 003.4 147.7  28.8 0.067076 0.110557 0.028099 hargrave 2018-07-31 09:48:54 
TT 525 085.7  59.9 097.7  40.9 2.15E-05 002.7 147.0  28.5 0.050634 0.081656 0.039512 hargrave 2018-07-31 16:31:28 
TT 550 081.9  59.7 095.2  41.3 2.20E-05 006.1 147.0  30.4 0.043283 0.089964 0.251751 hargrave 2018-08-01 14:37:01 
TT 555 092.5  61.4 102.5  41.6 2.09E-05 004.6 148.7  25.2 0.078426 0.074295 0.134039 hargrave 2018-08-02 11:45:27 
TT 560 092.4  60.7 102.2  41.0 2.08E-05 003.0 148.0  25.2 0.044167 0.093819 0.047082 hargrave 2018-08-03 14:54:02 
TT 565 087.9  60.6 099.3  41.4 2.08E-05 003.4 147.8  27.4 0.081601 0.100494 0.036581 hargrave 2018-08-13 13:13:30 
TT 570 087.7  61.8 099.6  42.5 2.06E-05 002.9 149.1  27.5 0.056581 0.097111 0.023765 hargrave 2018-08-14 10:02:10 
TT 575 088.8  61.5 100.2  42.1 2.08E-05 002.9 148.7  26.9 0.052980 0.096872 0.025210 hargrave 2018-08-14 16:50:37 
TT 580 089.5  62.1 100.9  42.6 2.07E-05 002.7 149.5  26.6 0.044626 0.092458 0.026256 hargrave 2018-08-15 13:24:49 
TT 600 091.6  61.9 102.1  42.2 2.02E-05 002.7 149.3  25.6 0.049722 0.091815 0.024282 hargrave 2018-08-16 09:52:15 
TT 620 090.9  60.2 101.1  40.6 1.90E-05 003.9 147.3  26.0 0.074628 0.113072 0.026806 hargrave 2018-08-16 16:47:09 
TT 630 098.2  63.2 106.5  42.9 1.78E-05 003.6 150.9  22.7 0.058813 0.094260 0.032215 hargrave 2018-08-17 14:55:31 
TT 640 091.7  63.0 102.5  43.3 1.66E-05 004.0 150.5  25.6 0.044863 0.113445 0.026782 hargrave 2018-08-28 16:29:53 
TT 645 101.0  63.3 108.2  42.7 1.81E-05 003.6 151.1  21.5 0.045080 0.107435 0.073932 hargrave 2018-09-10 15:21:48 
TT 650 105.1  72.0 112.3  51.1 1.58E-05 003.4 160.6  21.3 0.045565 0.101522 0.026864 hargrave 2018-09-11 17:14:31 
TT 655 033.0  36.4 047.4  32.3 4.98E-05 033.6 132.8  68.3 0.381613 0.368440 4.388830 hargrave 2018-09-12 17:45:48 
TT 655 049.4  46.3 065.9  36.0 2.88E-05 004.1 137.7  52.8 0.160487 0.135073 0.061389 hargrave 2018-09-20 10:43:56 
TT 660 111.3  67.2 114.8  46.1 1.66E-05 004.5 156.2  18.1 0.048840 0.130803 0.034589 hargrave 2018-09-20 17:13:23 
TT 665 113.6  52.6 115.2  31.5 1.92E-05 003.7 142.3  12.1 0.074904 0.123310 0.032299 hargrave 2018-09-21 15:53:30 
TT 670 122.8  73.1 120.9  51.9 1.46E-05 005.0 163.4  16.5 0.048753 0.118760 0.044964 hargrave 2018-09-24 17:06:02 
TT 672 127.3  55.1 124.8  34.1 1.86E-05 004.3 148.3  06.1 0.077783 0.136485 0.031443 hargrave 2018-09-25 15:27:58 
TT 674 126.3  78.0 121.9  56.8 1.22E-05 004.9 168.4  17.9 0.049550 0.101750 0.035655 hargrave 2018-09-26 11:48:30 
TT 676 119.6  52.9 119.4  31.7 1.64E-05 003.1 144.1  09.0 0.053582 0.071128 0.043915 hargrave 2018-10-04 11:44:21 
TT 678 157.7  75.0 135.9  55.8 1.01E-05 003.2 171.2  10.5 0.058577 0.055716 0.014415 hargrave 2018-10-05 09:30:40 
TT 680 124.0  52.4 122.6  31.2 1.22E-05 007.5 144.9  06.4 0.051786 0.210729 0.033376 hargrave 2018-10-09 11:44:02 
TT 682 202.3  60.1 172.4  51.9 7.03E-06 007.1 184.5 -06.5 0.025812 0.080982 0.028827 hargrave 2018-10-11 11:35:16 
TT 684 136.3  35.1 133.6  14.7 9.68E-06 003.1 135.8 -10.7 0.043674 0.071050 0.035618 hargrave 2018-10-12 09:41:27 
TT 686 271.8  17.9 266.2  36.3 6.02E-06 006.1 249.0 -03.2 0.030803 0.070091 0.038557 hargrave 2018-10-12 17:53:28 
TT 688 135.4  31.7 133.2  11.3 8.33E-06 008.0 132.5 -12.1 0.024132 0.064645 0.102280 hargrave 2018-10-19 17:21:40 
TT 688 173.1  05.0 173.4 -07.5 1.41E-05 015.1 142.3 -55.7 0.117306 0.068488 0.663608 hargrave 2018-10-20 10:29:54 
TT 690 206.9 -11.1 211.2 -11.2 2.76E-05 010.2 229.9 -72.4 0.269300 0.125620 1.558848 hargrave 2018-10-20 16:24:54 
