TR028 -Ba mag compass orientation (IGRF corrected)
  638.9 108.3  68.0  29.2  21.2   1.0
NRM    038.4  38.2 053.0  32.1 1.49E-05 003.2 137.7  66.3 0.072220 0.035371 0.031962 hargrave 2018-05-11 14:24:08 
TT 100 040.0  37.5 053.9  31.0 1.42E-05 002.6 134.6  65.7 0.051970 0.033259 0.021556 hargrave 2018-05-14 13:07:52 
TT 200 039.2  38.0 053.5  31.7 1.44E-05 001.9 136.5  65.9 0.037575 0.023551 0.023365 hargrave 2018-05-15 11:03:23 
TT 300 038.5  38.2 053.0  32.0 1.42E-05 002.4 137.6  66.3 0.048059 0.027491 0.022159 hargrave 2018-05-16 09:39:41 
TT 350 037.6  37.8 052.1  32.0 1.39E-05 002.5 137.8  67.1 0.049137 0.031469 0.019177 hargrave 2018-05-16 17:27:06 
TT 400 037.0  37.7 051.5  32.1 1.38E-05 002.4 138.5  67.5 0.045891 0.030716 0.020618 hargrave 2018-05-18 10:31:53 
TT 450 037.2  37.3 051.5  31.7 1.36E-05 002.4 137.4  67.6 0.046521 0.027924 0.021935 hargrave 2018-05-18 16:49:52 
TT 475 036.6  37.2 050.9  31.8 1.35E-05 002.5 137.9  68.1 0.049752 0.030890 0.019235 hargrave 2018-05-21 15:01:04 
TT 500 036.3  37.4 050.8  32.0 1.34E-05 001.4 138.7  68.1 0.023929 0.021118 0.014845 hargrave 2018-07-31 09:44:21 
TT 525 037.5  37.6 051.9  31.8 1.28E-05 001.4 137.6  67.2 0.021742 0.022509 0.005345 hargrave 2018-07-31 16:26:59 
TT 550 040.4  38.0 054.5  31.3 1.16E-05 003.9 135.1  65.2 0.026062 0.018735 0.163899 hargrave 2018-08-01 14:32:31 
TT 555 037.2  36.1 050.9  30.6 1.27E-05 001.8 134.9  68.3 0.031516 0.023557 0.009908 hargrave 2018-08-02 11:40:56 
TT 560 044.8  41.4 059.8  32.9 9.47E-06 003.8 137.2  60.5 0.027423 0.025668 0.102292 hargrave 2018-08-03 14:49:30 
TT 565 035.9  36.1 049.8  31.0 1.24E-05 002.3 136.5  69.2 0.037567 0.028893 0.017472 hargrave 2018-08-13 13:09:01 
TT 570 036.8  35.9 050.5  30.6 1.23E-05 001.4 134.9  68.7 0.017343 0.024922 0.013880 hargrave 2018-08-14 09:57:36 
TT 575 037.1  36.1 050.8  30.7 1.22E-05 001.9 135.1  68.4 0.024513 0.032089 0.014012 hargrave 2018-08-14 16:46:07 
TT 580 037.7  35.7 051.1  30.1 1.21E-05 001.8 133.4  68.2 0.023583 0.029143 0.013193 hargrave 2018-08-15 13:20:19 
TT 600 040.3  36.0 053.5  29.5 1.21E-05 001.4 131.1  66.3 0.016852 0.026350 0.016525 hargrave 2018-08-16 09:47:42 
TT 620 041.2  35.4 053.9  28.6 1.15E-05 001.7 128.9  66.0 0.018413 0.031890 0.025002 hargrave 2018-08-16 16:42:40 
TT 630 048.9  38.1 061.6  28.7 1.06E-05 002.0 128.5  59.2 0.017812 0.039080 0.029679 hargrave 2018-08-17 14:50:09 
TT 640 040.0  40.9 055.6  34.0 9.09E-06 002.6 140.8  63.7 0.010923 0.044077 0.023010 hargrave 2018-08-28 16:25:19 
TT 645 086.7  56.7 097.3  37.8 7.02E-06 010.7 143.9  30.0 0.025442 0.054701 0.163586 hargrave 2018-09-10 15:16:25 
TT 645 192.8 -05.2 195.7 -10.7 2.06E-05 013.6 161.6 -72.3 0.079505 0.097507 1.238512 hargrave 2018-09-10 17:18:37 
TT 645 194.1 -06.8 197.5 -11.7 2.30E-05 026.9 164.3 -74.2 0.123482 0.111953 2.011567 hargrave 2018-09-10 18:07:29 
TT 645 183.3  17.0 179.2  07.0 9.30E-06 002.5 158.1 -48.3 0.029346 0.027760 0.036153 hargrave 2018-09-11 11:29:05 
TT 650 049.8  50.9 068.7  40.1 1.07E-05 006.7 147.6  52.1 0.047633 0.043460 0.129091 hargrave 2018-09-11 17:10:05 
TT 655 197.4 -11.8 202.5 -15.2 6.25E-05 003.6 174.9 -79.8 0.135233 0.157289 1.987081 hargrave 2018-09-12 17:41:32 
TT 660 025.8  52.7 052.0  49.0 7.45E-06 003.5 171.2  58.8 0.023656 0.044923 0.026445 hargrave 2018-09-20 17:09:06 
TT 665 094.8  50.2 101.3  30.4 1.08E-05 001.8 136.5  25.3 0.033680 0.057637 0.014733 hargrave 2018-09-21 15:49:17 
TT 670 346.2  36.4 002.4  48.7 8.37E-06 004.7 235.4  58.7 0.019961 0.056387 0.034573 hargrave 2018-09-24 17:01:47 
TT 672 091.7  27.0 094.7  07.9 1.42E-05 001.5 110.9  24.0 0.018664 0.082204 0.037344 hargrave 2018-09-25 15:23:25 
TT 674 321.2  33.7 330.3  52.8 8.07E-06 007.5 243.7  38.9 0.037594 0.087147 0.050937 hargrave 2018-09-26 11:44:03 
TT 676 067.8  03.4 066.9 -09.8 1.07E-05 002.0 076.2  38.5 0.011078 0.031902 0.060979 hargrave 2018-10-04 11:39:50 
TT 678 319.5  12.4 322.8  32.1 8.93E-06 003.7 269.3  33.4 0.050311 0.038168 0.011315 hargrave 2018-10-05 09:26:20 
TT 680 098.8  06.1 098.3 -13.8 1.04E-05 007.2 092.2  11.1 0.086952 0.311294 0.040227 hargrave 2018-10-09 11:39:24 
TT 682 113.9  15.6 114.1 -05.5 1.38E-05 003.4 106.6  00.8 0.089691 0.079062 0.048642 hargrave 2018-10-11 11:30:58 
TT 684 341.7 -53.4 329.1 -36.1 9.19E-06 005.1 338.9  08.2 0.077038 0.091420 0.041019 hargrave 2018-10-12 09:37:10 
TT 686 098.2 -00.0 096.8 -19.8 1.03E-05 002.3 086.1  09.4 0.019231 0.070054 0.034956 hargrave 2018-10-12 17:49:05 
TT 688 257.3 -57.7 271.4 -40.1 1.19E-05 044.3 326.1 -34.9 0.160285 0.135863 1.163765 hargrave 2018-10-19 17:17:18 
TT 688 232.1 -47.3 248.5 -36.1 1.71E-05 013.3 321.2 -53.0 0.106402 0.072035 0.552759 hargrave 2018-10-20 10:27:01 
TT 690 102.6 -03.4 101.1 -23.7 9.50E-06 011.8 084.7  04.0 0.077783 0.071913 0.180789 hargrave 2018-10-20 16:20:19 
