TR028 -Fa mag compass orientation (IGRF corrected)
 640.86 108.3  71.0  29.2  21.2   1.0
NRM    200.8  71.2 158.7  59.9 1.40E-05 002.0 180.8  00.2 0.020278 0.044963 0.020779 hargrave 2018-05-11 14:32:08 
TT 100 194.6  67.0 160.9  55.3 1.35E-05 001.6 178.5 -04.0 0.020417 0.033268 0.016018 hargrave 2018-05-14 13:15:56 
TT 200 197.2  66.3 163.0  55.5 1.34E-05 001.6 179.6 -04.7 0.020200 0.032601 0.017768 hargrave 2018-05-15 11:11:20 
TT 300 194.8  64.8 163.3  53.6 1.34E-05 001.8 178.5 -06.2 0.026442 0.036941 0.019053 hargrave 2018-05-16 09:46:46 
TT 350 197.3  63.7 165.8  53.4 1.34E-05 001.3 179.6 -07.3 0.020572 0.024273 0.017493 hargrave 2018-05-16 17:34:09 
TT 400 197.9  63.0 166.9  53.0 1.34E-05 001.8 179.8 -08.0 0.020161 0.038185 0.017370 hargrave 2018-05-18 10:39:03 
TT 450 197.3  61.8 167.6  51.9 1.33E-05 002.3 179.5 -09.2 0.019570 0.050932 0.017243 hargrave 2018-05-18 16:56:57 
TT 475 195.1  60.9 167.1  50.5 1.32E-05 002.2 178.4 -10.1 0.020504 0.048022 0.016596 hargrave 2018-05-21 15:08:06 
TT 500 193.4  61.7 165.3  50.7 1.32E-05 004.2 177.7 -09.2 0.030183 0.057983 0.078896 hargrave 2018-07-31 09:52:51 
TT 525 194.0  59.1 167.9  48.7 1.31E-05 003.4 177.7 -11.8 0.031337 0.071870 0.028621 hargrave 2018-07-31 16:34:28 
TT 550 194.3  54.1 171.8  44.5 1.34E-05 004.6 177.6 -16.8 0.035646 0.058100 0.099569 hargrave 2018-08-01 14:40:02 
TT 555 194.1  54.9 171.1  45.1 1.32E-05 003.4 177.5 -16.0 0.028538 0.054986 0.057291 hargrave 2018-08-02 11:48:28 
TT 560 196.5  57.5 170.8  48.0 1.32E-05 003.3 179.0 -13.5 0.036284 0.063041 0.043285 hargrave 2018-08-03 14:57:59 
TT 565 192.5  56.4 168.9  46.0 1.31E-05 001.7 176.7 -14.4 0.025542 0.031366 0.019635 hargrave 2018-08-13 13:16:31 
TT 570 193.6  55.4 170.4  45.4 1.30E-05 002.6 177.3 -15.5 0.029410 0.048229 0.030680 hargrave 2018-08-14 10:06:06 
TT 575 192.3  55.1 169.7  44.8 1.26E-05 002.7 176.4 -15.7 0.030294 0.050716 0.029113 hargrave 2018-08-14 16:53:43 
TT 580 193.5  55.6 170.2  45.6 1.27E-05 002.2 177.2 -15.3 0.032323 0.036145 0.030285 hargrave 2018-08-15 13:27:50 
TT 600 193.1  53.6 171.3  43.7 1.26E-05 002.5 176.8 -17.3 0.026846 0.051517 0.021733 hargrave 2018-08-16 09:55:21 
TT 620 193.5  51.7 172.8  42.1 1.23E-05 001.8 176.9 -19.2 0.033866 0.032204 0.019937 hargrave 2018-08-16 16:50:17 
TT 630 190.9  51.4 171.0  41.1 1.21E-05 002.2 175.1 -19.3 0.031351 0.043054 0.010561 hargrave 2018-08-17 14:58:31 
TT 640 197.8  50.9 176.5  42.7 1.13E-05 003.3 179.6 -20.1 0.044578 0.061253 0.017203 hargrave 2018-08-28 16:32:58 
TT 645 183.8  50.4 166.3  38.3 1.17E-05 003.8 170.2 -19.4 0.056722 0.072202 0.022317 hargrave 2018-09-10 15:24:46 
TT 650 199.7  50.4 178.3  42.8 1.12E-05 003.7 181.0 -20.6 0.053956 0.063308 0.028812 hargrave 2018-09-11 17:17:32 
TT 655 189.1  51.1 169.9  40.4 1.22E-05 002.9 173.9 -19.4 0.050884 0.048137 0.032257 hargrave 2018-09-12 17:48:42 
TT 660 196.8  50.4 176.1  42.0 1.15E-05 004.1 179.0 -20.6 0.048394 0.076747 0.029039 hargrave 2018-09-20 17:16:11 
TT 665 186.7  49.4 169.0  38.2 1.17E-05 003.0 171.9 -20.8 0.046004 0.054492 0.031204 hargrave 2018-09-21 15:56:17 
TT 670 201.4  51.1 179.1  44.0 1.06E-05 003.4 182.1 -19.9 0.042588 0.054559 0.027453 hargrave 2018-09-24 17:08:51 
TT 672 185.6  49.8 168.0  38.2 1.11E-05 004.1 171.3 -20.3 0.042858 0.070091 0.032789 hargrave 2018-09-25 15:31:53 
TT 674 197.8  50.3 176.9  42.2 1.02E-05 004.0 179.7 -20.7 0.040736 0.062749 0.027798 hargrave 2018-09-26 11:51:31 
TT 676 185.8  46.6 169.8  35.3 1.02E-05 002.8 170.6 -23.4 0.037754 0.045801 0.012325 hargrave 2018-10-04 11:47:31 
TT 678 196.3  47.8 177.3  39.5 9.01E-06 003.0 178.5 -23.2 0.039005 0.039135 0.025579 hargrave 2018-10-05 09:33:30 
TT 680 190.8  43.1 175.5  33.6 7.78E-06 007.6 173.8 -27.5 0.060570 0.091826 0.023281 hargrave 2018-10-09 11:47:08 
TT 682 203.7  42.4 186.4  37.1 6.11E-06 005.7 184.6 -28.4 0.042830 0.051405 0.024877 hargrave 2018-10-11 11:38:06 
TT 684 179.3  31.6 170.8  19.5 4.72E-06 004.3 159.9 -36.2 0.031231 0.028029 0.016447 hargrave 2018-10-12 09:45:08 
TT 686 245.1  32.3 230.7  42.6 2.15E-06 003.9 221.6 -21.9 0.004649 0.015471 0.013861 hargrave 2018-10-12 17:57:08 
TT 688 147.7  24.8 145.0  05.9 1.95E-06 004.5 129.8 -24.1 0.009341 0.009115 0.014023 hargrave 2018-10-19 17:24:03 
TT 690 330.5 -10.9 330.2  07.3 7.96E-07 066.0 298.4  34.2 0.033450 0.061971 0.048786 hargrave 2018-10-20 16:28:04 
