TR028 -Ha mag compass orientation (IGRF corrected)
 644.03 103.3  77.0  29.2  21.2   1.0
NRM    279.5  49.1 263.1  68.0 1.08E-05 002.8 221.2  07.4 0.041773 0.034767 0.020106 hargrave 2018-05-11 14:34:58 
TT 100 274.2  47.1 256.3  64.9 9.89E-06 002.6 222.3  03.4 0.040369 0.026349 0.013680 hargrave 2018-05-14 13:18:45 
TT 200 274.8  48.6 255.9  66.5 1.00E-05 001.7 221.0  04.2 0.029847 0.019535 0.013284 hargrave 2018-05-15 11:14:10 
TT 300 273.5  48.3 254.2  65.9 9.90E-06 002.8 221.0  03.3 0.043166 0.029344 0.012593 hargrave 2018-05-16 09:49:37 
TT 350 271.0  47.0 251.8  64.1 9.84E-06 002.6 221.8  01.3 0.040022 0.026544 0.015298 hargrave 2018-05-16 17:36:59 
TT 400 272.7  47.4 253.9  64.9 9.63E-06 003.5 221.7  02.6 0.050056 0.036003 0.011919 hargrave 2018-05-18 10:41:53 
TT 450 269.9  45.0 251.9  62.0 9.61E-06 003.6 223.4 -00.0 0.055101 0.034262 0.013402 hargrave 2018-05-18 16:59:48 
TT 475 269.7  45.7 251.0  62.5 9.47E-06 002.6 222.7  00.0 0.040681 0.024973 0.013130 hargrave 2018-05-21 15:10:56 
TT 500 268.0  45.8 248.5  62.2 9.49E-06 002.2 222.2 -01.0 0.036282 0.019209 0.018657 hargrave 2018-07-31 09:56:05 
TT 525 256.0  42.8 235.9  55.8 9.65E-06 005.7 221.4 -10.1 0.051598 0.030015 0.084129 hargrave 2018-07-31 16:37:31 
TT 550 267.6  44.1 249.5  60.4 9.41E-06 011.1 223.8 -01.9 0.059730 0.029225 0.175182 hargrave 2018-08-01 14:43:03 
TT 550 262.6  41.7 244.8  56.8 9.50E-06 004.3 224.6 -06.1 0.055438 0.061461 0.026815 hargrave 2018-08-01 15:59:43 
TT 555 260.4  44.6 239.7  58.8 9.43E-06 001.9 221.3 -06.4 0.020719 0.022646 0.021708 hargrave 2018-08-02 11:51:30 
TT 560 247.7  36.2 231.2  47.1 9.96E-06 005.2 223.9 -19.0 0.020959 0.025243 0.101671 hargrave 2018-08-03 15:01:03 
TT 565 258.5  42.8 238.8  56.6 9.36E-06 003.2 222.3 -08.5 0.047839 0.031808 0.015809 hargrave 2018-08-13 13:19:33 
TT 570 258.8  42.1 239.7  56.0 9.21E-06 003.6 223.0 -08.6 0.052311 0.033208 0.016081 hargrave 2018-08-14 10:10:02 
TT 575 258.0  44.2 237.2  57.6 9.12E-06 002.3 220.9 -08.2 0.033956 0.021140 0.014875 hargrave 2018-08-14 16:57:43 
TT 580 258.0  41.5 239.3  55.2 9.04E-06 001.8 223.4 -09.4 0.028011 0.017141 0.015035 hargrave 2018-08-15 13:31:43 
TT 600 257.4  39.9 239.7  53.6 8.78E-06 002.2 224.5 -10.5 0.030208 0.019663 0.014903 hargrave 2018-08-16 09:59:18 
TT 620 252.0  37.4 235.2  49.6 8.51E-06 004.6 224.7 -15.3 0.054538 0.043790 0.019676 hargrave 2018-08-16 16:53:20 
TT 630 244.6  32.6 229.9  42.7 7.17E-06 005.2 225.6 -23.1 0.043217 0.039325 0.037696 hargrave 2018-08-17 15:01:33 
TT 640 246.9  29.6 233.9  40.7 7.27E-06 007.2 229.5 -23.1 0.063740 0.077570 0.046377 hargrave 2018-08-28 16:36:04 
TT 645 351.4  39.1 009.9  49.5 1.02E-05 049.5 212.5  57.5 0.141725 0.063080 1.154941 hargrave 2018-09-10 15:27:45 
TT 645 207.4  07.9 204.7  06.7 1.94E-05 005.9 214.6 -64.9 0.143639 0.050689 0.606833 hargrave 2018-09-10 17:20:16 
TT 650 247.3  30.1 234.1  41.4 8.93E-06 007.5 229.2 -22.5 0.058188 0.078087 0.102911 hargrave 2018-09-11 17:20:35 
TT 655 232.8  37.7 215.0  43.2 8.57E-06 005.9 214.5 -27.2 0.053739 0.069456 0.043732 hargrave 2018-09-12 17:51:31 
TT 660 250.9  30.9 237.7  43.3 8.39E-06 006.7 230.2 -19.4 0.060512 0.074939 0.063191 hargrave 2018-09-20 17:19:00 
TT 665 227.7  42.1 207.4  45.3 7.21E-06 007.0 208.0 -26.5 0.050264 0.068274 0.061994 hargrave 2018-09-21 15:59:07 
TT 670 254.5  28.0 243.0  41.7 7.93E-06 005.2 234.4 -17.9 0.041293 0.068200 0.058186 hargrave 2018-09-24 17:11:41 
TT 672 233.6  39.0 214.9  44.7 6.80E-06 007.2 213.9 -25.8 0.045559 0.069551 0.040170 hargrave 2018-09-25 15:35:45 
TT 674 241.2  29.3 228.2  38.6 4.40E-06 008.7 226.8 -27.3 0.039874 0.051169 0.043232 hargrave 2018-09-26 11:55:26 
TT 674 244.2  26.9 232.4  37.4 4.39E-06 005.4 230.6 -26.5 0.016514 0.009550 0.039262 hargrave 2018-09-26 13:40:17 
TT 676 239.4  39.8 220.2  47.4 6.00E-06 006.9 216.7 -22.0 0.049109 0.060677 0.043250 hargrave 2018-10-04 11:50:48 
TT 678 252.4  22.9 242.9  36.2 7.51E-06 005.5 238.5 -21.9 0.065548 0.057279 0.011809 hargrave 2018-10-05 09:36:21 
TT 680 230.8  45.0 208.1  48.9 5.57E-06 012.9 207.9 -22.8 0.056766 0.118760 0.018483 hargrave 2018-10-09 11:50:15 
TT 680 236.8  41.4 216.5  47.9 5.54E-06 004.4 214.0 -22.4 0.024978 0.023155 0.027003 hargrave 2018-10-09 13:53:55 
TT 682 271.0  29.2 261.9  47.2 4.41E-06 005.9 238.7 -04.1 0.027421 0.037099 0.016982 hargrave 2018-10-11 11:40:57 
TT 684 249.9 -81.2 284.8 -62.3 1.50E-06 008.2 352.3 -17.7 0.020501 0.021564 0.005905 hargrave 2018-10-12 09:48:03 
TT 684 270.3 -79.1 289.0 -58.8 1.66E-06 006.6 349.0 -15.2 0.006029 0.018596 0.007325 hargrave 2018-10-12 11:21:34 
TT 686 231.4  19.5 222.8  26.1 2.42E-06 007.4 229.8 -40.4 0.007545 0.034618 0.007021 hargrave 2018-10-12 18:00:05 
TT 688 177.4 -14.9 184.2 -25.1 6.86E-06 037.8 081.2 -74.4 0.090962 0.048205 0.667278 hargrave 2018-10-19 17:26:28 
TT 688 026.1 -03.7 025.0 -02.3 7.32E-06 068.5 038.2  69.0 0.127237 0.044991 1.048174 hargrave 2018-10-20 10:33:41 
TT 690 112.1 -02.0 111.5 -23.0 1.68E-06 016.6 090.0 -09.0 0.022232 0.023489 0.047755 hargrave 2018-10-20 16:31:13 
