TR028 -Ia mag compass orientation (IGRF corrected)
 644.13 106.3  80.0  29.2  21.2   1.0
NRM    009.5  55.3 041.7  56.8 1.21E-05 004.2 185.4  44.3 0.064414 0.031255 0.057454 hargrave 2018-05-11 14:36:27 
TT 100 012.4  55.2 043.9  55.6 1.09E-05 003.8 183.1  44.7 0.047419 0.032589 0.044416 hargrave 2018-05-14 13:20:11 
TT 200 010.4  54.8 041.8  56.0 1.09E-05 003.6 184.8  44.9 0.050686 0.023546 0.042613 hargrave 2018-05-15 11:15:41 
TT 300 011.5  53.7 041.6  54.7 1.05E-05 003.6 184.1  46.1 0.048303 0.019214 0.041876 hargrave 2018-05-16 09:51:04 
TT 350 009.4  54.3 040.5  56.0 1.02E-05 003.7 185.7  45.3 0.047680 0.022494 0.042116 hargrave 2018-05-16 17:38:25 
TT 400 011.1  54.5 042.1  55.6 9.99E-06 003.7 184.3  45.3 0.044906 0.024242 0.040667 hargrave 2018-05-18 10:43:21 
TT 450 009.4  54.2 040.4  55.9 9.75E-06 004.0 185.7  45.5 0.049674 0.021046 0.042918 hargrave 2018-05-18 17:01:19 
TT 475 009.2  55.0 041.1  56.5 9.51E-06 003.8 185.7  44.7 0.045012 0.019415 0.040479 hargrave 2018-05-21 15:12:22 
TT 500 009.7  55.3 041.7  56.6 9.25E-06 002.7 185.3  44.4 0.027068 0.014881 0.030967 hargrave 2018-07-31 09:57:43 
TT 525 011.7  49.7 037.9  51.4 9.84E-06 003.0 184.6  50.1 0.023506 0.020839 0.087494 hargrave 2018-07-31 16:39:03 
TT 550 006.9  55.7 040.0  57.9 8.52E-06 007.6 187.3  43.7 0.019897 0.017177 0.165023 hargrave 2018-08-01 14:44:36 
TT 555 005.0  60.6 045.0  62.2 7.56E-06 005.6 187.1  38.7 0.029014 0.014238 0.110808 hargrave 2018-08-02 11:53:03 
TT 560 005.2  53.9 036.6  57.2 8.06E-06 001.7 189.2  45.2 0.028041 0.014087 0.014804 hargrave 2018-08-03 15:02:36 
TT 565 007.4  51.0 035.4  54.0 8.46E-06 003.7 188.4  48.4 0.040355 0.022401 0.031066 hargrave 2018-08-13 13:21:06 
TT 570 005.1  49.5 031.8  53.6 8.39E-06 003.2 191.2  49.4 0.027181 0.034308 0.020641 hargrave 2018-08-14 10:11:39 
TT 575 006.7  51.6 035.4  54.8 8.38E-06 002.8 188.8  47.6 0.030060 0.020703 0.020930 hargrave 2018-08-14 16:59:16 
TT 580 005.3  50.8 033.3  54.6 8.27E-06 003.1 190.4  48.2 0.028111 0.028407 0.022401 hargrave 2018-08-15 13:33:16 
TT 600 001.9  52.9 032.4  57.5 7.71E-06 003.1 192.4  45.5 0.023065 0.020278 0.029683 hargrave 2018-08-16 10:00:53 
TT 620 352.1  54.5 025.2  62.3 7.62E-06 004.1 198.5  41.6 0.030264 0.023972 0.040881 hargrave 2018-08-16 16:54:56 
TT 630 349.6  58.8 029.4  66.4 7.11E-06 006.3 197.0  37.2 0.021473 0.046946 0.063206 hargrave 2018-08-17 15:03:05 
TT 640 343.4  62.5 031.4  71.2 7.55E-06 003.4 197.3  32.4 0.025694 0.024762 0.029591 hargrave 2018-08-28 16:37:38 
TT 645 196.0  09.6 193.5  04.2 1.97E-05 010.8 179.1 -70.4 0.050092 0.054692 0.982061 hargrave 2018-09-10 15:29:16 
TT 645 193.8  26.1 185.4  18.9 1.02E-05 003.7 176.2 -53.8 0.028411 0.055549 0.026067 hargrave 2018-09-10 17:21:47 
TT 650 342.1  55.8 016.8  66.9 7.23E-06 009.7 203.2  37.0 0.016419 0.073269 0.105899 hargrave 2018-09-11 17:22:11 
TT 650 008.7  27.6 020.8  33.0 1.52E-05 011.1 201.2  71.0 0.038669 0.049729 0.731273 hargrave 2018-09-12 10:01:35 
TT 650 012.7  16.4 019.8  21.2 2.62E-05 004.2 208.5  82.7 0.088891 0.059026 0.811519 hargrave 2018-09-12 10:53:16 
TT 655 003.9  70.8 064.6  68.6 7.12E-06 005.6 184.6  28.7 0.011291 0.069075 0.010432 hargrave 2018-09-12 17:52:57 
TT 660 323.2  49.2 342.5  67.2 6.85E-06 007.6 217.6  31.2 0.018825 0.069257 0.058560 hargrave 2018-09-20 17:21:13 
TT 665 074.5  66.2 093.9  48.6 6.36E-06 007.3 158.4  21.6 0.014584 0.074357 0.042741 hargrave 2018-09-21 16:00:33 
TT 670 004.0  69.6 061.7  68.0 6.34E-06 008.0 184.9  29.9 0.019998 0.071205 0.050418 hargrave 2018-09-24 17:13:09 
TT 672 323.5  66.1 024.5  80.4 6.05E-06 007.0 200.6  23.6 0.013277 0.064840 0.036965 hargrave 2018-09-25 15:37:18 
TT 674 329.2  53.6 356.9  69.5 6.01E-06 008.4 211.0  32.5 0.014136 0.076885 0.045097 hargrave 2018-09-26 11:56:58 
TT 674 327.3  51.1 350.7  67.8 6.03E-06 005.5 214.3  32.8 0.023344 0.027842 0.045488 hargrave 2018-09-26 13:41:48 
TT 676 018.4  61.1 055.2  58.1 4.30E-06 007.8 178.7  38.9 0.020812 0.041436 0.037739 hargrave 2018-10-04 11:52:24 
TT 678 316.1  48.4 330.1  68.0 5.05E-06 004.6 220.3  27.0 0.011823 0.033569 0.021667 hargrave 2018-10-05 09:37:48 
TT 680 015.2  70.6 068.8  65.3 4.98E-06 012.1 180.4  29.4 0.011772 0.104103 0.024754 hargrave 2018-10-09 11:51:48 
TT 680 004.4  66.4 054.9  66.2 4.90E-06 005.0 185.7  33.0 0.023675 0.029241 0.025144 hargrave 2018-10-09 13:55:32 
TT 682 327.7  78.8 093.9  77.5 4.09E-06 006.7 188.8  17.3 0.014522 0.042466 0.017982 hargrave 2018-10-11 11:42:28 
TT 684 101.0  56.7 106.9  36.3 4.81E-06 003.5 146.2  11.3 0.014767 0.035583 0.019808 hargrave 2018-10-12 09:49:30 
TT 686 325.6  42.8 340.9  60.6 3.17E-06 006.4 223.9  35.2 0.014592 0.037299 0.010818 hargrave 2018-10-12 18:01:32 
TT 688 170.9  14.1 168.7  00.6 7.25E-06 009.8 133.3 -55.1 0.038895 0.045327 0.266134 hargrave 2018-10-19 17:27:42 
TT 688 180.2  06.9 179.7 -03.6 9.53E-06 015.5 135.9 -66.8 0.064054 0.046564 0.588998 hargrave 2018-10-20 10:34:55 
TT 690 280.3  39.5 270.2  58.9 1.44E-06 048.2 230.2  01.8 0.098585 0.118472 0.008172 hargrave 2018-10-20 16:33:10 
