TR028 -Ja mag compass orientation (IGRF corrected)
 644.25 111.3  74.0  29.2  21.2   1.0
NRM    195.7  66.9 161.6  55.5 5.07E-05 001.3 177.8 -07.0 0.050169 0.064719 0.100799 hargrave 2018-05-11 14:37:51 
TT 100 196.1  65.2 163.6  54.3 5.03E-05 000.9 177.8 -08.7 0.051243 0.057153 0.058500 hargrave 2018-05-14 13:21:34 
TT 200 195.6  64.1 164.4  53.3 5.07E-05 001.0 177.5 -09.8 0.053487 0.059868 0.060032 hargrave 2018-05-15 11:17:05 
TT 300 194.0  62.7 164.8  51.7 5.09E-05 001.4 176.6 -11.1 0.060803 0.107853 0.062246 hargrave 2018-05-16 09:52:28 
TT 350 191.5  61.9 164.0  50.4 5.12E-05 001.3 175.3 -11.7 0.050705 0.094431 0.071794 hargrave 2018-05-16 17:39:48 
TT 400 192.5  61.8 164.7  50.6 5.13E-05 001.0 175.8 -11.9 0.063219 0.057310 0.062457 hargrave 2018-05-18 10:44:45 
TT 450 192.3  61.2 165.0  50.1 5.15E-05 001.3 175.6 -12.4 0.048193 0.077802 0.083729 hargrave 2018-05-18 17:02:43 
TT 475 189.3  60.6 163.6  48.8 5.15E-05 001.0 174.0 -12.8 0.056752 0.046443 0.073906 hargrave 2018-05-21 15:13:46 
TT 500 188.6  60.4 163.4  48.4 5.14E-05 001.6 173.6 -13.0 0.080219 0.104149 0.083950 hargrave 2018-07-31 09:59:13 
TT 525 189.5  59.5 164.6  47.9 5.13E-05 001.6 173.9 -13.9 0.085360 0.104033 0.095791 hargrave 2018-07-31 16:40:36 
TT 550 190.3  52.9 169.7  42.3 5.31E-05 004.0 173.0 -20.5 0.086648 0.103100 0.351650 hargrave 2018-08-01 14:46:06 
TT 555 188.2  55.5 166.6  44.0 5.19E-05 001.6 172.3 -17.7 0.043776 0.088936 0.103498 hargrave 2018-08-02 11:54:32 
TT 560 186.3  58.5 163.2  46.2 5.09E-05 001.4 172.0 -14.5 0.067098 0.086638 0.076888 hargrave 2018-08-03 15:04:05 
TT 565 186.0  58.7 162.9  46.2 5.07E-05 001.4 171.9 -14.3 0.052966 0.107271 0.061759 hargrave 2018-08-13 13:22:32 
TT 570 183.3  57.7 161.8  44.8 5.07E-05 001.7 170.2 -14.8 0.062987 0.120168 0.068918 hargrave 2018-08-14 10:13:08 
TT 575 181.9  57.2 161.2  43.9 5.01E-05 001.8 169.3 -15.1 0.071889 0.123920 0.069247 hargrave 2018-08-14 17:00:45 
TT 580 184.2  57.9 162.2  45.1 4.99E-05 001.6 170.7 -14.8 0.068337 0.111061 0.069111 hargrave 2018-08-15 13:34:46 
TT 600 184.1  57.8 162.2  45.0 4.94E-05 001.3 170.6 -14.9 0.046107 0.071283 0.073152 hargrave 2018-08-16 10:02:22 
TT 620 182.7  56.3 162.3  43.3 4.84E-05 001.7 169.4 -16.1 0.068902 0.111821 0.059066 hargrave 2018-08-16 16:56:24 
TT 630 182.9  55.4 162.9  42.6 4.76E-05 001.4 169.2 -16.9 0.059660 0.088002 0.054355 hargrave 2018-08-17 15:04:34 
TT 640 181.2  53.8 162.7  40.7 4.73E-05 001.2 167.7 -18.1 0.061389 0.056325 0.071152 hargrave 2018-08-28 16:39:07 
TT 645 181.8  49.8 165.2  37.2 4.77E-05 002.9 166.6 -22.0 0.148068 0.115005 0.248623 hargrave 2018-09-10 15:30:43 
TT 650 183.1  53.0 164.5  40.5 4.60E-05 002.5 168.5 -19.2 0.125547 0.127666 0.125238 hargrave 2018-09-11 17:23:39 
TT 655 170.9  62.3 151.0  46.1 4.31E-05 013.4 166.2 -08.2 0.064719 0.071686 1.032807 hargrave 2018-09-12 17:54:20 
TT 655 181.3  54.9 162.1  41.7 4.46E-05 001.3 168.2 -17.1 0.076880 0.076792 0.094451 hargrave 2018-09-20 10:45:37 
TT 660 187.1  53.7 166.9  42.2 4.46E-05 003.0 171.1 -19.2 0.097648 0.197429 0.089743 hargrave 2018-09-20 17:22:39 
TT 665 181.8  52.7 163.7  39.9 4.47E-05 001.5 167.7 -19.2 0.080338 0.065710 0.085901 hargrave 2018-09-21 16:01:56 
TT 670 183.3  54.4 163.8  41.7 4.36E-05 001.7 169.1 -18.0 0.083866 0.063449 0.096107 hargrave 2018-09-24 17:14:33 
TT 672 183.1  53.2 164.4  40.6 4.31E-05 002.0 168.6 -19.1 0.090454 0.074491 0.101784 hargrave 2018-09-25 15:38:47 
TT 674 180.7  53.0 162.7  39.8 4.24E-05 001.8 167.0 -18.8 0.072909 0.077640 0.096846 hargrave 2018-09-26 11:58:27 
TT 676 181.3  52.7 163.3  39.7 4.04E-05 001.3 167.3 -19.1 0.061029 0.066801 0.048038 hargrave 2018-10-04 11:53:54 
TT 678 184.4  52.3 165.8  40.1 3.49E-05 002.1 169.1 -20.1 0.052605 0.068292 0.103628 hargrave 2018-10-05 09:39:12 
TT 680 187.2  52.7 167.6  41.3 2.21E-05 002.9 171.0 -20.2 0.065725 0.082820 0.060891 hargrave 2018-10-09 11:53:21 
TT 682 221.9  50.5 195.8  50.3 9.40E-06 002.8 193.9 -21.1 0.020293 0.028200 0.034697 hargrave 2018-10-11 11:43:53 
TT 684 158.2  52.3 147.0  34.4 5.57E-06 003.8 154.7 -12.2 0.013879 0.030542 0.021409 hargrave 2018-10-12 09:50:59 
TT 686 276.4  56.1 248.8  73.7 2.37E-06 004.2 212.7  05.2 0.011408 0.008141 0.014636 hargrave 2018-10-12 18:03:00 
TT 688 090.0  25.8 092.9  07.0 4.39E-06 033.9 111.3  25.8 0.021756 0.020450 0.303053 hargrave 2018-10-19 17:28:52 
TT 688 061.2  24.1 066.9  11.9 6.08E-06 012.3 108.8  51.8 0.016465 0.026845 0.181371 hargrave 2018-10-20 10:36:07 
TT 690 215.7  10.9 211.3  12.5 4.20E-06 023.8 208.8 -59.6 0.030614 0.025495 0.291674 hargrave 2018-10-20 16:34:24 
