TR028 -Ka mag compass orientation (IGRF corrected)
 644.45 107.3  78.0  29.2  21.2   1.0
NRM    256.6  47.4 232.5  60.0 1.61E-05 002.0 216.3 -10.7 0.025506 0.030918 0.046618 hargrave 2018-05-11 14:39:14 
TT 100 254.5  45.0 232.3  57.3 1.56E-05 001.8 217.6 -13.2 0.025121 0.032197 0.038493 hargrave 2018-05-14 13:22:58 
TT 200 253.1  44.4 231.3  56.2 1.55E-05 001.5 217.6 -14.4 0.019097 0.023981 0.035087 hargrave 2018-05-15 11:18:30 
TT 300 253.0  43.6 231.8  55.5 1.54E-05 001.2 218.2 -14.9 0.028489 0.030837 0.026928 hargrave 2018-05-16 09:53:55 
TT 350 250.3  44.6 228.0  55.5 1.52E-05 001.6 216.2 -15.8 0.023981 0.030533 0.026941 hargrave 2018-05-16 17:41:12 
TT 400 251.4  42.8 230.7  54.3 1.52E-05 001.3 218.2 -16.2 0.021785 0.028322 0.024562 hargrave 2018-05-18 10:46:14 
TT 450 250.3  42.0 230.1  53.2 1.52E-05 001.6 218.4 -17.3 0.028374 0.030763 0.027494 hargrave 2018-05-18 17:04:06 
TT 475 249.1  43.0 228.0  53.7 1.51E-05 001.3 217.1 -17.5 0.026452 0.025553 0.026364 hargrave 2018-05-21 15:15:12 
TT 500 251.8  43.4 230.7  54.9 1.48E-05 003.9 217.9 -15.7 0.026009 0.035415 0.096999 hargrave 2018-07-31 10:00:43 
TT 525 244.7  39.4 225.9  48.9 1.51E-05 002.7 218.0 -22.3 0.030417 0.048011 0.051089 hargrave 2018-07-31 16:42:05 
TT 550 248.8  40.3 229.6  51.2 1.46E-05 002.5 219.2 -19.2 0.027588 0.034165 0.058514 hargrave 2018-08-01 14:47:38 
TT 555 246.5  40.6 227.0  50.7 1.46E-05 001.5 217.8 -20.5 0.022180 0.030649 0.026152 hargrave 2018-08-02 11:56:06 
TT 560 243.0  36.9 225.8  46.1 1.50E-05 003.4 219.1 -25.0 0.024765 0.038200 0.086730 hargrave 2018-08-03 15:05:34 
TT 565 246.4  39.1 227.9  49.2 1.45E-05 001.5 219.1 -21.5 0.024112 0.029387 0.031026 hargrave 2018-08-13 13:24:05 
TT 570 245.2  37.8 227.5  47.7 1.44E-05 001.7 219.6 -23.0 0.026991 0.039971 0.030018 hargrave 2018-08-14 10:14:41 
TT 575 243.5  38.1 225.5  47.4 1.45E-05 001.4 218.4 -23.8 0.025994 0.031946 0.029503 hargrave 2018-08-14 17:02:18 
TT 580 243.9  37.3 226.4  46.8 1.43E-05 002.1 219.3 -24.1 0.027140 0.048716 0.029677 hargrave 2018-08-15 13:36:16 
TT 600 243.3  37.8 225.6  47.0 1.39E-05 001.2 218.6 -24.1 0.026851 0.024957 0.027264 hargrave 2018-08-16 10:03:55 
TT 620 241.7  38.0 223.7  46.7 1.44E-05 001.9 217.5 -25.0 0.029531 0.042895 0.030472 hargrave 2018-08-16 16:57:53 
TT 630 238.8  40.3 219.3  47.6 1.45E-05 002.1 213.9 -25.1 0.033656 0.044166 0.036046 hargrave 2018-08-17 15:06:04 
TT 640 238.6  40.3 219.1  47.6 1.46E-05 002.6 213.8 -25.2 0.042062 0.057894 0.043785 hargrave 2018-08-28 16:40:37 
TT 645 240.0  40.5 220.3  48.3 1.42E-05 002.8 214.5 -24.3 0.047992 0.058541 0.070038 hargrave 2018-09-10 15:32:11 
TT 650 241.8  38.8 223.3  47.3 1.41E-05 001.7 216.9 -24.5 0.047069 0.048676 0.034874 hargrave 2018-09-11 17:25:11 
TT 655 235.5  38.9 216.9  45.2 1.42E-05 003.5 213.0 -27.9 0.047211 0.067724 0.088371 hargrave 2018-09-12 17:55:43 
TT 660 244.6  38.5 226.3  48.1 1.37E-05 002.6 218.6 -22.9 0.043897 0.056060 0.037759 hargrave 2018-09-20 17:24:01 
TT 665 240.1  40.3 220.6  48.1 1.33E-05 001.9 214.7 -24.4 0.040636 0.040598 0.030532 hargrave 2018-09-21 16:03:19 
TT 670 240.8  39.3 221.9  47.5 1.28E-05 001.9 215.9 -24.7 0.042680 0.038303 0.034491 hargrave 2018-09-24 17:15:56 
TT 672 235.4  40.2 215.9  46.4 1.24E-05 002.1 211.9 -27.0 0.040415 0.042765 0.029548 hargrave 2018-09-25 15:40:15 
TT 674 239.2  39.3 220.4  46.9 1.23E-05 002.1 215.0 -25.5 0.038980 0.044441 0.028311 hargrave 2018-09-26 12:00:00 
TT 676 239.0  37.8 221.1  45.6 1.12E-05 002.1 216.0 -26.7 0.041772 0.034795 0.031484 hargrave 2018-10-04 11:55:29 
TT 678 238.4  38.4 220.1  45.8 1.06E-05 002.1 215.2 -26.7 0.035649 0.034012 0.022799 hargrave 2018-10-05 09:40:39 
TT 680 236.2  37.1 218.7  43.9 7.83E-06 004.4 214.9 -28.8 0.036783 0.060084 0.021268 hargrave 2018-10-09 11:54:54 
TT 682 237.9  41.7 217.3  48.5 6.25E-06 002.5 212.3 -24.6 0.009895 0.013149 0.023374 hargrave 2018-10-11 11:45:16 
TT 684 213.4  44.4 193.2  42.1 3.00E-06 003.4 193.4 -31.7 0.007853 0.009179 0.013657 hargrave 2018-10-12 09:52:23 
TT 686 235.1  59.0 197.0  61.7 3.45E-06 003.9 198.9 -12.7 0.006886 0.009041 0.021853 hargrave 2018-10-12 18:04:26 
TT 688 186.0  42.1 172.2  31.3 1.95E-06 019.2 169.8 -34.9 0.005664 0.011425 0.077644 hargrave 2018-10-19 17:30:02 
TT 688 191.9  19.5 186.2  12.1 2.96E-06 010.4 170.3 -58.1 0.009186 0.016308 0.093137 hargrave 2018-10-20 10:37:19 
TT 690 193.1  41.5 178.2  32.8 3.04E-06 003.3 176.1 -36.4 0.007395 0.011676 0.013002 hargrave 2018-10-20 16:35:34 
