TR028 -Ca mag compass orientation (IGRF corrected)
 639.17 114.3  71.0  29.2  21.2   1.0
NRM    163.8  79.1 134.6  60.1 3.61E-05 002.8 172.8  10.6 0.049786 0.153058 0.091778 hargrave 2018-05-11 14:26:55 
TT 100 167.4  78.4 136.6  59.9 3.56E-05 002.5 173.0  09.6 0.043412 0.057211 0.145617 hargrave 2018-05-14 13:10:48 
TT 200 171.4  79.6 136.5  61.3 3.56E-05 002.5 174.3  10.2 0.056005 0.048778 0.144606 hargrave 2018-05-15 11:06:11 
TT 300 170.1  79.1 136.7  60.7 3.54E-05 002.8 173.8  09.9 0.054909 0.091305 0.148801 hargrave 2018-05-16 09:42:28 
TT 350 166.2  78.2 136.3  59.6 3.53E-05 002.6 172.7  09.6 0.055129 0.072520 0.144250 hargrave 2018-05-16 17:29:52 
TT 400 181.9  79.5 139.7  62.4 3.52E-05 002.8 176.0  09.3 0.049783 0.094315 0.147316 hargrave 2018-05-18 10:34:40 
TT 450 171.0  77.9 138.4  59.8 3.49E-05 002.6 173.3  08.7 0.056331 0.059877 0.144556 hargrave 2018-05-18 16:52:38 
TT 475 173.5  78.0 139.1  60.2 3.48E-05 003.2 173.8  08.6 0.054190 0.133157 0.146227 hargrave 2018-05-21 15:03:49 
TT 500 179.2  78.9 139.7  61.6 3.52E-05 004.3 175.3  08.9 0.082817 0.131030 0.231842 hargrave 2018-07-31 09:47:17 
TT 525 176.6  77.6 140.6  60.3 3.50E-05 003.8 174.2  08.0 0.085426 0.145685 0.184211 hargrave 2018-07-31 16:29:53 
TT 550 171.0  77.5 138.7  59.6 3.47E-05 005.2 173.1  08.5 0.080637 0.147322 0.279902 hargrave 2018-08-01 14:35:26 
TT 555 172.8  77.7 139.3  59.9 3.42E-05 004.8 173.5  08.4 0.071954 0.205777 0.206367 hargrave 2018-08-02 11:43:51 
TT 560 184.0  73.2 148.8  58.0 3.41E-05 003.9 174.2  03.2 0.082277 0.126175 0.197962 hargrave 2018-08-03 14:52:27 
TT 565 171.5  76.1 140.4  58.4 3.36E-05 003.1 172.5  07.2 0.054017 0.118106 0.135962 hargrave 2018-08-13 13:11:55 
TT 570 176.1  76.6 141.6  59.4 3.35E-05 004.6 173.7  07.1 0.050670 0.194020 0.186220 hargrave 2018-08-14 10:00:35 
TT 575 171.9  75.9 140.8  58.3 3.35E-05 004.2 172.5  07.0 0.066400 0.169656 0.184323 hargrave 2018-08-14 16:49:02 
TT 580 175.9  76.3 141.9  59.2 3.31E-05 004.1 173.5  06.9 0.059834 0.149992 0.183705 hargrave 2018-08-15 13:23:14 
TT 600 178.0  76.3 142.6  59.5 3.23E-05 004.6 174.0  06.7 0.056717 0.202014 0.165841 hargrave 2018-08-16 09:50:38 
TT 620 169.5  76.4 139.5  58.4 3.21E-05 003.5 172.2  07.7 0.058468 0.128634 0.149726 hargrave 2018-08-16 16:45:35 
TT 630 166.6  77.4 137.3  58.9 3.15E-05 003.6 172.2  08.9 0.067353 0.161795 0.120597 hargrave 2018-08-17 14:53:56 
TT 640 163.6  76.0 137.5  57.4 3.17E-05 003.3 170.8  08.2 0.046810 0.128303 0.129380 hargrave 2018-08-28 16:28:14 
TT 645 179.6  74.9 145.0  58.6 3.08E-05 002.4 173.7  05.2 0.071646 0.043502 0.123487 hargrave 2018-09-10 15:19:24 
TT 650 186.1  76.1 145.9  60.6 3.05E-05 004.3 175.7  05.7 0.080019 0.087322 0.213740 hargrave 2018-09-11 17:12:57 
TT 655 105.1  76.5 113.4  55.6 3.32E-05 020.1 165.7  20.6 0.141034 0.120953 1.233904 hargrave 2018-09-12 17:44:19 
TT 655 151.9  71.4 135.4  51.9 3.22E-05 002.8 165.3  07.2 0.060651 0.105480 0.116806 hargrave 2018-09-20 10:42:22 
TT 660 188.2  75.5 147.5  60.5 2.99E-05 004.2 176.0  05.1 0.069568 0.158848 0.152038 hargrave 2018-09-20 17:11:55 
TT 665 166.3  70.6 143.0  52.9 3.13E-05 003.7 168.1  03.4 0.087927 0.174529 0.120976 hargrave 2018-09-21 15:52:02 
TT 670 190.2  77.1 145.8  62.0 2.70E-05 003.7 176.9  06.5 0.070168 0.109521 0.135286 hargrave 2018-09-24 17:04:32 
TT 672 165.3  70.4 142.6  52.6 2.95E-05 003.2 167.8  03.4 0.044083 0.059311 0.154666 hargrave 2018-09-25 15:26:24 
TT 674 200.9  76.5 150.3  63.4 2.62E-05 004.6 179.2  05.5 0.064344 0.162485 0.137605 hargrave 2018-09-26 11:46:56 
TT 676 166.5  70.9 142.8  53.2 2.75E-05 003.1 168.4  03.7 0.052115 0.121894 0.090854 hargrave 2018-10-04 11:42:46 
TT 678 187.7  75.1 147.8  60.1 2.43E-05 003.9 175.8  04.7 0.075225 0.075376 0.145220 hargrave 2018-10-05 09:29:11 
TT 680 168.4  69.3 145.0  52.1 2.15E-05 005.6 168.0  01.9 0.063948 0.177825 0.124512 hargrave 2018-10-09 11:42:27 
TT 682 210.8  79.0 147.8  66.5 1.35E-05 004.8 181.3  08.1 0.057375 0.082266 0.078465 hargrave 2018-10-11 11:33:46 
TT 684 139.2  58.0 132.5  37.6 9.19E-06 003.8 151.2  03.7 0.050493 0.063451 0.043035 hargrave 2018-10-12 09:39:57 
TT 686 245.7  73.0 171.1  72.7 5.22E-06 006.4 191.2  06.0 0.023979 0.052575 0.018556 hargrave 2018-10-12 17:51:59 
TT 688 134.5  42.6 131.3  22.0 4.53E-06 071.2 136.3 -01.1 0.183369 0.062757 1.413642 hargrave 2018-10-19 17:20:22 
TT 688 125.6  40.1 124.4  19.0 3.64E-06 020.4 131.3  03.9 0.022158 0.018328 0.132366 hargrave 2018-10-20 10:28:33 
TT 690 323.5  09.6 326.8  28.7 5.26E-06 017.4 270.0  30.6 0.041436 0.035393 0.196839 hargrave 2018-10-20 16:23:36 
