TR028 -Ga mag compass orientation (IGRF corrected)
 641.08 102.3  74.0  29.2  21.2   1.0
NRM    007.0  75.9 078.8  69.6 4.30E-05 001.5 181.5  30.0 0.062845 0.096951 0.052076 hargrave 2018-05-11 14:33:31 
TT 100 017.1  76.6 082.8  67.6 4.21E-05 001.3 178.7  29.3 0.052051 0.067871 0.059610 hargrave 2018-05-14 13:17:19 
TT 200 016.5  76.9 083.2  67.8 4.20E-05 001.3 178.9  29.1 0.055407 0.074558 0.057052 hargrave 2018-05-15 11:12:43 
TT 300 015.1  77.3 084.1  68.3 4.15E-05 001.9 179.3  28.6 0.053951 0.123409 0.057816 hargrave 2018-05-16 09:48:09 
TT 350 013.2  77.9 085.2  68.8 4.11E-05 001.3 179.8  28.1 0.054637 0.064488 0.061519 hargrave 2018-05-16 17:35:32 
TT 400 016.0  78.1 086.3  68.3 4.07E-05 001.3 179.1  27.8 0.054310 0.064619 0.059528 hargrave 2018-05-18 10:40:26 
TT 450 016.1  78.5 087.4  68.4 4.01E-05 001.6 179.1  27.4 0.053467 0.091230 0.057232 hargrave 2018-05-18 16:58:21 
TT 475 024.4  78.7 089.2  66.9 3.97E-05 001.4 177.3  27.0 0.052686 0.067707 0.061164 hargrave 2018-05-21 15:09:29 
TT 500 016.2  77.4 084.6  68.1 4.02E-05 004.2 179.0  28.6 0.083349 0.124897 0.271795 hargrave 2018-07-31 09:54:23 
TT 525 034.6  84.7 105.1  67.7 3.80E-05 003.4 177.8  20.9 0.079334 0.092517 0.206214 hargrave 2018-07-31 16:35:58 
TT 550 016.1  80.8 093.5  69.0 3.84E-05 002.3 179.3  25.2 0.087338 0.121140 0.076144 hargrave 2018-08-01 14:41:31 
TT 555 028.0  84.7 104.6  68.3 3.71E-05 002.8 178.5  21.1 0.058481 0.089843 0.163360 hargrave 2018-08-02 11:49:57 
TT 560 018.8  80.5 092.9  68.5 3.79E-05 002.7 178.8  25.5 0.079176 0.135926 0.102511 hargrave 2018-08-03 14:59:31 
TT 565 020.7  80.1 092.1  68.1 3.75E-05 001.7 178.4  25.8 0.053633 0.084147 0.066954 hargrave 2018-08-13 13:18:00 
TT 570 017.8  80.4 092.5  68.6 3.72E-05 002.1 179.0  25.6 0.068784 0.075600 0.100251 hargrave 2018-08-14 10:07:39 
TT 575 019.3  80.7 093.5  68.4 3.71E-05 001.9 178.7  25.2 0.073998 0.056802 0.097153 hargrave 2018-08-14 16:55:15 
TT 580 018.3  81.2 094.7  68.7 3.70E-05 002.2 179.0  24.8 0.071338 0.085167 0.101786 hargrave 2018-08-15 13:29:19 
TT 600 014.4  81.6 095.7  69.4 3.66E-05 002.2 179.7  24.4 0.079830 0.092572 0.092503 hargrave 2018-08-16 09:56:51 
TT 620 030.7  81.5 096.9  67.0 3.51E-05 001.9 177.1  24.1 0.073873 0.068743 0.077638 hargrave 2018-08-16 16:51:46 
TT 630 019.4  82.7 099.0  68.8 3.54E-05 002.2 179.0  23.2 0.079575 0.105914 0.064897 hargrave 2018-08-17 15:00:00 
TT 640 015.6  82.0 096.7  69.2 3.44E-05 001.6 179.5  24.0 0.059602 0.048789 0.070681 hargrave 2018-08-28 16:34:28 
TT 645 068.9  81.3 104.6  62.5 3.36E-05 002.2 172.2  20.6 0.059283 0.073453 0.098521 hargrave 2018-09-10 15:26:13 
TT 650 349.7  80.9 094.2  73.1 3.14E-05 002.9 183.8  24.4 0.077251 0.086717 0.117109 hargrave 2018-09-11 17:19:04 
TT 655 071.0  82.5 106.7  63.2 3.42E-05 002.3 173.2  19.8 0.057818 0.127618 0.068118 hargrave 2018-09-12 17:50:06 
TT 660 358.5  82.6 098.6  71.5 3.25E-05 002.6 181.9  23.2 0.060144 0.086663 0.107723 hargrave 2018-09-20 17:17:33 
TT 665 068.8  77.6 100.2  59.4 3.13E-05 003.5 168.8  22.5 0.048425 0.145061 0.125862 hargrave 2018-09-21 15:57:41 
TT 670 338.0  80.3 095.0  75.1 2.91E-05 003.7 186.0  23.9 0.084466 0.137117 0.113249 hargrave 2018-09-24 17:10:14 
TT 672 078.5  81.6 107.6  62.0 3.05E-05 002.6 171.9  19.2 0.058370 0.079700 0.104983 hargrave 2018-09-25 15:33:23 
TT 674 352.9  83.4 101.7  72.0 2.88E-05 003.5 182.4  22.2 0.086963 0.128051 0.104467 hargrave 2018-09-26 11:53:00 
TT 676 039.7  83.9 103.8  67.0 2.79E-05 001.6 177.0  21.4 0.048182 0.049697 0.054951 hargrave 2018-10-04 11:49:11 
TT 678 029.5  86.1 108.5  68.4 2.57E-05 003.4 178.8  19.7 0.117640 0.074542 0.101444 hargrave 2018-10-05 09:34:54 
TT 680 024.7  87.8 113.1  68.9 2.07E-05 005.2 179.5  18.2 0.078150 0.150975 0.101506 hargrave 2018-10-09 11:48:38 
TT 682 280.8  76.0 148.4  81.0 1.39E-05 004.6 194.5  15.1 0.066763 0.073526 0.077482 hargrave 2018-10-11 11:39:30 
TT 684 118.1  68.0 118.6  46.8 9.25E-06 003.8 158.6  09.1 0.045247 0.051888 0.043991 hargrave 2018-10-12 09:46:36 
TT 686 296.1  48.8 293.1  70.0 5.84E-06 005.7 223.2  21.0 0.026149 0.056350 0.022459 hargrave 2018-10-12 17:58:34 
TT 688 135.4  31.2 133.3  10.7 5.27E-06 030.0 131.2 -17.9 0.044816 0.062303 0.299219 hargrave 2018-10-19 17:25:15 
TT 688 051.4  30.0 060.4  20.4 6.09E-06 042.8 118.5  51.6 0.058817 0.031352 0.589667 hargrave 2018-10-20 10:32:26 
TT 690 208.2 -02.3 209.1 -02.5 8.65E-06 046.6 230.5 -69.2 0.214328 0.257045 0.869107 hargrave 2018-10-20 16:30:00 
