TR028 -Aa mag compass orientation (IGRF corrected)
  638.7 105.3  71.0  29.2  21.2   1.0
NRM    051.2  67.1 081.7  53.7 1.27E-05 003.4 163.5  36.7 0.049471 0.064422 0.024403 hargrave 2018-05-11 14:22:41 
TT 100 061.8  66.7 087.1  51.2 1.20E-05 003.3 159.8  33.8 0.042490 0.062483 0.015092 hargrave 2018-05-14 13:06:25 
TT 200 059.5  67.7 086.6  52.5 1.23E-05 003.2 161.4  34.0 0.041801 0.062837 0.015768 hargrave 2018-05-15 11:01:55 
TT 300 062.2  67.5 087.9  51.8 1.24E-05 003.2 160.5  33.2 0.044212 0.062860 0.016742 hargrave 2018-05-16 09:38:10 
TT 350 063.7  67.8 089.0  51.8 1.22E-05 002.5 160.4  32.6 0.026642 0.047661 0.017994 hargrave 2018-05-16 17:25:39 
TT 400 063.9  68.5 089.7  52.4 1.21E-05 003.4 161.1  32.1 0.043656 0.064001 0.016343 hargrave 2018-05-18 10:30:26 
TT 450 065.1  68.3 090.1  52.0 1.18E-05 003.4 160.5  31.9 0.041776 0.065408 0.016308 hargrave 2018-05-18 16:48:23 
TT 475 065.6  68.9 090.8  52.4 1.16E-05 003.3 161.0  31.4 0.041420 0.062180 0.015569 hargrave 2018-05-21 14:59:37 
TT 500 068.7  66.7 090.9  49.9 1.16E-05 002.7 158.1  31.4 0.036686 0.042711 0.021959 hargrave 2018-07-31 09:42:47 
TT 525 068.3  66.4 090.4  49.7 1.15E-05 002.8 157.9  31.8 0.029964 0.045933 0.023162 hargrave 2018-07-31 16:25:25 
TT 550 067.5  68.4 091.4  51.6 1.11E-05 004.4 160.1  31.1 0.031462 0.050578 0.076490 hargrave 2018-08-01 14:30:57 
TT 555 064.6  65.8 088.0  49.9 1.13E-05 004.2 158.2  33.4 0.040247 0.066369 0.055790 hargrave 2018-08-02 11:39:23 
TT 560 066.2  69.2 091.3  52.6 1.08E-05 002.0 161.2  31.1 0.022881 0.030382 0.016297 hargrave 2018-08-03 14:47:54 
TT 565 064.6  68.6 090.0  52.3 1.08E-05 003.4 161.0  31.9 0.041118 0.057687 0.014560 hargrave 2018-08-13 13:07:28 
TT 570 067.4  69.2 092.0  52.4 1.04E-05 003.5 161.0  30.7 0.039027 0.059533 0.015171 hargrave 2018-08-14 09:56:01 
TT 575 070.3  69.7 093.8  52.4 1.03E-05 003.7 161.0  29.6 0.045281 0.058939 0.015932 hargrave 2018-08-14 16:44:30 
TT 580 068.6  67.9 091.6  51.0 1.00E-05 003.8 159.4  31.0 0.045174 0.060558 0.014949 hargrave 2018-08-15 13:18:45 
TT 600 066.8  65.9 089.2  49.5 9.96E-06 002.9 157.7  32.5 0.030305 0.045178 0.013496 hargrave 2018-08-16 09:46:09 
TT 620 066.6  66.1 089.3  49.7 9.02E-06 003.0 157.9  32.5 0.028552 0.043144 0.022356 hargrave 2018-08-16 16:41:03 
TT 630 087.3  70.5 102.9  50.9 8.31E-06 004.4 159.7  23.9 0.033353 0.044254 0.055979 hargrave 2018-08-17 14:48:36 
TT 640 037.5  70.2 078.2  59.3 7.43E-06 003.1 170.8  37.1 0.018535 0.040258 0.029253 hargrave 2018-08-28 16:23:38 
TT 645 123.9  48.8 122.7  27.7 9.39E-06 019.3 141.3  02.7 0.021158 0.052655 0.326667 hargrave 2018-09-10 15:14:53 
TT 645 170.8  17.9 167.6  04.2 1.34E-05 011.3 145.5 -45.9 0.057476 0.042159 0.389469 hargrave 2018-09-10 17:17:01 
TT 645 056.0  45.3 070.5  33.2 1.29E-05 004.8 137.4  47.4 0.030534 0.037085 0.120234 hargrave 2018-09-10 18:05:57 
TT 650 081.5  72.3 101.1  53.3 8.77E-06 004.8 162.1  25.2 0.036956 0.038907 0.088675 hargrave 2018-09-11 17:08:33 
TT 655 149.2  52.3 140.6  33.1 9.97E-06 002.6 153.6 -08.3 0.023821 0.043018 0.030904 hargrave 2018-09-12 17:40:05 
TT 660 080.1  69.6 098.8  50.9 9.14E-06 002.8 159.4  26.4 0.031328 0.037705 0.044655 hargrave 2018-09-20 17:07:39 
TT 665 098.5  59.4 105.8  39.1 9.96E-06 002.2 147.5  19.7 0.038130 0.030494 0.035960 hargrave 2018-09-21 15:47:50 
TT 670 057.4  68.7 086.4  53.7 7.50E-06 002.6 162.9  33.9 0.030691 0.025600 0.043662 hargrave 2018-09-24 17:00:15 
TT 672 092.7  52.9 100.4  33.3 9.09E-06 002.5 140.4  22.6 0.034925 0.037385 0.036534 hargrave 2018-09-25 15:21:52 
TT 674 067.3  73.1 095.1  55.8 7.68E-06 002.8 164.8  28.8 0.032093 0.030066 0.039181 hargrave 2018-09-26 11:42:30 
TT 676 090.5  56.7 099.8  37.2 8.81E-06 003.3 144.5  23.9 0.031551 0.021297 0.050221 hargrave 2018-10-04 11:38:17 
TT 678 048.1  71.0 084.2  57.5 5.61E-06 002.3 167.6  34.5 0.039338 0.019872 0.030782 hargrave 2018-10-05 09:24:53 
TT 680 100.2  54.1 106.0  33.7 6.32E-06 005.2 142.0  18.2 0.041153 0.073462 0.021919 hargrave 2018-10-09 11:37:46 
TT 682 251.4  80.2 145.9  73.7 3.89E-06 003.5 188.3  13.4 0.007455 0.017653 0.016809 hargrave 2018-10-11 11:29:30 
TT 684 114.5  35.6 115.3  14.5 3.55E-06 002.6 126.4  03.8 0.017627 0.023752 0.014900 hargrave 2018-10-12 09:35:42 
TT 686 303.3  41.5 305.8  62.6 2.22E-06 004.5 232.2  25.7 0.008239 0.014421 0.009286 hargrave 2018-10-12 17:47:38 
TT 688 119.1  41.9 119.1  20.7 2.57E-06 006.5 133.7  02.8 0.007083 0.021381 0.026766 hargrave 2018-10-19 17:16:04 
TT 690 233.6  28.5 220.9  35.2 1.87E-06 025.8 218.9 -29.8 0.010544 0.015242 0.101383 hargrave 2018-10-20 16:19:04 
