TR040 -Sa mag compass orientation (IGRF corrected)
  33.38  92.3  62.0   3.0  22.1   1.0
NRM    343.7  50.6 012.2  52.6 7.15E-06 002.2 206.8  63.4 0.018640 0.026902 0.017328 hargrave 2018-05-11 15:30:11 
TT 100 331.8  55.3 007.3  60.8 6.32E-06 002.4 210.2  55.0 0.011839 0.026804 0.017051 hargrave 2018-05-14 14:12:23 
TT 200 326.6  58.7 007.9  65.2 6.01E-06 003.4 208.6  50.7 0.013634 0.034965 0.018955 hargrave 2018-05-15 12:11:27 
TT 300 318.5  60.7 004.6  69.6 5.74E-06 003.4 209.3  46.2 0.014042 0.032616 0.018878 hargrave 2018-05-16 10:45:30 
TT 350 315.5  63.5 009.0  72.4 5.58E-06 002.8 206.7  43.6 0.011601 0.024967 0.018525 hargrave 2018-05-16 18:31:37 
TT 400 307.6  63.2 001.2  75.2 5.58E-06 003.3 208.9  40.5 0.013448 0.030295 0.017152 hargrave 2018-05-18 11:37:24 
TT 450 300.6  63.4 354.5  77.9 5.51E-06 003.4 209.7  37.4 0.013836 0.029954 0.015274 hargrave 2018-05-18 17:54:58 
TT 475 296.3  64.2 352.5  79.9 5.31E-06 002.9 209.2  35.4 0.011880 0.024732 0.014807 hargrave 2018-05-21 16:06:02 
TT 500 291.7  64.1 345.4  81.6 5.28E-06 004.3 209.5  33.4 0.022581 0.029386 0.023416 hargrave 2018-07-31 10:55:08 
TT 525 276.5  63.7 293.5  85.6 5.00E-06 005.6 209.6  26.7 0.022637 0.027896 0.038139 hargrave 2018-07-31 17:37:04 
TT 550 285.3  64.3 332.5  83.8 5.17E-06 006.6 209.5  30.6 0.026783 0.035470 0.045998 hargrave 2018-08-01 15:40:59 
TT 555 279.5  63.4 307.1  84.8 5.04E-06 005.1 210.2  28.0 0.019171 0.032093 0.030023 hargrave 2018-08-02 12:49:54 
TT 560 275.6  62.9 286.3  84.9 4.92E-06 004.8 210.5  26.2 0.024046 0.032019 0.018017 hargrave 2018-08-03 16:00:58 
TT 565 275.1  60.2 280.7  82.3 4.86E-06 005.3 213.3  25.4 0.021917 0.038625 0.015542 hargrave 2018-08-13 14:19:59 
TT 570 272.4  60.4 270.8  82.5 4.73E-06 006.1 212.8  24.1 0.027130 0.040760 0.019090 hargrave 2018-08-14 11:08:29 
TT 575 270.8  60.7 264.6  82.7 4.72E-06 004.8 212.3  23.5 0.021131 0.032085 0.016652 hargrave 2018-08-14 17:56:00 
TT 580 269.6  61.1 259.3  83.1 4.69E-06 006.4 211.6  23.0 0.027042 0.044176 0.015858 hargrave 2018-08-15 14:33:40 
TT 600 267.1  61.9 247.7  83.5 4.52E-06 005.9 210.5  22.1 0.024474 0.038920 0.015253 hargrave 2018-08-16 10:59:09 
TT 620 269.2  60.8 258.4  82.7 4.48E-06 006.0 211.9  22.8 0.019537 0.039931 0.017221 hargrave 2018-08-16 17:51:27 
TT 630 264.8  61.1 242.0  82.3 4.05E-06 009.6 210.9  20.8 0.025648 0.059057 0.024898 hargrave 2018-08-17 15:58:35 
TT 630 264.6  60.7 242.3  82.0 4.09E-06 005.8 211.2  20.6 0.017525 0.032347 0.022277 hargrave 2018-08-17 16:58:32 
TT 640 270.0  58.6 263.3  80.6 3.86E-06 009.8 214.3  22.4 0.025513 0.061152 0.012960 hargrave 2018-08-28 17:33:59 
TT 640 271.3  57.3 268.1  79.4 3.91E-06 005.4 215.9  22.8 0.014742 0.032407 0.011298 hargrave 2018-08-28 18:03:47 
TT 645 267.3  57.7 256.2  79.5 3.22E-06 019.9 214.7  20.9 0.018618 0.072002 0.089637 hargrave 2018-09-10 16:26:07 
TT 645 345.7  48.9 012.2  50.5 5.65E-06 009.7 207.0  65.5 0.016734 0.073068 0.100098 hargrave 2018-09-10 17:42:26 
TT 645 343.4  49.4 010.8  51.8 5.48E-06 008.4 208.8  64.2 0.015007 0.063279 0.075214 hargrave 2018-09-10 18:15:39 
TT 645 333.6  55.9 009.6  60.6 4.59E-06 008.6 208.3  55.4 0.026571 0.063621 0.010456 hargrave 2018-09-11 11:35:43 
TT 650 278.1  54.5 285.6  76.4 3.58E-06 014.3 219.9  25.7 0.031257 0.079096 0.036052 hargrave 2018-09-11 18:18:12 
TT 650 328.9  50.9 359.0  58.4 4.87E-06 019.0 218.5  56.0 0.062155 0.021487 0.202466 hargrave 2018-09-12 10:22:11 
TT 650 272.2  57.4 270.6  79.5 3.34E-06 045.7 215.9  23.2 0.024235 0.098024 0.328528 hargrave 2018-09-12 11:10:20 
TT 650 240.2  45.8 218.8  62.2 3.34E-06 061.6 216.2  00.5 0.108173 0.048431 0.615963 hargrave 2018-09-12 11:35:05 
TT 655 269.6  63.8 252.6  85.7 3.31E-06 017.3 208.8  23.8 0.012978 0.080933 0.063223 hargrave 2018-09-12 18:44:52 
TT 655 220.9  70.0 152.5  71.7 3.21E-06 011.6 192.6  11.8 0.010919 0.063435 0.014734 hargrave 2018-09-20 11:09:51 
TT 655 232.1  68.1 163.1  75.0 3.22E-06 006.4 197.0  12.9 0.006433 0.030783 0.018328 hargrave 2018-09-20 11:34:32 
TT 660 255.0  56.3 228.8  75.8 3.46E-06 013.4 213.1  14.2 0.024220 0.077886 0.020474 hargrave 2018-09-20 18:15:18 
TT 660 262.9  51.7 251.1  73.0 3.52E-06 005.8 219.6  16.2 0.007771 0.032574 0.017024 hargrave 2018-09-21 09:26:20 
TT 665 240.6  67.5 169.7  77.8 3.21E-06 011.8 199.7  14.8 0.011852 0.064287 0.016488 hargrave 2018-09-21 16:54:07 
TT 665 259.0  60.7 226.3  80.6 3.23E-06 007.2 210.1  18.0 0.007257 0.036029 0.019375 hargrave 2018-09-24 11:39:47 
TT 670 250.7  56.4 220.6  74.6 3.54E-06 009.0 211.8  12.2 0.011985 0.055184 0.016981 hargrave 2018-09-24 18:05:31 
TT 670 252.9  54.5 227.9  73.6 3.59E-06 007.1 214.1  12.2 0.014941 0.040792 0.014685 hargrave 2018-09-24 18:52:22 
TT 672 245.9  62.2 196.7  77.3 3.24E-06 009.1 205.4  13.4 0.011620 0.049349 0.014036 hargrave 2018-09-25 16:32:55 
TT 672 246.7  61.6 200.0  77.2 3.26E-06 006.9 206.2  13.4 0.009562 0.036422 0.012840 hargrave 2018-09-25 17:13:44 
TT 674 243.7  59.0 203.3  74.4 3.63E-06 011.2 207.4  10.7 0.022171 0.068176 0.013574 hargrave 2018-09-26 12:54:49 
TT 674 243.8  58.4 205.1  74.0 3.69E-06 003.9 207.9  10.3 0.007082 0.021178 0.013727 hargrave 2018-09-26 13:55:02 
TT 676 238.2  54.0 206.0  68.6 3.02E-06 007.2 209.2  05.1 0.010383 0.034013 0.015823 hargrave 2018-10-04 12:48:01 
TT 678 234.3  48.1 208.9  62.4 3.56E-06 007.9 211.8 -00.8 0.021126 0.044592 0.008112 hargrave 2018-10-05 10:29:40 
TT 680 236.0  53.1 204.7  67.1 3.24E-06 012.5 209.0  03.5 0.024703 0.068097 0.008950 hargrave 2018-10-09 12:48:05 
TT 680 245.2  47.7 224.1  65.4 3.32E-06 002.8 216.9  04.4 0.008297 0.009801 0.014159 hargrave 2018-10-09 14:23:17 
TT 682 224.7  30.1 211.1  42.9 3.21E-06 004.6 218.2 -19.2 0.009862 0.022690 0.012583 hargrave 2018-10-11 12:34:28 
TT 684 253.8  42.1 241.4  62.2 1.19E-06 013.0 225.1  06.1 0.003450 0.034101 0.009478 hargrave 2018-10-12 10:43:34 
TT 684 251.9  39.8 239.8  59.7 1.24E-06 008.8 226.1  03.7 0.003795 0.023283 0.009758 hargrave 2018-10-12 11:29:00 
TT 684 252.2  39.5 240.4  59.4 1.24E-06 008.3 226.6  03.7 0.002930 0.021770 0.008095 hargrave 2018-10-12 11:56:56 
TT 686 237.3  53.5 205.7  67.9 2.33E-06 009.6 209.2  04.4 0.007202 0.037185 0.016440 hargrave 2018-10-12 19:05:16 
TT 686 237.9  42.9 218.4  58.9 2.54E-06 076.8 217.3 -02.6 0.187754 0.084916 1.215911 hargrave 2018-10-19 10:53:29 
TT 686 313.1  56.4 350.6  68.6 2.85E-06 009.9 216.5  45.3 0.013043 0.027022 0.061157 hargrave 2018-10-19 11:41:36 
TT 688 040.4  77.2 073.3  58.5 9.60E-07 023.5 170.0  37.7 0.009411 0.027794 0.030880 hargrave 2018-10-19 18:16:35 
TT 688 006.2  30.6 018.4  26.9 3.98E-06 035.6 127.7  85.7 0.061719 0.021512 0.387690 hargrave 2018-10-20 11:10:00 
TT 690 269.8 -10.7 269.8  11.4 1.03E-06 066.8 278.3 -07.2 0.039666 0.009483 0.246054 hargrave 2018-10-20 17:29:32 
