TR040 -Ba mag compass orientation (IGRF corrected)
  26.37  60.3  60.0   3.0  22.1   1.0
NRM    022.7  27.3 031.3  18.2 1.64E-05 003.0 100.1  44.3 0.079190 0.028744 0.022686 hargrave 2018-05-11 15:06:22 
TT 100 023.9  24.3 031.2  15.0 1.48E-05 002.6 096.7  42.4 0.062567 0.025362 0.011373 hargrave 2018-05-14 13:50:13 
TT 200 024.6  23.6 031.5  14.1 1.43E-05 000.9 096.1  41.6 0.009532 0.021884 0.010949 hargrave 2018-05-15 11:46:42 
TT 300 025.7  24.1 032.7  14.2 1.38E-05 001.4 097.1  40.8 0.024419 0.021804 0.010465 hargrave 2018-05-16 10:22:26 
TT 350 026.2  25.1 033.5  15.0 1.33E-05 001.2 098.6  40.7 0.012166 0.023324 0.015387 hargrave 2018-05-16 18:09:50 
TT 400 026.2  23.2 032.8  13.2 1.31E-05 001.0 096.3  40.0 0.011627 0.020812 0.009084 hargrave 2018-05-18 11:13:39 
TT 450 027.5  25.8 034.9  15.3 1.25E-05 003.1 100.0  39.8 0.063771 0.025205 0.010872 hargrave 2018-05-18 17:32:10 
TT 475 028.4  24.1 035.0  13.3 1.22E-05 001.3 098.2  38.5 0.019482 0.020564 0.009807 hargrave 2018-05-21 15:44:05 
TT 500 028.8  22.9 035.0  12.1 1.17E-05 001.2 096.9  37.7 0.019199 0.018673 0.006189 hargrave 2018-07-31 10:30:31 
TT 525 029.3  24.1 035.9  13.1 1.11E-05 001.0 098.7  37.7 0.010877 0.020780 0.005916 hargrave 2018-07-31 17:12:13 
TT 550 028.8  23.4 035.2  12.6 1.10E-05 001.6 097.6  37.8 0.017413 0.018466 0.024337 hargrave 2018-08-01 15:16:36 
TT 555 029.3  22.7 035.3  11.7 1.07E-05 001.6 096.9  37.2 0.026147 0.016381 0.008083 hargrave 2018-08-02 12:25:29 
TT 560 031.1  21.9 036.7  10.4 1.02E-05 001.4 096.8  35.3 0.022223 0.018876 0.009337 hargrave 2018-08-03 15:35:30 
TT 565 029.2  23.3 035.4  12.3 1.01E-05 001.1 097.6  37.5 0.009121 0.015554 0.013602 hargrave 2018-08-13 13:53:58 
TT 570 029.4  22.9 035.5  11.9 1.00E-05 001.3 097.3  37.2 0.017214 0.014723 0.012036 hargrave 2018-08-14 10:43:54 
TT 575 029.7  22.0 035.4  10.9 9.81E-06 001.7 096.3  36.6 0.024983 0.013956 0.011693 hargrave 2018-08-14 17:31:29 
TT 580 030.6  22.2 036.4  10.9 9.67E-06 001.0 097.0  35.9 0.010940 0.013675 0.011257 hargrave 2018-08-15 14:08:56 
TT 600 031.3  22.4 037.0  10.8 9.58E-06 001.2 097.4  35.3 0.018048 0.015443 0.010935 hargrave 2018-08-16 10:33:54 
TT 620 031.4  21.0 036.6  09.5 9.05E-06 001.0 095.9  34.7 0.010475 0.010810 0.013276 hargrave 2018-08-16 17:27:51 
TT 630 034.3  22.3 039.7  09.9 8.93E-06 001.5 098.7  32.8 0.018709 0.012349 0.015156 hargrave 2018-08-17 15:35:59 
TT 640 034.1  20.4 038.8  08.1 8.67E-06 001.4 096.4  32.2 0.016809 0.012719 0.013245 hargrave 2018-08-28 17:10:09 
TT 645 037.8  20.1 042.1  06.7 8.40E-06 001.2 097.7  28.9 0.011465 0.019760 0.008736 hargrave 2018-09-10 16:02:45 
TT 650 037.6  19.0 041.5  05.7 8.15E-06 001.4 096.5  28.6 0.013655 0.021262 0.008406 hargrave 2018-09-11 17:53:48 
TT 655 042.4  17.3 045.4  02.8 7.73E-06 004.7 097.0  23.8 0.050786 0.016415 0.037179 hargrave 2018-09-12 18:23:46 
TT 660 039.7  19.7 043.7  05.7 7.73E-06 001.5 098.1  27.0 0.014337 0.018754 0.008270 hargrave 2018-09-20 17:51:09 
TT 665 041.9  17.3 044.9  02.8 7.61E-06 002.8 096.7  24.2 0.035841 0.016063 0.007914 hargrave 2018-09-21 16:30:22 
TT 670 042.2  21.0 046.3  06.3 6.40E-06 001.4 100.6  25.5 0.009246 0.014441 0.010505 hargrave 2018-09-24 17:43:12 
TT 672 043.2  18.9 046.5  04.1 6.90E-06 002.6 098.9  23.8 0.028051 0.012553 0.012364 hargrave 2018-09-25 16:09:24 
TT 674 038.5  18.4 042.1  04.9 5.81E-06 003.1 096.3  27.6 0.028936 0.010377 0.010771 hargrave 2018-09-26 12:28:58 
TT 676 052.8  20.8 055.8  03.5 5.77E-06 001.1 104.9  16.5 0.009572 0.010209 0.005553 hargrave 2018-10-04 12:24:58 
TT 678 054.3  19.6 056.9  01.9 3.16E-06 001.1 104.4  14.6 0.004359 0.009185 0.004904 hargrave 2018-10-05 10:08:11 
TT 680 054.9  31.2 060.2  13.1 2.31E-06 001.7 115.6  19.2 0.002914 0.008546 0.005734 hargrave 2018-10-09 12:24:48 
TT 682 168.3  50.9 147.1  41.2 1.01E-06 003.5 191.3 -07.5 0.006533 0.003124 0.005391 hargrave 2018-10-11 12:12:34 
TT 684 068.8  16.3 069.8 -03.9 1.74E-06 003.1 108.3  01.0 0.004647 0.007669 0.007503 hargrave 2018-10-12 10:20:21 
TT 686 211.7  24.2 200.5  33.0 9.91E-07 003.7 234.4 -10.0 0.004188 0.005573 0.003366 hargrave 2018-10-12 18:32:24 
TT 688 099.0  32.2 098.1  10.2 1.56E-06 007.0 137.7 -11.0 0.004025 0.007516 0.017600 hargrave 2018-10-19 17:55:16 
TT 690 226.3  04.6 222.7  19.4 1.50E-06 006.4 258.9 -09.7 0.008941 0.007654 0.014305 hargrave 2018-10-20 17:10:01 
