TR040 -Pa mag compass orientation (IGRF corrected)
  32.54  49.3  61.0   3.0  22.1   1.0
NRM    353.1  64.3 035.3  59.6 1.54E-05 003.2 158.5  48.8 0.055080 0.045873 0.048767 hargrave 2018-05-11 15:25:33 
TT 100 350.0  66.4 036.8  62.0 1.44E-05 002.6 162.2  48.2 0.033715 0.045269 0.035250 hargrave 2018-05-14 14:07:45 
TT 200 347.1  67.5 037.2  63.6 1.38E-05 003.1 164.5  48.1 0.039412 0.056205 0.034710 hargrave 2018-05-15 12:06:51 
TT 300 346.9  67.6 037.4  63.7 1.34E-05 002.9 164.7  48.0 0.034842 0.052254 0.026915 hargrave 2018-05-16 10:40:47 
TT 350 346.9  68.0 038.0  63.9 1.32E-05 002.8 165.0  47.8 0.032851 0.050205 0.027562 hargrave 2018-05-16 18:27:04 
TT 400 346.3  68.6 039.0  64.5 1.32E-05 002.4 165.9  47.3 0.029155 0.038356 0.026966 hargrave 2018-05-18 11:32:48 
TT 450 346.4  69.1 039.9  64.7 1.30E-05 002.7 166.2  47.0 0.029866 0.045282 0.029381 hargrave 2018-05-18 17:50:22 
TT 475 347.1  69.7 041.4  64.8 1.29E-05 002.4 166.4  46.3 0.027815 0.040330 0.026511 hargrave 2018-05-21 16:01:28 
TT 500 347.9  69.4 041.1  64.4 1.28E-05 001.8 165.8  46.4 0.020427 0.033621 0.016386 hargrave 2018-07-31 10:50:12 
TT 525 349.3  71.1 045.1  64.9 1.24E-05 001.9 166.8  44.8 0.021169 0.028113 0.042051 hargrave 2018-07-31 17:32:05 
TT 550 345.8  72.2 046.2  66.4 1.22E-05 002.2 169.0  44.5 0.021147 0.043020 0.015201 hargrave 2018-08-01 15:36:06 
TT 555 349.1  70.5 043.8  64.6 1.23E-05 002.0 166.3  45.3 0.020611 0.031566 0.022313 hargrave 2018-08-02 12:44:58 
TT 560 345.3  71.8 045.1  66.3 1.21E-05 002.4 168.8  44.9 0.021454 0.045401 0.027859 hargrave 2018-08-03 15:55:58 
TT 565 341.1  71.4 042.9  67.4 1.21E-05 002.8 170.2  45.9 0.022051 0.052312 0.022629 hargrave 2018-08-13 14:15:06 
TT 570 342.8  71.7 044.2  67.0 1.21E-05 002.2 169.7  45.4 0.015361 0.046361 0.018675 hargrave 2018-08-14 11:03:32 
TT 575 344.9  71.1 043.5  66.1 1.20E-05 001.9 168.5  45.6 0.014329 0.039322 0.017413 hargrave 2018-08-14 17:51:06 
TT 580 342.4  71.6 043.8  67.1 1.21E-05 002.4 169.9  45.5 0.016065 0.049091 0.010663 hargrave 2018-08-15 14:28:42 
TT 600 344.6  70.9 042.9  66.1 1.18E-05 002.2 168.4  45.8 0.015612 0.046729 0.021716 hargrave 2018-08-16 10:54:16 
TT 620 339.1  71.7 042.8  68.1 1.12E-05 003.2 171.2  46.0 0.016728 0.060539 0.022558 hargrave 2018-08-16 17:46:33 
TT 630 343.6  71.9 044.8  66.8 1.09E-05 003.3 169.5  45.1 0.016350 0.062009 0.032312 hargrave 2018-08-17 15:53:43 
TT 640 334.5  76.1 053.9  70.5 1.07E-05 003.3 175.1  42.3 0.012936 0.060024 0.023984 hargrave 2018-08-28 17:29:00 
TT 645 339.4  56.8 015.6  59.1 1.32E-05 013.5 158.8  58.8 0.096583 0.047521 0.421162 hargrave 2018-09-10 16:21:13 
TT 645 354.3  70.5 046.0  63.2 1.05E-05 013.2 164.5  44.1 0.052411 0.126311 0.288343 hargrave 2018-09-10 17:39:06 
TT 645 069.1  80.0 085.3  58.5 8.72E-06 010.7 169.6  25.2 0.039117 0.048467 0.155408 hargrave 2018-09-10 18:13:58 
TT 645 350.2  68.2 040.1  63.1 1.09E-05 008.3 163.9  46.8 0.044365 0.042468 0.172457 hargrave 2018-09-11 11:34:01 
TT 650 327.3  69.8 033.8  71.0 1.05E-05 006.4 175.8  48.9 0.039201 0.087239 0.076522 hargrave 2018-09-11 18:13:12 
TT 655 047.1  81.3 080.0  61.2 8.79E-06 011.8 170.0  29.0 0.031795 0.113496 0.144800 hargrave 2018-09-12 18:40:21 
TT 655 016.2  72.4 058.1  59.0 9.52E-06 005.9 161.4  37.4 0.019657 0.086207 0.062923 hargrave 2018-09-20 11:06:29 
TT 660 332.7  74.7 049.5  70.7 9.29E-06 006.6 175.1  43.8 0.019135 0.101712 0.043731 hargrave 2018-09-20 18:10:42 
TT 665 358.4  70.5 047.8  62.1 9.59E-06 006.1 163.3  43.1 0.015473 0.100835 0.036903 hargrave 2018-09-21 16:49:27 
TT 670 327.0  76.5 054.5  72.3 8.87E-06 005.5 177.6  42.4 0.017297 0.082910 0.031386 hargrave 2018-09-24 18:00:53 
TT 672 355.5  71.4 048.1  63.3 8.84E-06 005.9 165.0  43.2 0.008197 0.093613 0.032785 hargrave 2018-09-25 16:28:03 
TT 674 339.4  68.2 034.8  66.3 8.26E-06 005.3 168.7  49.1 0.017214 0.078935 0.026461 hargrave 2018-09-26 12:49:52 
TT 676 328.6  72.3 041.5  71.3 8.00E-06 005.0 175.9  46.4 0.009911 0.066921 0.027467 hargrave 2018-10-04 12:43:04 
TT 678 305.1  74.1 048.1  78.1 7.27E-06 006.2 185.4  44.3 0.027888 0.076040 0.019905 hargrave 2018-10-05 10:25:04 
TT 680 338.3  77.2 057.4  69.8 6.64E-06 004.0 174.5  41.0 0.028175 0.039972 0.010520 hargrave 2018-10-09 12:43:06 
TT 682 007.1  73.3 056.0  61.6 4.15E-06 006.5 164.1  39.2 0.013863 0.046793 0.011329 hargrave 2018-10-11 12:29:45 
TT 684 024.9  69.9 058.9  55.2 2.73E-06 007.2 157.4  35.4 0.007957 0.035905 0.013577 hargrave 2018-10-12 10:38:53 
TT 686 264.1  13.0 262.4  34.8 1.34E-06 012.9 275.2  36.5 0.008138 0.038991 0.006742 hargrave 2018-10-12 19:00:29 
TT 686 255.3  08.0 252.9  29.0 1.80E-06 009.7 275.6  26.6 0.008038 0.026828 0.018961 hargrave 2018-10-19 10:50:37 
TT 686 304.8  16.7 311.0  34.9 5.33E-06 005.8 309.6  71.9 0.026481 0.034827 0.080503 hargrave 2018-10-19 11:38:50 
TT 688 295.6 -37.4 291.6 -16.7 1.24E-06 019.5 340.1  19.9 0.006332 0.026800 0.034616 hargrave 2018-10-19 18:12:38 
TT 688 298.3 -24.2 296.0 -04.0 1.70E-06 008.8 337.0  33.1 0.006647 0.028478 0.012338 hargrave 2018-10-20 11:06:00 
TT 690 264.2 -09.8 264.2  12.0 1.08E-06 006.3 297.6  24.3 0.008862 0.028356 0.003927 hargrave 2018-10-20 17:25:35 
