TR040 -Ca mag compass orientation (IGRF corrected)
  26.63  95.3  64.0   3.0  22.1   1.0
NRM    294.2  74.2 055.4  80.8 5.29E-05 002.2 197.3  30.1 0.107735 0.137105 0.140138 hargrave 2018-05-11 15:07:43 
TT 100 288.3  73.8 059.5  82.3 5.11E-05 001.5 198.1  28.5 0.077182 0.099217 0.080876 hargrave 2018-05-14 13:51:32 
TT 200 286.9  72.7 055.5  83.3 5.05E-05 002.0 199.2  28.2 0.073131 0.145037 0.092235 hargrave 2018-05-15 11:48:03 
TT 300 286.0  72.2 053.2  83.8 5.00E-05 001.7 199.9  27.9 0.115600 0.056713 0.102294 hargrave 2018-05-16 10:23:46 
TT 350 285.5  73.9 064.4  82.8 4.97E-05 001.7 198.0  27.7 0.088322 0.082482 0.111034 hargrave 2018-05-16 18:11:09 
TT 400 284.8  72.6 058.4  83.8 4.96E-05 001.5 199.4  27.6 0.098647 0.052680 0.092520 hargrave 2018-05-18 11:15:00 
TT 450 283.3  72.0 057.3  84.6 4.92E-05 001.8 200.1  27.1 0.098951 0.070366 0.116127 hargrave 2018-05-18 17:33:30 
TT 475 283.2  73.2 065.1  83.7 4.87E-05 001.5 198.8  27.1 0.087059 0.050666 0.092768 hargrave 2018-05-21 15:45:25 
TT 500 281.9  73.4 069.0  83.8 4.81E-05 001.7 198.5  26.7 0.061814 0.107692 0.075690 hargrave 2018-07-31 10:31:58 
TT 525 278.2  73.6 078.7  84.0 4.68E-05 002.9 198.2  25.7 0.079070 0.199359 0.107109 hargrave 2018-07-31 17:13:38 
TT 550 277.9  72.7 076.3  85.0 4.60E-05 002.2 199.2  25.5 0.063808 0.144574 0.079537 hargrave 2018-08-01 15:18:02 
TT 555 275.8  74.2 086.1  83.6 4.52E-05 001.7 197.5  25.1 0.078138 0.068060 0.098110 hargrave 2018-08-02 12:26:55 
TT 560 275.6  72.8 084.1  85.0 4.43E-05 002.4 199.0  24.8 0.085793 0.146248 0.089568 hargrave 2018-08-03 15:36:55 
TT 565 274.5  73.7 088.9  84.2 4.38E-05 001.7 198.0  24.7 0.083475 0.047134 0.101366 hargrave 2018-08-13 13:55:23 
TT 570 274.1  74.6 090.4  83.3 4.35E-05 001.9 197.0  24.7 0.054543 0.123905 0.057747 hargrave 2018-08-14 10:45:27 
TT 575 274.7  73.4 087.8  84.5 4.30E-05 002.7 198.4  24.7 0.038248 0.198473 0.050851 hargrave 2018-08-14 17:32:55 
TT 580 274.4  73.9 089.4  84.0 4.28E-05 002.0 197.8  24.6 0.038702 0.142042 0.047589 hargrave 2018-08-15 14:10:23 
TT 600 274.1  73.8 090.1  84.0 4.27E-05 001.3 197.8  24.6 0.055097 0.063534 0.052219 hargrave 2018-08-16 10:35:24 
TT 620 274.2  74.0 090.0  83.9 4.18E-05 002.2 197.6  24.6 0.034007 0.149592 0.050446 hargrave 2018-08-16 17:29:16 
TT 630 272.6  74.7 094.0  83.2 4.15E-05 002.1 196.8  24.3 0.033709 0.144349 0.049152 hargrave 2018-08-17 15:37:24 
TT 640 273.4  74.7 092.1  83.2 4.16E-05 001.5 196.9  24.5 0.069090 0.064706 0.057820 hargrave 2018-08-28 17:11:39 
TT 645 274.0  74.1 090.5  83.8 4.03E-05 001.6 197.5  24.6 0.060739 0.077753 0.078946 hargrave 2018-09-10 16:04:10 
TT 650 273.3  75.3 092.4  82.6 4.01E-05 002.6 196.2  24.6 0.062454 0.158940 0.077544 hargrave 2018-09-11 17:55:17 
TT 655 270.2  74.6 099.3  83.3 3.99E-05 001.6 196.8  23.7 0.077082 0.070273 0.073701 hargrave 2018-09-12 18:25:11 
TT 660 273.2  74.4 092.4  83.5 4.01E-05 002.4 197.2  24.4 0.108157 0.057590 0.133921 hargrave 2018-09-20 17:53:18 
TT 665 272.4  76.3 094.0  81.6 3.98E-05 002.2 195.1  24.5 0.059226 0.126388 0.082291 hargrave 2018-09-21 16:31:41 
TT 670 272.3  71.5 096.5  86.3 3.92E-05 003.8 200.2  23.6 0.054193 0.246691 0.087026 hargrave 2018-09-24 17:44:32 
TT 672 271.7  71.4 099.6  86.5 3.88E-05 002.6 200.3  23.4 0.103269 0.135138 0.054818 hargrave 2018-09-25 16:10:49 
TT 674 269.6  73.7 102.4  84.1 3.78E-05 001.9 197.7  23.3 0.051829 0.109094 0.051812 hargrave 2018-09-26 12:30:27 
TT 676 266.9  73.6 109.6  84.0 3.73E-05 001.5 197.6  22.5 0.053121 0.062282 0.067012 hargrave 2018-10-04 12:26:23 
TT 678 264.9  71.8 124.4  85.2 3.23E-05 001.4 199.2  21.5 0.037941 0.048578 0.060435 hargrave 2018-10-05 10:09:31 
TT 680 256.6  76.0 117.5  80.5 2.30E-05 003.2 194.2  20.8 0.091809 0.083751 0.063871 hargrave 2018-10-09 12:26:15 
TT 682 271.4  70.5 104.4  87.3 9.70E-06 003.4 201.2  23.1 0.027586 0.030980 0.043100 hargrave 2018-10-11 12:13:55 
TT 684 244.4  73.7 138.4  79.1 4.67E-06 003.8 194.6  16.9 0.013643 0.022256 0.018470 hargrave 2018-10-12 10:21:45 
TT 686 234.6  61.5 186.1  72.7 2.07E-06 016.5 201.3  06.1 0.020267 0.056468 0.014711 hargrave 2018-10-12 18:33:47 
TT 686 202.2  48.5 175.7  50.9 2.22E-06 003.4 191.4 -14.0 0.004532 0.006855 0.011210 hargrave 2018-10-19 10:43:15 
TT 688 135.5  27.1 130.7  10.0 2.08E-06 005.7 134.2 -18.5 0.013134 0.010471 0.013715 hargrave 2018-10-19 17:56:23 
TT 690 286.1  30.8 291.4  52.2 6.99E-07 064.6 245.2  21.6 0.029156 0.063148 0.028462 hargrave 2018-10-20 17:11:09 
