TR040 -Na mag compass orientation (IGRF corrected)
  31.78  98.3  63.0   3.0  22.1   1.0
NRM    144.9  19.3 141.2  05.0 7.96E-06 003.2 133.1 -27.4 0.025283 0.032954 0.019179 hargrave 2018-05-11 15:24:11 
TT 100 151.0  13.6 148.6  01.4 8.66E-06 003.9 133.6 -35.6 0.045005 0.042346 0.022570 hargrave 2018-05-14 14:06:24 
TT 200 152.4  11.2 150.6 -00.5 8.95E-06 003.2 132.8 -38.3 0.037409 0.037886 0.022988 hargrave 2018-05-15 12:05:22 
TT 300 154.5  10.3 152.9 -00.7 8.89E-06 002.8 134.1 -40.4 0.027195 0.026928 0.023728 hargrave 2018-05-16 10:39:25 
TT 350 154.3  09.7 152.8 -01.2 9.04E-06 003.4 133.4 -40.6 0.040681 0.038399 0.025661 hargrave 2018-05-16 18:25:43 
TT 400 155.8  09.3 154.4 -01.2 9.10E-06 003.2 134.6 -42.0 0.035814 0.031181 0.024696 hargrave 2018-05-18 11:31:27 
TT 450 155.1  07.7 154.3 -02.9 9.25E-06 003.0 132.4 -42.7 0.034607 0.036195 0.024691 hargrave 2018-05-18 17:49:00 
TT 475 157.5  08.6 156.2 -01.3 9.29E-06 002.9 135.7 -43.6 0.033735 0.035393 0.024441 hargrave 2018-05-21 16:00:07 
TT 500 158.7  08.0 157.5 -01.4 9.35E-06 003.8 136.4 -44.7 0.042822 0.039537 0.033181 hargrave 2018-07-31 10:48:44 
TT 525 160.0  06.1 159.4 -02.8 9.76E-06 004.1 136.2 -47.0 0.047907 0.039848 0.041987 hargrave 2018-07-31 17:30:34 
TT 550 162.2  05.9 161.5 -02.2 9.79E-06 002.9 138.6 -48.6 0.043101 0.021943 0.019847 hargrave 2018-08-01 15:34:39 
TT 555 162.8  05.0 162.4 -02.8 1.01E-05 003.4 138.5 -49.6 0.035630 0.039396 0.042853 hargrave 2018-08-02 12:43:30 
TT 560 163.6  05.6 163.0 -01.9 1.00E-05 004.0 140.2 -49.6 0.043728 0.029859 0.059973 hargrave 2018-08-03 15:54:27 
TT 565 163.4  06.1 162.6 -01.6 1.00E-05 003.4 140.3 -49.1 0.040038 0.040733 0.025651 hargrave 2018-08-13 14:13:37 
TT 570 163.5  05.5 162.9 -02.0 1.02E-05 004.0 140.0 -49.6 0.051544 0.042131 0.030353 hargrave 2018-08-14 11:02:04 
TT 575 164.2  05.7 163.4 -01.6 1.03E-05 003.8 141.0 -49.8 0.049413 0.038991 0.030899 hargrave 2018-08-14 17:49:38 
TT 580 164.5  05.7 163.7 -01.5 1.04E-05 003.6 141.4 -50.0 0.051789 0.037898 0.025206 hargrave 2018-08-15 14:27:14 
TT 600 165.5  05.9 164.6 -01.0 1.04E-05 003.7 142.8 -50.4 0.043843 0.041084 0.037790 hargrave 2018-08-16 10:52:48 
TT 620 165.6  05.4 164.9 -01.4 1.03E-05 003.2 142.5 -50.9 0.042170 0.031915 0.030323 hargrave 2018-08-16 17:45:06 
TT 630 164.5  04.3 164.3 -02.8 1.05E-05 003.8 140.1 -51.2 0.050517 0.042415 0.030503 hargrave 2018-08-17 15:52:16 
TT 640 164.9  04.5 164.6 -02.5 1.07E-05 002.8 140.8 -51.3 0.046685 0.034624 0.017664 hargrave 2018-08-28 17:27:32 
TT 645 166.9  05.5 166.0 -00.9 1.03E-05 003.4 144.3 -51.5 0.053511 0.037179 0.034689 hargrave 2018-09-10 16:19:48 
TT 650 168.3  05.5 167.3 -00.4 1.02E-05 003.2 146.3 -52.2 0.053019 0.027106 0.019753 hargrave 2018-09-11 18:11:46 
TT 655 167.9  04.3 167.4 -01.6 1.04E-05 002.7 144.8 -53.0 0.047985 0.024462 0.026625 hargrave 2018-09-12 18:39:01 
TT 660 168.8  04.3 168.2 -01.3 1.04E-05 003.5 145.9 -53.5 0.044984 0.050676 0.029832 hargrave 2018-09-20 18:09:22 
TT 665 169.8  03.9 169.3 -01.3 1.05E-05 002.7 147.1 -54.2 0.039873 0.035653 0.028165 hargrave 2018-09-21 16:48:06 
TT 670 167.5  03.8 167.2 -02.3 1.04E-05 005.5 143.6 -53.2 0.068007 0.075201 0.019122 hargrave 2018-09-24 17:59:27 
TT 672 167.7  04.8 167.1 -01.2 1.02E-05 004.4 144.9 -52.5 0.054136 0.057910 0.008601 hargrave 2018-09-25 16:26:36 
TT 674 172.1  04.0 171.4 -00.3 1.02E-05 004.4 150.8 -55.2 0.059171 0.056934 0.025105 hargrave 2018-09-26 12:48:21 
TT 676 171.7  03.1 171.4 -01.4 1.03E-05 002.6 149.5 -55.9 0.029057 0.037869 0.026696 hargrave 2018-10-04 12:41:36 
TT 678 168.5  04.2 168.0 -01.5 9.71E-06 002.5 145.5 -53.4 0.024296 0.027418 0.022997 hargrave 2018-10-05 10:23:41 
TT 680 169.5  03.9 169.1 -01.4 7.36E-06 003.8 146.8 -54.2 0.029886 0.034850 0.019884 hargrave 2018-10-09 12:41:34 
TT 682 162.7  15.5 158.6  07.0 4.16E-06 003.6 146.7 -40.7 0.015314 0.017978 0.012591 hargrave 2018-10-11 12:28:23 
TT 684 186.8 -11.9 191.0 -09.6 1.02E-06 005.2 174.3 -74.8 0.006647 0.003947 0.011288 hargrave 2018-10-12 10:37:31 
TT 686 119.7  08.0 120.0 -11.8 5.14E-07 060.2 107.3 -15.0 0.015705 0.050734 0.015134 hargrave 2018-10-12 18:59:04 
TT 686 137.3  04.7 138.2 -11.1 1.13E-06 003.5 114.8 -31.5 0.003925 0.005022 0.004451 hargrave 2018-10-19 10:49:27 
TT 688 176.8  11.7 172.9  08.5 6.31E-07 005.7 162.5 -49.7 0.003001 0.004563 0.006763 hargrave 2018-10-19 18:11:28 
TT 690 129.5  25.9 125.7  07.6 8.43E-07 013.0 128.0 -12.5 0.003215 0.006330 0.020215 hargrave 2018-10-20 17:24:26 
