TR040 -Ka mag compass orientation (IGRF corrected)
  30.68  58.3  44.0   3.0  22.1   1.0
NRM    190.2  32.8 175.7  32.8 3.01E-05 002.4 214.2 -02.6 0.062638 0.060272 0.101710 hargrave 2018-05-11 15:20:40 
TT 100 194.4  29.9 181.0  31.8 3.05E-05 001.4 218.7 -03.4 0.044055 0.046598 0.050597 hargrave 2018-05-14 14:03:45 
TT 200 193.4  30.0 180.0  31.5 3.06E-05 001.7 217.9 -03.7 0.055226 0.062292 0.047388 hargrave 2018-05-15 12:02:43 
TT 300 195.2  28.3 182.6  30.7 3.09E-05 001.4 220.2 -04.4 0.045989 0.053036 0.046121 hargrave 2018-05-16 10:35:53 
TT 350 192.7  28.9 180.0  30.3 3.09E-05 001.5 217.9 -04.9 0.041942 0.051038 0.058575 hargrave 2018-05-16 18:23:06 
TT 400 195.5  27.4 183.3  29.9 3.10E-05 002.3 220.9 -05.1 0.086011 0.082638 0.047107 hargrave 2018-05-18 11:27:53 
TT 450 195.0  27.2 182.9  29.5 3.11E-05 001.5 220.6 -05.5 0.044311 0.045835 0.058310 hargrave 2018-05-18 17:46:21 
TT 475 193.5  27.8 181.3  29.5 3.11E-05 001.4 219.1 -05.6 0.047389 0.051465 0.050044 hargrave 2018-05-21 15:57:29 
TT 500 195.2  27.3 183.1  29.7 3.12E-05 001.4 220.6 -05.3 0.056168 0.049469 0.048671 hargrave 2018-07-31 10:45:51 
TT 525 193.4  26.6 181.8  28.4 3.14E-05 001.5 219.6 -06.6 0.044932 0.056003 0.047000 hargrave 2018-07-31 17:27:39 
TT 550 194.7  26.7 182.9  29.0 3.13E-05 001.8 220.6 -06.0 0.059647 0.052138 0.072067 hargrave 2018-08-01 15:30:56 
TT 555 194.3  27.3 182.3  29.4 3.13E-05 001.5 220.0 -05.7 0.055761 0.063234 0.040268 hargrave 2018-08-02 12:40:36 
TT 560 194.2  26.0 182.8  28.1 3.14E-05 001.9 220.5 -06.9 0.067370 0.083650 0.039507 hargrave 2018-08-03 15:50:49 
TT 565 194.3  26.1 182.8  28.3 3.14E-05 002.0 220.6 -06.7 0.059006 0.079286 0.056769 hargrave 2018-08-13 14:09:52 
TT 570 193.8  25.7 182.6  27.8 3.14E-05 002.5 220.4 -07.2 0.085678 0.106623 0.035108 hargrave 2018-08-14 10:58:18 
TT 575 194.0  25.4 182.9  27.6 3.13E-05 001.4 220.7 -07.4 0.046254 0.062816 0.034098 hargrave 2018-08-14 17:45:56 
TT 580 194.0  25.0 183.1  27.2 3.15E-05 001.1 220.9 -07.8 0.034273 0.064327 0.031248 hargrave 2018-08-15 14:24:19 
TT 600 195.0  24.1 184.4  26.7 3.13E-05 001.6 222.2 -08.1 0.063263 0.063420 0.036158 hargrave 2018-08-16 10:49:07 
TT 620 193.6  24.0 183.2  26.1 3.08E-05 001.5 221.1 -08.9 0.051629 0.065814 0.037159 hargrave 2018-08-16 17:41:20 
TT 630 193.6  22.6 183.8  24.9 3.06E-05 002.3 221.8 -10.0 0.059158 0.106758 0.045463 hargrave 2018-08-17 15:49:26 
TT 640 193.0  23.1 183.0  25.1 3.06E-05 002.2 221.0 -09.9 0.042317 0.107363 0.065438 hargrave 2018-08-28 17:24:41 
TT 645 194.3  25.0 183.3  27.3 2.90E-05 040.9 221.1 -07.7 0.178011 0.250910 2.503454 hargrave 2018-09-10 16:16:59 
TT 645 220.3  53.8 186.3  61.9 3.03E-05 002.5 219.0  27.0 0.049522 0.042233 0.133795 hargrave 2018-09-10 17:36:14 
TT 650 225.5  50.0 196.6  60.8 2.87E-05 029.6 224.7  26.9 0.217569 0.114813 1.667621 hargrave 2018-09-11 18:08:58 
TT 650 219.2  44.8 195.1  54.1 2.74E-05 021.0 225.6  20.2 0.052630 0.211922 1.043330 hargrave 2018-09-12 10:18:17 
TT 650 180.7 -12.7 185.7 -12.6 4.60E-05 002.8 229.9 -46.9 0.080643 0.112432 0.317596 hargrave 2018-09-12 11:05:16 
TT 655 190.5  26.2 179.3  27.0 2.91E-05 002.4 217.5 -08.2 0.036061 0.128553 0.046579 hargrave 2018-09-12 18:36:24 
TT 660 198.0  22.1 188.1  26.0 3.08E-05 002.2 225.5 -08.4 0.043701 0.121858 0.109490 hargrave 2018-09-20 18:06:44 
TT 665 187.0  27.7 175.4  27.0 2.70E-05 002.4 214.0 -08.3 0.042724 0.065780 0.104267 hargrave 2018-09-21 16:45:29 
TT 670 197.7  21.9 187.9  25.8 3.12E-05 002.3 225.4 -08.7 0.055333 0.124954 0.114452 hargrave 2018-09-24 17:56:48 
TT 672 187.6  26.9 176.3  26.5 2.49E-05 003.7 214.9 -08.8 0.046580 0.150188 0.096640 hargrave 2018-09-25 16:22:49 
TT 674 197.1  20.4 188.1  24.2 2.90E-05 003.6 225.8 -10.2 0.057498 0.149088 0.129191 hargrave 2018-09-26 12:43:33 
TT 676 193.9  23.3 183.8  25.6 2.57E-05 003.1 221.7 -09.3 0.039721 0.131116 0.116184 hargrave 2018-10-04 12:38:39 
TT 678 210.9  12.3 204.7  21.7 2.20E-05 007.5 241.5 -09.2 0.266207 0.101637 0.069258 hargrave 2018-10-05 10:20:56 
TT 680 192.3  27.6 180.2  28.9 1.44E-05 009.7 218.2 -06.3 0.054227 0.266673 0.065394 hargrave 2018-10-09 12:38:39 
TT 680 198.3  25.4 187.0  29.1 1.48E-05 003.2 224.1 -05.5 0.066039 0.037640 0.078595 hargrave 2018-10-09 14:17:14 
TT 682 206.8  13.0 200.4  20.9 1.18E-05 002.3 237.9 -11.0 0.024987 0.067328 0.043053 hargrave 2018-10-11 12:25:36 
TT 684 124.1  45.4 116.8  25.6 3.40E-06 005.8 163.2  03.8 0.060525 0.042860 0.024896 hargrave 2018-10-12 10:33:23 
TT 686 237.2 -04.2 236.1  13.7 4.23E-06 004.0 272.1 -03.8 0.024687 0.128532 0.023459 hargrave 2018-10-12 18:45:19 
TT 688 035.0  04.5 034.6 -07.2 3.95E-06 012.9 076.0  19.3 0.022151 0.140168 0.111063 hargrave 2018-10-19 18:07:29 
TT 688 028.0  03.1 027.4 -06.3 3.51E-06 047.8 069.3  22.9 0.020503 0.149370 0.352292 hargrave 2018-10-20 11:03:41 
TT 690 289.8 -09.7 289.9  11.5 3.60E-06 038.8 317.5  24.5 0.142923 0.247796 0.048804 hargrave 2018-10-20 17:22:10 
