TR040 -Ta mag compass orientation (IGRF corrected)
  34.29  77.3  68.0   3.0  22.1   1.0
NRM    311.5  34.5 326.1  50.1 3.33E-05 002.0 240.4  56.3 0.098298 0.052286 0.080951 hargrave 2018-05-11 15:32:56 
TT 100 306.5  35.2 320.4  52.2 3.21E-05 001.9 240.5  52.1 0.068904 0.074962 0.054633 hargrave 2018-05-14 14:15:08 
TT 200 304.6  34.3 317.5  51.9 3.14E-05 002.2 242.3  50.7 0.071299 0.091931 0.056947 hargrave 2018-05-15 12:14:16 
TT 300 303.9  35.7 317.3  53.4 3.10E-05 002.3 240.2  49.9 0.076971 0.094226 0.055046 hargrave 2018-05-16 10:48:16 
TT 350 303.7  36.0 317.3  53.7 3.08E-05 001.9 239.8  49.8 0.064547 0.067530 0.058118 hargrave 2018-05-16 18:34:20 
TT 400 302.4  35.0 315.1  53.1 3.08E-05 001.5 241.5  48.9 0.058516 0.053782 0.054564 hargrave 2018-05-18 11:40:13 
TT 450 301.6  36.2 314.6  54.4 3.02E-05 001.4 239.8  48.1 0.060209 0.032234 0.060661 hargrave 2018-05-18 17:57:46 
TT 475 300.6  34.5 312.4  53.1 3.00E-05 001.6 242.4  47.4 0.056508 0.053366 0.056161 hargrave 2018-05-21 16:08:47 
TT 500 300.9  35.8 313.5  54.2 2.98E-05 003.2 240.5  47.5 0.140065 0.079223 0.068041 hargrave 2018-07-31 10:58:06 
TT 525 299.1  34.4 310.5  53.4 2.86E-05 003.6 242.7  46.2 0.153885 0.084175 0.050020 hargrave 2018-07-31 17:39:58 
TT 550 299.2  34.0 310.4  52.9 2.84E-05 002.5 243.2  46.3 0.109298 0.050734 0.048878 hargrave 2018-08-01 15:43:51 
TT 555 298.9  35.2 310.5  54.2 2.81E-05 002.6 241.5  45.9 0.103275 0.057538 0.083106 hargrave 2018-08-02 12:52:48 
TT 560 298.4  34.6 309.6  53.7 2.75E-05 002.8 242.5  45.6 0.115937 0.070098 0.035997 hargrave 2018-08-03 16:03:51 
TT 565 297.3  33.0 307.5  52.3 2.73E-05 001.6 244.8  44.8 0.058352 0.044857 0.036869 hargrave 2018-08-13 14:24:36 
TT 570 297.1  33.0 307.1  52.5 2.69E-05 002.6 244.7  44.5 0.108972 0.046077 0.027917 hargrave 2018-08-14 11:11:22 
TT 575 296.8  33.8 307.1  53.2 2.64E-05 001.9 243.7  44.3 0.072090 0.045381 0.032736 hargrave 2018-08-14 17:59:04 
TT 580 296.5  33.4 306.5  53.0 2.62E-05 003.0 244.2  44.0 0.113476 0.071980 0.033006 hargrave 2018-08-15 14:36:33 
TT 600 296.2  33.0 306.0  52.6 2.57E-05 002.5 244.8  43.8 0.100862 0.047120 0.027054 hargrave 2018-08-16 11:03:43 
TT 620 295.8  34.0 305.8  53.7 2.49E-05 002.7 243.4  43.4 0.105743 0.055423 0.029398 hargrave 2018-08-16 17:55:14 
TT 630 295.4  33.3 305.0  53.1 2.47E-05 002.2 244.3  43.1 0.087655 0.032413 0.028287 hargrave 2018-08-17 16:03:05 
TT 640 295.0  32.3 304.2  52.2 2.48E-05 003.1 245.7  42.8 0.122225 0.053009 0.023839 hargrave 2018-08-28 17:37:00 
TT 645 296.8  33.1 306.8  52.6 2.40E-05 003.4 244.7  44.3 0.115391 0.074505 0.062252 hargrave 2018-09-10 16:28:59 
TT 650 296.7  31.7 306.2  51.2 2.38E-05 003.1 246.6  44.3 0.107414 0.065596 0.061485 hargrave 2018-09-11 18:21:04 
TT 655 298.0  32.8 308.3  52.0 2.42E-05 004.1 245.0  45.4 0.132033 0.068461 0.131207 hargrave 2018-09-12 18:47:35 
TT 660 296.9  31.8 306.5  51.3 2.38E-05 002.8 246.4  44.4 0.090897 0.050431 0.066511 hargrave 2018-09-20 18:18:01 
TT 665 296.2  33.0 305.9  52.6 2.35E-05 002.1 244.8  43.8 0.064587 0.046754 0.055143 hargrave 2018-09-21 16:56:51 
TT 670 292.2  31.7 300.1  52.1 2.29E-05 005.0 246.3  40.4 0.176744 0.093780 0.040193 hargrave 2018-09-24 18:08:16 
TT 672 292.2  33.7 300.8  54.1 2.28E-05 003.2 243.7  40.5 0.112646 0.053884 0.042045 hargrave 2018-09-25 16:35:49 
TT 674 290.7  32.6 298.3  53.3 2.23E-05 002.4 245.1  39.2 0.074861 0.044972 0.042956 hargrave 2018-09-26 12:57:46 
TT 676 290.0  35.1 298.2  55.8 2.17E-05 002.8 241.9  38.7 0.087598 0.056091 0.030843 hargrave 2018-10-04 12:51:00 
TT 678 288.6  33.0 295.6  54.0 2.08E-05 003.3 244.5  37.5 0.101661 0.061234 0.038125 hargrave 2018-10-05 10:32:29 
TT 680 288.5  36.1 296.4  57.1 2.01E-05 002.5 240.5  37.5 0.068192 0.042630 0.059795 hargrave 2018-10-09 12:51:02 
TT 682 285.6  30.1 290.7  51.5 1.69E-05 003.4 247.7  34.7 0.065935 0.052829 0.056207 hargrave 2018-10-11 12:37:16 
TT 684 282.5  31.8 286.6  53.5 5.00E-06 004.4 245.3  32.2 0.031700 0.011652 0.019392 hargrave 2018-10-12 10:46:23 
TT 686 270.0  35.3 268.5  57.4 4.11E-06 005.7 239.5  22.5 0.035337 0.014077 0.015942 hargrave 2018-10-12 19:08:08 
TT 688 268.3  36.6 265.8  58.6 2.71E-06 003.2 237.9  21.4 0.013603 0.007729 0.008205 hargrave 2018-10-19 18:18:57 
TT 690 226.1 -22.1 230.1 -06.3 8.45E-07 021.8 282.0 -35.8 0.015211 0.002383 0.034133 hargrave 2018-10-20 17:31:55 
