TR040 -Ea mag compass orientation (IGRF corrected)
  28.38  71.3  79.0   3.0  22.1   1.0
NRM    008.2  51.0 031.8  44.3 2.94E-05 003.6 156.6  44.4 0.158500 0.076772 0.094429 hargrave 2018-05-11 15:10:39 
TT 100 008.7  50.1 031.6  43.4 2.80E-05 003.0 155.4  44.9 0.122026 0.069860 0.065449 hargrave 2018-05-14 13:54:28 
TT 200 005.6  50.7 029.7  44.9 2.75E-05 003.0 158.1  45.6 0.125873 0.061655 0.068583 hargrave 2018-05-15 11:50:53 
TT 300 006.4  50.3 030.0  44.3 2.73E-05 003.4 157.2  45.6 0.138301 0.075262 0.063528 hargrave 2018-05-16 10:26:36 
TT 350 005.3  50.3 029.2  44.7 2.70E-05 003.6 158.0  46.0 0.144117 0.085254 0.069906 hargrave 2018-05-16 18:13:57 
TT 400 005.6  50.3 029.4  44.6 2.69E-05 003.1 157.9  45.9 0.132706 0.065209 0.061186 hargrave 2018-05-18 11:17:49 
TT 450 005.3  50.2 029.1  44.6 2.66E-05 003.3 157.9  46.1 0.137151 0.064980 0.065747 hargrave 2018-05-18 17:36:19 
TT 475 006.6  50.0 029.9  44.0 2.64E-05 003.3 156.8  45.8 0.135319 0.069136 0.060528 hargrave 2018-05-21 15:48:14 
TT 500 006.7  49.8 029.9  43.8 2.60E-05 002.3 156.5  45.9 0.077894 0.077230 0.030460 hargrave 2018-07-31 10:35:01 
TT 525 006.6  50.3 030.1  44.3 2.57E-05 002.5 157.1  45.5 0.080547 0.077311 0.039536 hargrave 2018-07-31 17:16:46 
TT 550 006.5  51.6 031.0  45.3 2.48E-05 002.5 158.2  44.6 0.075556 0.081167 0.025264 hargrave 2018-08-01 15:21:03 
TT 555 007.7  51.0 031.5  44.5 2.52E-05 003.8 156.9  44.6 0.117100 0.085629 0.081825 hargrave 2018-08-02 12:29:56 
TT 560 005.7  50.8 029.8  45.0 2.50E-05 002.9 158.2  45.5 0.080888 0.087758 0.040800 hargrave 2018-08-03 15:39:59 
TT 565 004.0  51.3 028.9  46.0 2.51E-05 003.2 159.8  45.7 0.115014 0.067298 0.057600 hargrave 2018-08-13 13:58:25 
TT 570 005.4  50.4 029.3  44.7 2.48E-05 003.2 158.0  45.9 0.091591 0.099649 0.041497 hargrave 2018-08-14 10:48:27 
TT 575 005.9  50.2 029.5  44.4 2.47E-05 002.9 157.5  45.9 0.092570 0.082849 0.037452 hargrave 2018-08-14 17:35:57 
TT 580 004.4  50.7 028.8  45.3 2.45E-05 003.9 159.0  46.0 0.102445 0.130183 0.035392 hargrave 2018-08-15 14:13:24 
TT 600 004.8  50.6 029.0  45.1 2.43E-05 003.0 158.6  45.9 0.081380 0.088315 0.057103 hargrave 2018-08-16 10:38:28 
TT 620 004.5  51.2 029.2  45.7 2.34E-05 002.9 159.4  45.5 0.064166 0.083432 0.057650 hargrave 2018-08-16 17:32:19 
TT 630 008.7  50.0 031.5  43.3 2.28E-05 003.1 155.2  44.9 0.073672 0.082185 0.067251 hargrave 2018-08-17 15:40:25 
TT 640 005.6  50.4 029.4  44.7 2.24E-05 002.3 157.9  45.8 0.057881 0.056652 0.044041 hargrave 2018-08-28 17:14:48 
TT 645 013.3  50.4 035.2  42.2 2.21E-05 003.0 152.7  42.6 0.046887 0.083940 0.090164 hargrave 2018-09-10 16:07:15 
TT 650 007.3  50.4 030.8  44.1 2.10E-05 003.6 156.6  45.2 0.059297 0.104927 0.071569 hargrave 2018-09-11 17:58:19 
TT 655 018.8  52.6 040.7  42.4 2.10E-05 002.9 151.7  38.7 0.041386 0.084393 0.059359 hargrave 2018-09-12 18:28:01 
TT 660 004.9  51.8 030.0  46.1 2.07E-05 004.8 159.5  44.9 0.102350 0.123247 0.076925 hargrave 2018-09-20 17:56:12 
TT 665 016.0  49.9 036.9  40.9 2.12E-05 003.2 150.6  41.7 0.068007 0.079245 0.065506 hargrave 2018-09-21 16:34:28 
TT 670 001.8  49.0 025.4  44.8 1.92E-05 003.4 159.8  48.4 0.061901 0.077702 0.059287 hargrave 2018-09-24 17:47:21 
TT 672 013.0  50.0 034.7  41.9 1.95E-05 004.1 152.4  43.1 0.070082 0.110299 0.053646 hargrave 2018-09-25 16:13:49 
TT 674 005.3  52.4 030.8  46.5 1.89E-05 004.4 159.7  44.3 0.072903 0.116989 0.055481 hargrave 2018-09-26 12:33:27 
TT 676 007.2  50.4 030.6  44.1 1.77E-05 001.7 156.7  45.3 0.032415 0.035128 0.023617 hargrave 2018-10-04 12:29:30 
TT 678 000.8  52.7 027.6  48.2 1.48E-05 003.1 163.2  45.5 0.028955 0.067652 0.040899 hargrave 2018-10-05 10:12:20 
TT 680 015.0  51.5 037.2  42.6 1.18E-05 004.8 152.7  41.1 0.031784 0.094605 0.019877 hargrave 2018-10-09 12:29:24 
TT 682 338.7  53.1 010.5  56.5 5.16E-06 004.8 182.3  47.8 0.019183 0.037552 0.013643 hargrave 2018-10-11 12:16:48 
TT 684 048.8  38.6 057.1  21.6 2.88E-06 005.8 127.6  24.4 0.005066 0.040885 0.010514 hargrave 2018-10-12 10:24:42 
TT 686 258.8  28.4 253.6  49.6 1.56E-06 012.2 242.9  11.8 0.015338 0.040100 0.004189 hargrave 2018-10-12 18:36:40 
TT 686 195.9  02.4 194.1  07.1 4.12E-06 024.1 250.7 -53.1 0.032406 0.017466 0.250360 hargrave 2018-10-19 10:44:28 
TT 686 194.4 -01.8 194.3  02.6 4.28E-06 004.8 256.8 -55.9 0.017860 0.026665 0.051441 hargrave 2018-10-19 11:32:13 
TT 688 002.5  15.2 008.4  14.3 3.67E-06 083.3 103.9  68.9 0.242016 0.115305 1.963859 hargrave 2018-10-19 17:58:48 
TT 688 115.0 -01.5 116.8 -21.9 1.18E-06 068.8 098.3 -43.1 0.022365 0.013779 0.255471 hargrave 2018-10-20 10:58:20 
TT 690 338.3  02.8 340.9  11.7 1.30E-05 035.8 339.8  81.3 0.132316 0.091172 1.331510 hargrave 2018-10-20 17:13:33 
