TR040 -Fa mag compass orientation (IGRF corrected)
  29.83 121.3  80.0   3.0  22.1   1.0
NRM    319.6 -29.3 313.6 -13.2 3.10E-05 001.9 302.6  10.7 0.067830 0.050519 0.076074 hargrave 2018-05-11 15:13:07 
TT 100 316.5 -28.2 311.3 -11.4 3.04E-05 002.4 300.7  08.4 0.099564 0.080273 0.050096 hargrave 2018-05-14 13:56:07 
TT 200 315.6 -28.0 310.5 -11.0 3.02E-05 003.5 300.4  07.7 0.153889 0.110865 0.055945 hargrave 2018-05-15 11:53:23 
TT 300 315.1 -29.1 309.8 -12.0 3.02E-05 001.9 301.3  07.0 0.071424 0.067419 0.052942 hargrave 2018-05-16 10:28:16 
TT 350 314.8 -29.2 309.5 -11.9 3.00E-05 002.7 301.3  06.6 0.102973 0.095770 0.052668 hargrave 2018-05-16 18:15:35 
TT 400 314.6 -29.7 309.2 -12.4 3.00E-05 002.3 301.7  06.4 0.095952 0.082775 0.055097 hargrave 2018-05-18 11:20:21 
TT 450 314.3 -29.9 308.9 -12.5 3.00E-05 002.0 301.8  06.1 0.075563 0.078605 0.056600 hargrave 2018-05-18 17:38:47 
TT 475 314.3 -30.3 308.8 -12.9 2.98E-05 002.0 302.3  05.9 0.073369 0.075345 0.050011 hargrave 2018-05-21 15:49:54 
TT 500 314.0 -29.1 308.9 -11.7 2.98E-05 002.6 301.0  06.0 0.107169 0.084559 0.050764 hargrave 2018-07-31 10:36:47 
TT 525 312.6 -27.6 308.0 -09.9 2.98E-05 001.3 299.3  05.2 0.052569 0.063044 0.034540 hargrave 2018-07-31 17:19:23 
TT 550 312.6 -28.1 307.8 -10.4 2.93E-05 001.9 299.7  05.0 0.084787 0.078004 0.030865 hargrave 2018-08-01 15:22:48 
TT 555 312.7 -28.0 308.0 -10.4 2.95E-05 001.9 299.7  05.2 0.072859 0.068235 0.041513 hargrave 2018-08-02 12:32:32 
TT 560 312.8 -28.9 307.8 -11.3 2.91E-05 001.3 300.6  05.0 0.051502 0.062351 0.035185 hargrave 2018-08-03 15:42:35 
TT 565 312.4 -30.0 307.2 -12.2 2.90E-05 001.8 301.5  04.5 0.064109 0.080569 0.043893 hargrave 2018-08-13 14:01:01 
TT 570 312.9 -31.9 307.2 -14.1 2.88E-05 001.7 303.4  04.4 0.078910 0.051936 0.033367 hargrave 2018-08-14 10:50:13 
TT 575 311.8 -29.8 306.8 -11.9 2.88E-05 001.4 301.2  04.0 0.066397 0.069655 0.035075 hargrave 2018-08-14 17:37:47 
TT 580 311.8 -30.4 306.6 -12.5 2.88E-05 001.1 301.8  03.9 0.036637 0.059858 0.033757 hargrave 2018-08-15 14:16:01 
TT 600 311.3 -29.7 306.3 -11.6 2.84E-05 001.1 301.0  03.6 0.033864 0.062395 0.033131 hargrave 2018-08-16 10:41:04 
TT 620 310.5 -30.7 305.4 -12.5 2.79E-05 001.1 301.8  02.7 0.038748 0.050848 0.034681 hargrave 2018-08-16 17:34:05 
TT 630 309.4 -28.6 305.0 -10.2 2.75E-05 001.3 299.5  02.2 0.051036 0.053428 0.031249 hargrave 2018-08-17 15:42:11 
TT 640 308.7 -28.6 304.4 -10.1 2.75E-05 002.4 299.4  01.7 0.084694 0.077504 0.043257 hargrave 2018-08-28 17:16:35 
TT 645 319.6 -27.1 314.2 -11.0 2.70E-05 007.9 300.4  11.3 0.051078 0.077189 0.372003 hargrave 2018-09-10 16:09:00 
TT 650 324.6 -24.4 319.4 -09.8 2.80E-05 012.6 299.3  16.5 0.067042 0.087235 0.637915 hargrave 2018-09-11 18:00:07 
TT 650 298.1 -30.0 294.9 -09.7 2.75E-05 007.9 299.2 -07.7 0.042060 0.087939 0.383789 hargrave 2018-09-12 10:14:12 
TT 655 310.9 -29.3 306.2 -11.2 2.61E-05 003.6 300.5  03.4 0.042870 0.069694 0.155239 hargrave 2018-09-12 18:29:44 
TT 660 310.5 -25.5 306.7 -07.4 2.68E-05 001.4 296.7  03.9 0.028537 0.064428 0.057233 hargrave 2018-09-20 17:57:52 
TT 665 310.6 -26.3 306.5 -08.2 2.57E-05 001.5 297.6  03.8 0.032041 0.065652 0.049280 hargrave 2018-09-21 16:36:07 
TT 670 307.9 -27.9 303.9 -09.2 2.58E-05 001.8 298.6  01.1 0.050629 0.052086 0.060971 hargrave 2018-09-24 17:49:06 
TT 672 308.0 -29.4 303.6 -10.7 2.44E-05 001.8 300.1  00.9 0.038394 0.053822 0.056180 hargrave 2018-09-25 16:15:35 
TT 674 308.4 -28.9 304.0 -10.3 2.50E-05 001.9 299.7  01.3 0.041830 0.051918 0.060785 hargrave 2018-09-26 12:35:13 
TT 676 307.6 -28.8 303.4 -10.0 2.31E-05 001.6 299.4  00.7 0.044970 0.050700 0.033593 hargrave 2018-10-04 12:31:16 
TT 678 306.8 -28.4 302.7 -09.5 2.08E-05 002.0 298.9  00.0 0.044667 0.054056 0.045371 hargrave 2018-10-05 10:14:01 
TT 680 308.4 -29.4 303.9 -10.8 1.58E-05 002.3 300.1  01.2 0.022769 0.076738 0.044894 hargrave 2018-10-09 12:31:14 
TT 682 303.2 -23.0 300.6 -03.6 1.11E-05 002.4 293.0 -02.2 0.025174 0.020263 0.040123 hargrave 2018-10-11 12:18:32 
TT 684 296.3 -28.9 293.5 -08.3 2.99E-06 002.7 297.9 -09.2 0.008433 0.023602 0.011608 hargrave 2018-10-12 10:26:26 
TT 686 311.0 -16.2 309.2  01.5 2.57E-06 003.5 287.7  06.4 0.007713 0.026787 0.010233 hargrave 2018-10-12 18:38:21 
TT 688 097.8  40.2 096.9  18.1 5.68E-07 017.6 129.7  24.3 0.004040 0.025541 0.009491 hargrave 2018-10-19 18:01:38 
TT 688 049.2  27.6 054.3  10.9 7.61E-07 025.1 138.7  65.7 0.005199 0.022378 0.056961 hargrave 2018-10-20 11:01:15 
TT 690 323.3  01.8 326.0  15.6 1.45E-06 013.9 272.2  22.0 0.003298 0.024874 0.028104 hargrave 2018-10-20 17:15:01 
