TR040 -Ja mag compass orientation (IGRF corrected)
  30.56  74.3  74.0   3.0  22.1   1.0
NRM    331.1  09.0 336.2  20.0 4.53E-05 002.6 296.9  75.4 0.169514 0.110737 0.035549 hargrave 2018-05-11 15:19:22 
TT 100 329.5  08.4 334.3  19.9 4.45E-05 002.0 296.1  73.7 0.123986 0.095555 0.022243 hargrave 2018-05-14 14:02:24 
TT 200 328.6  08.0 333.3  19.9 4.44E-05 001.7 295.6  72.7 0.095237 0.089548 0.017248 hargrave 2018-05-15 12:01:25 
TT 300 328.5  07.7 333.1  19.6 4.44E-05 002.1 296.5  72.4 0.122848 0.102047 0.021116 hargrave 2018-05-16 10:34:35 
TT 350 328.6  06.9 332.9  18.9 4.43E-05 002.3 298.6  72.1 0.125209 0.130820 0.023081 hargrave 2018-05-16 18:21:48 
TT 400 328.5  07.6 333.0  19.5 4.42E-05 002.1 296.7  72.4 0.118149 0.110154 0.021553 hargrave 2018-05-18 11:26:35 
TT 450 328.4  07.1 332.8  19.0 4.41E-05 002.1 298.1  72.1 0.123255 0.108691 0.021558 hargrave 2018-05-18 17:45:03 
TT 475 328.1  07.3 332.6  19.3 4.38E-05 002.2 297.0  71.9 0.124534 0.109085 0.021403 hargrave 2018-05-21 15:56:11 
TT 500 328.3  07.5 332.9  19.5 4.43E-05 002.1 296.6  72.2 0.132092 0.087229 0.070899 hargrave 2018-07-31 10:44:26 
TT 525 328.4  07.1 332.8  19.1 4.36E-05 002.4 297.9  72.1 0.154445 0.095442 0.060301 hargrave 2018-07-31 17:26:08 
TT 550 328.1  07.2 332.6  19.2 4.35E-05 002.3 297.3  71.9 0.146440 0.088957 0.059049 hargrave 2018-08-01 15:29:32 
TT 555 327.8  07.5 332.4  19.6 4.33E-05 001.8 295.9  71.8 0.110883 0.077609 0.052273 hargrave 2018-08-02 12:39:11 
TT 560 327.8  07.0 332.2  19.2 4.26E-05 002.2 297.2  71.5 0.140922 0.077391 0.062635 hargrave 2018-08-03 15:49:26 
TT 565 327.2  06.5 331.4  18.9 4.26E-05 001.6 297.5  70.8 0.076230 0.097234 0.026985 hargrave 2018-08-13 14:08:28 
TT 570 327.4  06.6 331.6  18.9 4.30E-05 001.7 297.7  71.0 0.105229 0.082369 0.038171 hargrave 2018-08-14 10:56:54 
TT 575 327.4  06.5 331.6  18.8 4.27E-05 001.9 297.9  71.0 0.112192 0.091988 0.030169 hargrave 2018-08-14 17:44:31 
TT 580 327.2  06.8 331.5  19.2 4.26E-05 002.0 296.9  70.9 0.120450 0.096294 0.048018 hargrave 2018-08-15 14:22:51 
TT 600 327.7  06.2 331.7  18.4 4.23E-05 001.7 299.2  71.0 0.102286 0.087444 0.032698 hargrave 2018-08-16 10:47:43 
TT 620 327.0  06.4 331.2  18.8 4.10E-05 001.9 297.6  70.6 0.117052 0.083699 0.031768 hargrave 2018-08-16 17:39:56 
TT 630 327.0  06.9 331.4  19.3 3.99E-05 001.9 296.3  70.8 0.109695 0.075379 0.054648 hargrave 2018-08-17 15:47:57 
TT 640 325.8  04.3 329.3  17.2 3.98E-05 001.7 300.9  68.4 0.093127 0.076572 0.068259 hargrave 2018-08-28 17:23:17 
TT 645 320.2  01.6 322.9  16.3 2.47E-05 042.5 298.9  62.3 0.370909 0.186121 2.419934 hargrave 2018-09-10 16:15:37 
TT 645 321.9  02.8 324.8  17.0 2.75E-05 004.1 298.6  64.2 0.137900 0.060749 0.444895 hargrave 2018-09-10 17:34:51 
TT 650 313.5 -00.6 315.5  16.0 2.57E-05 029.1 295.8  55.3 0.067976 0.225158 1.742622 hargrave 2018-09-11 18:07:34 
TT 650 323.5  00.5 325.8  14.3 3.29E-05 020.9 305.1  64.3 0.362133 0.213557 2.025894 hargrave 2018-09-12 10:16:53 
TT 650 294.3 -09.3 294.4  11.3 1.86E-05 012.5 293.6  34.4 0.173763 0.036677 0.483411 hargrave 2018-09-12 11:03:53 
TT 650 310.5 -05.3 311.3  12.2 2.38E-05 005.4 299.7  50.3 0.174456 0.050427 0.313908 hargrave 2018-09-12 11:33:31 
TT 655 323.0  06.8 327.2  20.5 2.81E-05 014.5 291.3  67.2 0.075462 0.194409 1.210070 hargrave 2018-09-12 18:35:07 
TT 655 328.5  04.2 331.9  16.2 2.70E-05 003.1 305.6  70.5 0.066834 0.112913 0.081046 hargrave 2018-09-20 11:04:59 
TT 660 326.6  05.8 330.6  18.4 3.58E-05 002.6 298.5  69.9 0.112210 0.098892 0.081994 hargrave 2018-09-20 18:04:39 
TT 665 331.1  07.0 335.5  18.0 3.37E-05 002.8 303.6  74.3 0.097747 0.117309 0.076141 hargrave 2018-09-21 16:44:07 
TT 670 324.7  01.1 327.1  14.5 3.53E-05 003.3 305.8  65.6 0.120468 0.145565 0.089068 hargrave 2018-09-24 17:55:28 
TT 672 329.7  05.6 333.6  17.2 3.22E-05 002.9 304.4  72.3 0.070963 0.130535 0.076358 hargrave 2018-09-25 16:21:23 
TT 674 321.6  05.2 325.3  19.4 3.31E-05 003.6 293.4  65.2 0.147389 0.129546 0.081736 hargrave 2018-09-26 12:42:02 
TT 676 322.8  06.9 327.2  20.6 3.19E-05 002.0 290.9  67.1 0.065338 0.072891 0.064338 hargrave 2018-10-04 12:37:13 
TT 678 323.0  03.2 326.1  17.1 2.82E-05 003.2 299.1  65.4 0.128939 0.061100 0.073670 hargrave 2018-10-05 10:19:35 
TT 680 321.2  09.4 326.3  23.5 1.98E-05 006.1 283.5  66.5 0.131147 0.199779 0.048412 hargrave 2018-10-09 12:37:08 
TT 682 304.5  01.1 306.7  19.8 1.33E-05 004.4 286.8  48.1 0.068413 0.091313 0.033145 hargrave 2018-10-11 12:24:12 
TT 684 353.3  17.2 000.7  19.6 3.72E-06 013.5 099.5  81.3 0.021671 0.091409 0.025227 hargrave 2018-10-12 10:32:02 
TT 684 352.0  15.4 358.8  18.4 3.62E-06 011.0 086.7  82.6 0.017991 0.070202 0.014420 hargrave 2018-10-12 11:27:30 
TT 684 352.0  15.7 358.9  18.6 3.63E-06 008.5 088.6  82.6 0.016246 0.053542 0.009841 hargrave 2018-10-12 11:55:23 
TT 686 292.1 -11.7 291.9  09.2 3.51E-06 012.2 295.0  31.4 0.021295 0.096677 0.020299 hargrave 2018-10-12 18:44:01 
TT 686 327.0  02.7 329.9  15.3 1.19E-05 033.5 306.3  68.4 0.145049 0.078100 1.100450 hargrave 2018-10-19 10:47:03 
TT 686 171.2 -10.9 176.2 -14.5 4.08E-05 007.0 233.5 -81.6 0.412844 0.174642 2.227159 hargrave 2018-10-19 11:35:30 
TT 688 169.0 -00.0 170.0 -05.3 1.18E-05 006.9 196.7 -73.4 0.100033 0.100917 0.337966 hargrave 2018-10-19 18:06:18 
TT 690 272.5 -42.5 272.6 -20.4 2.01E-06 010.5 315.4  02.0 0.025526 0.068447 0.014700 hargrave 2018-10-20 17:20:59 
