TR040 -La mag compass orientation (IGRF corrected)
  30.98  49.3  66.0   3.0  22.1   1.0
NRM    016.0  15.9 021.0  10.0 3.35E-05 003.6 092.6  36.4 0.198919 0.063474 0.044051 hargrave 2018-05-11 15:22:03 
TT 100 010.6  16.1 016.1  12.1 3.46E-05 001.8 090.7  41.4 0.083798 0.070828 0.043395 hargrave 2018-05-14 14:05:04 
TT 200 008.1  16.2 013.9  13.1 3.55E-05 002.3 089.9  43.7 0.126912 0.057128 0.030159 hargrave 2018-05-15 12:04:02 
TT 300 006.5  15.6 012.2  13.1 3.63E-05 002.2 088.3  45.0 0.127134 0.061756 0.033103 hargrave 2018-05-16 10:37:12 
TT 350 005.4  15.2 011.0  13.1 3.66E-05 002.9 087.3  45.9 0.171729 0.066334 0.036253 hargrave 2018-05-16 18:24:23 
TT 400 005.2  15.0 010.7  13.0 3.68E-05 001.6 086.9  46.0 0.082834 0.062370 0.037074 hargrave 2018-05-18 11:29:19 
TT 450 005.1  15.4 010.9  13.5 3.67E-05 002.4 087.5  46.2 0.138005 0.071749 0.035958 hargrave 2018-05-18 17:47:40 
TT 475 004.4  14.4 009.8  12.8 3.66E-05 002.3 085.8  46.6 0.127009 0.069149 0.032804 hargrave 2018-05-21 15:58:47 
TT 500 005.1  14.4 010.5  12.6 3.63E-05 001.7 086.1  45.9 0.093254 0.060678 0.042624 hargrave 2018-07-31 10:47:17 
TT 525 004.6  14.5 010.0  12.8 3.63E-05 003.1 086.0  46.4 0.187361 0.068243 0.041645 hargrave 2018-07-31 17:29:04 
TT 550 004.6  14.2 009.9  12.6 3.61E-05 002.1 085.6  46.3 0.114349 0.059529 0.056550 hargrave 2018-08-01 15:32:24 
TT 555 003.8  13.1 008.7  11.8 3.62E-05 001.7 083.7  46.6 0.092840 0.062092 0.024851 hargrave 2018-08-02 12:42:01 
TT 560 003.8  14.3 009.2  12.9 3.65E-05 001.8 085.3  47.0 0.092599 0.070022 0.061255 hargrave 2018-08-03 15:52:11 
TT 565 003.5  15.4 009.3  14.1 3.61E-05 002.6 086.7  47.7 0.151286 0.053882 0.054507 hargrave 2018-08-13 14:11:21 
TT 570 003.3  13.2 008.3  12.1 3.63E-05 001.5 083.6  47.1 0.059169 0.057777 0.056030 hargrave 2018-08-14 10:59:47 
TT 575 003.4  14.5 009.0  13.3 3.63E-05 002.2 085.5  47.5 0.124969 0.058326 0.055337 hargrave 2018-08-14 17:47:21 
TT 580 003.2  14.5 008.7  13.3 3.61E-05 002.5 085.3  47.6 0.142499 0.061191 0.050006 hargrave 2018-08-15 14:25:43 
TT 600 003.1  13.4 008.2  12.3 3.58E-05 001.7 083.8  47.3 0.081453 0.054977 0.047984 hargrave 2018-08-16 10:50:31 
TT 620 002.3  13.1 007.4  12.4 3.43E-05 002.6 082.9  48.0 0.140433 0.055954 0.052159 hargrave 2018-08-16 17:42:45 
TT 630 002.5  13.2 007.6  12.4 3.37E-05 002.0 083.1  47.8 0.099801 0.055778 0.057320 hargrave 2018-08-17 15:50:50 
TT 640 002.8  13.5 008.0  12.6 3.32E-05 002.3 083.7  47.7 0.118293 0.072032 0.052592 hargrave 2018-08-28 17:26:06 
TT 645 034.5  03.8 033.8 -07.7 2.29E-05 049.6 087.4  15.1 0.154636 0.254601 2.662645 hargrave 2018-09-10 16:18:22 
TT 645 018.5  12.1 021.8  05.5 2.70E-05 006.2 089.2  32.9 0.101517 0.113735 0.366833 hargrave 2018-09-10 17:37:37 
TT 650 083.3 -13.9 081.4 -35.7 2.08E-05 016.3 090.1 -36.5 0.104619 0.063788 0.734517 hargrave 2018-09-11 18:10:21 
TT 650 079.6 -13.7 077.1 -35.1 2.05E-05 028.0 088.8 -33.0 0.086992 0.110541 1.170921 hargrave 2018-09-12 10:19:40 
TT 650 039.7 -01.6 037.1 -14.5 1.91E-05 005.2 084.6  08.1 0.132213 0.096112 0.128041 hargrave 2018-09-12 11:06:43 
TT 655 009.1  10.9 012.8  07.8 3.45E-05 002.0 083.6  41.0 0.086643 0.154192 0.064986 hargrave 2018-09-12 18:37:42 
TT 660 004.0  12.6 008.8  11.3 2.80E-05 003.0 083.2  46.2 0.114974 0.155129 0.033717 hargrave 2018-09-20 18:08:02 
TT 665 009.5  08.8 012.3  05.7 3.27E-05 002.0 081.2  39.8 0.069439 0.165297 0.037416 hargrave 2018-09-21 16:46:47 
TT 670 000.0  16.9 006.8  16.7 2.60E-05 003.4 087.3  51.3 0.103880 0.165553 0.043933 hargrave 2018-09-24 17:58:07 
TT 672 009.4  10.4 012.8  07.2 3.05E-05 002.8 083.0  40.5 0.110523 0.189757 0.065017 hargrave 2018-09-25 16:24:15 
TT 674 000.6  17.7 007.6  17.2 2.37E-05 003.5 088.7  51.0 0.085156 0.181875 0.057514 hargrave 2018-09-26 12:45:00 
TT 676 001.6  12.3 006.4  11.9 2.42E-05 003.4 081.3  48.3 0.121997 0.137347 0.041376 hargrave 2018-10-04 12:40:06 
TT 678 353.2  11.4 358.3  14.3 1.69E-05 003.9 074.7  55.5 0.050664 0.129504 0.027028 hargrave 2018-10-05 10:22:17 
TT 680 008.7  16.6 014.6  13.3 1.43E-05 011.1 090.6  43.3 0.047069 0.380444 0.023929 hargrave 2018-10-09 12:40:08 
TT 680 003.0  15.8 009.1  14.6 1.31E-05 004.2 087.1  48.3 0.032631 0.118183 0.030598 hargrave 2018-10-09 14:18:39 
TT 682 279.2  25.4 281.3  47.3 2.86E-06 016.2 259.3  53.7 0.024069 0.101917 0.026914 hargrave 2018-10-11 12:26:59 
TT 682 286.1  21.6 289.7  42.9 2.95E-06 013.9 267.8  59.3 0.014914 0.080998 0.012882 hargrave 2018-10-11 13:11:51 
TT 682 287.4  19.5 291.1  40.7 2.99E-06 010.3 272.4  60.1 0.014571 0.059575 0.013028 hargrave 2018-10-11 13:29:48 
TT 684 026.9 -05.2 023.5 -13.6 6.57E-06 003.5 075.6  18.0 0.009652 0.137955 0.034776 hargrave 2018-10-12 10:34:42 
TT 686 236.6 -04.0 235.5  13.7 2.58E-06 011.9 276.7  05.0 0.036018 0.142752 0.020281 hargrave 2018-10-12 18:46:38 
TT 686 210.3 -13.8 213.2 -03.1 4.91E-06 052.8 275.6 -22.7 0.116693 0.138314 0.605404 hargrave 2018-10-19 10:48:16 
TT 686 269.3 -00.6 269.1  21.5 5.75E-06 067.8 289.5  35.7 0.224054 0.148925 1.280077 hargrave 2018-10-19 11:36:42 
TT 688 022.0 -02.4 019.8 -09.3 5.36E-06 008.0 075.8  23.7 0.026474 0.167461 0.142225 hargrave 2018-10-19 18:08:37 
TT 688 021.5 -11.8 015.8 -17.8 4.26E-06 007.8 066.7  19.5 0.023915 0.122535 0.088195 hargrave 2018-10-20 11:04:49 
TT 690 199.9 -20.4 206.1 -12.8 5.26E-06 032.4 279.2 -34.3 0.060996 0.132764 0.373457 hargrave 2018-10-20 17:23:18 
