TR040 -Ha mag compass orientation (IGRF corrected)
   30.3  99.3  46.0   3.0  22.1   1.0
NRM    038.6  60.4 058.9  44.3 4.29E-05 004.6 143.6  66.0 0.315488 0.170354 0.075735 hargrave 2018-05-11 15:18:00 
TT 100 038.1  61.9 059.5  45.7 4.16E-05 004.2 146.8  65.5 0.263387 0.175038 0.059971 hargrave 2018-05-14 14:01:03 
TT 200 038.8  61.5 059.7  45.2 4.13E-05 003.7 145.6  65.4 0.235285 0.144141 0.060677 hargrave 2018-05-15 11:59:11 
TT 300 038.6  61.7 059.7  45.4 4.11E-05 004.5 146.1  65.4 0.280053 0.190585 0.063438 hargrave 2018-05-16 10:33:13 
TT 350 038.9  61.4 059.7  45.0 4.08E-05 004.0 145.3  65.4 0.244272 0.170119 0.066501 hargrave 2018-05-16 18:20:25 
TT 400 040.1  61.5 060.5  44.9 4.09E-05 003.9 144.8  64.9 0.258683 0.149575 0.064352 hargrave 2018-05-18 11:25:13 
TT 450 039.9  61.8 060.6  45.2 4.06E-05 003.4 145.6  64.8 0.215302 0.132155 0.060076 hargrave 2018-05-18 17:43:41 
TT 475 040.0  62.0 060.7  45.4 4.03E-05 004.1 145.9  64.7 0.256134 0.163888 0.058681 hargrave 2018-05-21 15:54:50 
TT 500 040.5  62.9 061.6  46.1 3.99E-05 003.7 147.4  64.0 0.186095 0.183756 0.064082 hargrave 2018-07-31 10:42:06 
TT 525 042.1  62.7 062.4  45.6 3.93E-05 003.1 146.3  63.4 0.163371 0.141759 0.029069 hargrave 2018-07-31 17:23:52 
TT 550 041.5  62.5 062.0  45.6 3.95E-05 002.6 146.2  63.8 0.151328 0.122570 0.123952 hargrave 2018-08-01 15:27:16 
TT 555 042.7  61.9 062.3  44.8 3.91E-05 003.5 144.4  63.6 0.211506 0.133986 0.036846 hargrave 2018-08-02 12:36:53 
TT 560 042.3  62.3 062.3  45.2 3.91E-05 002.8 145.3  63.6 0.155696 0.129654 0.063757 hargrave 2018-08-03 15:47:02 
TT 565 040.4  62.4 061.2  45.7 3.89E-05 004.2 146.6  64.3 0.226956 0.181612 0.074253 hargrave 2018-08-13 14:06:11 
TT 570 041.8  61.9 061.8  44.9 3.87E-05 002.8 144.8  64.0 0.144926 0.125728 0.064401 hargrave 2018-08-14 10:55:26 
TT 575 042.2  61.3 061.7  44.3 3.84E-05 003.4 143.4  64.1 0.168786 0.153496 0.074727 hargrave 2018-08-14 17:43:03 
TT 580 041.7  62.0 061.7  45.0 3.83E-05 003.2 145.0  64.0 0.168772 0.143477 0.084284 hargrave 2018-08-15 14:21:24 
TT 600 040.3  62.8 061.4  46.0 3.77E-05 003.3 147.3  64.1 0.155478 0.153844 0.065523 hargrave 2018-08-16 10:46:14 
TT 620 042.4  62.1 062.3  45.0 3.65E-05 003.3 144.9  63.6 0.138239 0.156324 0.059709 hargrave 2018-08-16 17:38:28 
TT 630 044.3  61.0 062.8  43.6 3.53E-05 003.0 141.8  63.3 0.135867 0.121497 0.049477 hargrave 2018-08-17 15:46:30 
TT 640 041.5  61.3 061.2  44.4 3.41E-05 003.5 143.7  64.4 0.140577 0.146066 0.055635 hargrave 2018-08-28 17:21:50 
TT 645 059.4  62.0 072.5  42.1 2.91E-05 018.2 139.7  56.1 0.091032 0.069612 1.409079 hargrave 2018-09-10 16:14:10 
TT 645 048.2  58.6 064.0  40.7 3.49E-05 004.1 135.5  62.2 0.166368 0.183235 0.128152 hargrave 2018-09-10 17:33:21 
TT 650 046.3  60.6 063.8  42.9 3.24E-05 003.4 140.3  62.5 0.113222 0.157186 0.049398 hargrave 2018-09-11 18:06:04 
TT 655 053.6  60.4 068.3  41.4 3.32E-05 004.4 137.7  59.1 0.151765 0.218661 0.033093 hargrave 2018-09-12 18:33:47 
TT 660 045.6  60.6 063.4  43.0 3.16E-05 004.8 140.5  62.8 0.192692 0.189169 0.043255 hargrave 2018-09-20 18:03:19 
TT 665 055.6  57.0 068.2  37.9 3.23E-05 004.1 131.0  58.6 0.156629 0.177211 0.029876 hargrave 2018-09-21 16:42:42 
TT 670 042.0  64.3 063.3  47.1 2.98E-05 004.7 149.3  62.7 0.131043 0.208455 0.029315 hargrave 2018-09-24 17:54:07 
TT 672 056.0  60.3 069.7  41.0 3.00E-05 003.9 137.2  58.0 0.113507 0.172769 0.031774 hargrave 2018-09-25 16:19:56 
TT 674 044.6  65.2 065.4  47.4 2.82E-05 004.4 149.7  61.3 0.095723 0.196549 0.028224 hargrave 2018-09-26 12:40:31 
TT 676 050.2  62.9 067.4  44.3 2.74E-05 004.2 143.3  60.0 0.130688 0.153488 0.027080 hargrave 2018-10-04 12:35:45 
TT 678 041.6  66.8 064.7  49.4 2.18E-05 004.3 153.9  61.4 0.073668 0.144172 0.021095 hargrave 2018-10-05 10:18:13 
TT 680 060.6  66.9 075.1  46.7 1.55E-05 007.4 148.0  54.7 0.048167 0.193022 0.037309 hargrave 2018-10-09 12:35:36 
TT 682 355.9  70.4 046.5  62.7 6.67E-06 007.6 189.8  62.8 0.031174 0.084093 0.021334 hargrave 2018-10-11 12:22:47 
TT 684 101.6  46.0 099.6  24.1 3.42E-06 006.5 127.7  28.6 0.015016 0.058023 0.011034 hargrave 2018-10-12 10:30:40 
TT 686 287.7  46.4 299.9  67.2 1.97E-06 015.9 236.5  35.1 0.010984 0.062363 0.010002 hargrave 2018-10-12 18:42:35 
TT 686 234.3 -06.2 233.7  11.0 3.76E-06 045.6 239.8 -35.5 0.061710 0.059901 0.380702 hargrave 2018-10-19 10:45:50 
TT 686 220.7 -16.6 223.7 -02.5 5.00E-06 004.7 234.0 -51.8 0.029353 0.022087 0.030205 hargrave 2018-10-19 11:34:21 
TT 688 145.3  31.0 138.0  16.3 2.85E-06 043.4 143.4 -04.9 0.078255 0.031591 0.262396 hargrave 2018-10-19 18:05:09 
TT 688 168.8  01.7 169.2 -03.7 3.57E-06 012.6 152.5 -40.8 0.029899 0.039372 0.126501 hargrave 2018-10-20 11:02:31 
TT 690 233.0 -08.0 232.9  09.0 2.49E-06 051.3 239.9 -37.8 0.044398 0.067420 0.281564 hargrave 2018-10-20 17:19:47 
