TR040 -Ga mag compass orientation (IGRF corrected)
   30.1 108.3  56.0   3.0  22.1   1.0
NRM    042.5  59.6 060.9  42.7 5.19E-05 003.4 155.6  59.9 0.257232 0.152559 0.127975 hargrave 2018-05-11 15:16:35 
TT 100 043.3  60.2 061.7  43.1 5.05E-05 002.7 155.8  59.2 0.190407 0.125078 0.085053 hargrave 2018-05-14 13:59:39 
TT 200 042.4  60.9 061.5  43.9 4.97E-05 003.2 157.3  59.0 0.199576 0.180742 0.086172 hargrave 2018-05-15 11:57:42 
TT 300 042.2  60.6 061.3  43.7 4.90E-05 002.6 157.1  59.2 0.169977 0.130659 0.078010 hargrave 2018-05-16 10:31:49 
TT 350 041.9  60.5 061.1  43.7 4.87E-05 002.5 157.2  59.4 0.171046 0.117125 0.091260 hargrave 2018-05-16 18:19:01 
TT 400 041.7  61.4 061.4  44.5 4.84E-05 002.5 158.5  58.8 0.159397 0.135535 0.068190 hargrave 2018-05-18 11:23:49 
TT 450 043.8  60.7 062.3  43.5 4.78E-05 001.9 156.2  58.6 0.123228 0.098555 0.069127 hargrave 2018-05-18 17:42:16 
TT 475 043.6  61.2 062.5  44.0 4.73E-05 002.2 157.0  58.3 0.145786 0.105782 0.068358 hargrave 2018-05-21 15:53:25 
TT 500 042.5  61.2 061.8  44.2 4.71E-05 001.6 157.7  58.7 0.067464 0.094508 0.069241 hargrave 2018-07-31 10:40:35 
TT 525 044.1  61.9 063.1  44.5 4.60E-05 001.9 157.5  57.7 0.068486 0.132113 0.043768 hargrave 2018-07-31 17:22:17 
TT 550 044.9  61.8 063.6  44.2 4.53E-05 001.6 156.8  57.5 0.063493 0.106109 0.050232 hargrave 2018-08-01 15:25:42 
TT 555 045.3  61.8 063.8  44.2 4.49E-05 001.6 156.6  57.3 0.081421 0.083289 0.053964 hargrave 2018-08-02 12:35:23 
TT 560 044.8  61.5 063.3  44.0 4.42E-05 002.1 156.5  57.8 0.081635 0.138753 0.048456 hargrave 2018-08-03 15:45:25 
TT 565 043.5  62.2 063.0  44.9 4.38E-05 002.2 158.2  57.6 0.099147 0.117789 0.073159 hargrave 2018-08-13 14:04:40 
TT 570 044.0  61.6 062.9  44.2 4.37E-05 001.6 157.2  57.9 0.045206 0.114173 0.050861 hargrave 2018-08-14 10:53:56 
TT 575 042.7  62.1 062.5  45.0 4.33E-05 001.6 158.7  57.9 0.047942 0.109269 0.039261 hargrave 2018-08-14 17:40:38 
TT 580 044.3  61.0 062.8  43.6 4.30E-05 001.9 156.2  58.3 0.067869 0.124231 0.030766 hargrave 2018-08-15 14:18:56 
TT 600 046.0  60.7 063.7  43.1 4.26E-05 001.6 154.7  57.9 0.056992 0.092793 0.048182 hargrave 2018-08-16 10:43:54 
TT 620 045.3  61.2 063.5  43.7 4.14E-05 002.1 155.9  57.7 0.057648 0.142862 0.042918 hargrave 2018-08-16 17:36:55 
TT 630 046.7  60.3 063.9  42.5 4.11E-05 002.7 153.6  57.9 0.092090 0.168239 0.049793 hargrave 2018-08-17 15:45:00 
TT 640 046.3  60.6 063.8  42.9 4.08E-05 002.8 154.3  57.8 0.100141 0.167512 0.055040 hargrave 2018-08-28 17:19:28 
TT 645 055.0  61.4 069.5  42.2 3.98E-05 003.4 150.9  54.0 0.069858 0.141866 0.277956 hargrave 2018-09-10 16:11:47 
TT 650 051.7  60.9 067.3  42.2 3.94E-05 002.7 151.7  55.6 0.093687 0.171762 0.063426 hargrave 2018-09-11 18:03:43 
TT 655 051.7  60.6 067.2  41.9 3.94E-05 002.3 151.2  55.8 0.076032 0.157077 0.064719 hargrave 2018-09-12 18:32:24 
TT 660 049.7  60.7 066.0  42.4 3.98E-05 003.2 152.5  56.5 0.124213 0.186283 0.094389 hargrave 2018-09-20 18:01:51 
TT 665 050.2  60.6 066.2  42.2 3.95E-05 002.8 152.0  56.4 0.126102 0.155116 0.093913 hargrave 2018-09-21 16:41:15 
TT 670 049.3  62.2 066.5  43.9 3.73E-05 002.3 154.8  55.7 0.068547 0.135186 0.034751 hargrave 2018-09-24 17:51:47 
TT 672 050.3  61.8 066.9  43.3 3.69E-05 001.9 153.7  55.6 0.063000 0.114995 0.032256 hargrave 2018-09-25 16:18:26 
TT 674 049.2  61.6 066.1  43.3 3.60E-05 001.8 153.9  56.1 0.061097 0.100193 0.028460 hargrave 2018-09-26 12:38:06 
TT 676 048.1  63.1 066.2  44.9 3.51E-05 002.6 156.7  55.5 0.079029 0.135876 0.044110 hargrave 2018-10-04 12:34:14 
TT 678 050.3  64.3 068.1  45.6 3.07E-05 002.8 157.0  54.0 0.051680 0.145471 0.034684 hargrave 2018-10-05 10:16:47 
TT 680 050.5  67.8 070.2  48.9 2.46E-05 003.0 161.2  51.5 0.073033 0.103734 0.048924 hargrave 2018-10-09 12:34:05 
TT 682 034.2  65.2 059.5  49.4 1.32E-05 004.5 167.7  57.4 0.048067 0.092794 0.027530 hargrave 2018-10-11 12:21:18 
TT 684 066.0  72.6 080.4  51.6 5.49E-06 004.0 161.9  44.5 0.019129 0.031282 0.014571 hargrave 2018-10-12 10:29:15 
TT 686 344.7  37.8 003.1  41.4 2.43E-06 004.3 252.1  62.7 0.012161 0.012269 0.006607 hargrave 2018-10-12 18:41:11 
TT 688 136.2  58.8 120.8  40.6 2.47E-06 002.4 151.5  16.1 0.005865 0.005423 0.007916 hargrave 2018-10-19 18:03:57 
TT 690 351.4  14.3 357.7  17.6 1.91E-06 037.6 302.4  58.7 0.024471 0.010936 0.174818 hargrave 2018-10-20 17:18:31 
