TR040 -Ra mag compass orientation (IGRF corrected)
  33.17  93.3  49.0   3.0  22.1   1.0
NRM    357.8  27.3 009.3  27.1 1.56E-05 002.3 340.1  75.6 0.051470 0.034312 0.017440 hargrave 2018-05-11 15:28:28 
TT 100 356.2  29.3 008.8  29.5 1.39E-05 001.6 331.5  76.9 0.028403 0.027908 0.008648 hargrave 2018-05-14 14:10:40 
TT 200 356.1  29.6 008.9  29.8 1.34E-05 001.6 330.6  77.2 0.028612 0.025265 0.009282 hargrave 2018-05-15 12:09:44 
TT 300 356.8  29.0 009.2  29.0 1.30E-05 001.7 334.1  76.9 0.028858 0.026000 0.010374 hargrave 2018-05-16 10:43:43 
TT 350 356.4  29.5 009.1  29.6 1.26E-05 001.8 331.6  77.2 0.027706 0.028803 0.010984 hargrave 2018-05-16 18:29:54 
TT 400 356.7  30.1 009.7  30.1 1.25E-05 001.7 331.6  77.9 0.027402 0.024021 0.008582 hargrave 2018-05-18 11:35:41 
TT 450 355.9  30.7 009.3  30.8 1.22E-05 001.8 327.7  78.1 0.027693 0.024950 0.009336 hargrave 2018-05-18 17:53:14 
TT 475 355.2  30.3 008.5  30.8 1.20E-05 001.7 325.9  77.5 0.025897 0.023327 0.009571 hargrave 2018-05-21 16:04:20 
TT 500 355.9  30.7 009.3  30.8 1.19E-05 001.7 327.7  78.1 0.030797 0.020518 0.026920 hargrave 2018-07-31 10:53:18 
TT 525 354.9  30.8 008.4  31.3 1.10E-05 001.9 323.9  77.8 0.034649 0.017074 0.043868 hargrave 2018-07-31 17:35:11 
TT 550 355.3  30.6 008.6  31.0 1.11E-05 001.9 325.5  77.7 0.030516 0.018975 0.009871 hargrave 2018-08-01 15:39:10 
TT 555 354.6  31.2 008.3  31.8 1.09E-05 001.5 321.8  77.9 0.023951 0.016822 0.007830 hargrave 2018-08-02 12:48:05 
TT 560 354.5  30.9 008.1  31.5 1.08E-05 002.0 322.4  77.6 0.033602 0.016629 0.011301 hargrave 2018-08-03 15:59:01 
TT 565 352.8  30.6 006.4  32.0 1.07E-05 001.5 317.4  76.6 0.017527 0.023867 0.013327 hargrave 2018-08-13 14:18:11 
TT 570 353.8  30.4 007.2  31.3 1.05E-05 001.8 321.1  76.9 0.022270 0.025622 0.011260 hargrave 2018-08-14 11:06:40 
TT 575 353.7  31.0 007.4  31.9 1.05E-05 001.8 319.2  77.3 0.026081 0.021864 0.012108 hargrave 2018-08-14 17:54:12 
TT 580 352.9  31.4 006.9  32.6 1.04E-05 001.6 315.5  77.2 0.019662 0.023225 0.013613 hargrave 2018-08-15 14:31:50 
TT 600 354.0  30.9 007.6  31.8 1.02E-05 001.8 320.4  77.4 0.023668 0.021865 0.015324 hargrave 2018-08-16 10:57:20 
TT 620 352.3  31.9 006.6  33.3 9.33E-06 002.3 312.4  77.3 0.019335 0.031917 0.014014 hargrave 2018-08-16 17:49:38 
TT 630 349.6  32.8 004.6  35.1 9.50E-06 003.2 302.6  76.3 0.021784 0.040700 0.038987 hargrave 2018-08-17 15:56:46 
TT 640 348.0  31.5 002.5  34.6 9.05E-06 003.9 302.8  74.5 0.022031 0.055339 0.018891 hargrave 2018-08-28 17:32:10 
TT 645 000.8  27.7 012.2  26.4 9.81E-06 071.4 350.3  76.6 0.201530 0.120194 1.255825 hargrave 2018-09-10 16:24:19 
TT 645 002.8  30.7 015.4  28.3 1.32E-05 003.1 357.5  79.7 0.105264 0.033813 0.253736 hargrave 2018-09-10 17:40:38 
TT 650 351.0  23.7 001.3  26.4 9.03E-06 006.2 325.4  69.8 0.041840 0.071669 0.065812 hargrave 2018-09-11 18:16:21 
TT 655 251.2 -35.1 254.7 -14.3 1.38E-06 081.5 287.0 -37.6 0.105879 0.190581 0.866960 hargrave 2018-09-12 18:43:10 
TT 655 334.4 -63.7 309.1 -48.7 1.47E-06 023.9 347.0 -17.2 0.004686 0.063769 0.022726 hargrave 2018-09-20 11:08:02 
TT 655 319.5 -55.9 304.3 -38.4 1.53E-06 013.9 336.4 -13.7 0.003883 0.027522 0.031379 hargrave 2018-09-20 11:32:44 
TT 655 321.9 -55.8 305.9 -38.9 1.48E-06 015.9 337.6 -13.0 0.004359 0.033142 0.030386 hargrave 2018-09-20 11:50:18 
TT 660 354.3  27.3 006.1  28.4 8.35E-06 007.4 328.7  74.5 0.020506 0.103053 0.030337 hargrave 2018-09-20 18:13:35 
TT 665 005.7  31.6 018.4  28.0 7.55E-06 008.9 012.4  80.4 0.016129 0.117867 0.031108 hargrave 2018-09-21 16:52:21 
TT 665 350.4  25.0 001.5  27.8 8.51E-06 004.2 322.2  70.8 0.029014 0.051587 0.034023 hargrave 2018-09-24 11:37:59 
TT 670 342.7  19.3 351.6  25.4 7.77E-06 009.4 314.9  62.1 0.021270 0.121675 0.038824 hargrave 2018-09-24 18:03:48 
TT 670 341.3  18.0 349.6  24.8 7.93E-06 006.4 314.1  60.2 0.019312 0.076434 0.044238 hargrave 2018-09-24 18:50:38 
TT 672 006.7  28.9 018.0  25.3 7.18E-06 010.2 014.0  77.6 0.019525 0.128638 0.041848 hargrave 2018-09-25 16:31:06 
TT 672 004.2  28.3 015.5  25.6 7.25E-06 006.0 003.6  77.3 0.013143 0.074882 0.042920 hargrave 2018-09-25 17:11:54 
TT 674 338.8  33.2 354.6  39.5 6.68E-06 012.6 284.0  69.0 0.043511 0.137646 0.040720 hargrave 2018-09-26 12:52:56 
TT 674 337.2  34.3 353.7  41.1 6.73E-06 009.5 279.7  68.4 0.050123 0.088113 0.049980 hargrave 2018-09-26 13:53:13 
TT 674 337.3  30.9 351.9  38.0 6.81E-06 006.6 287.5  66.8 0.021526 0.062684 0.046205 hargrave 2018-09-26 14:13:58 
TT 676 335.1  34.2 351.6  41.8 6.39E-06 009.7 277.9  66.8 0.014948 0.101307 0.037243 hargrave 2018-10-04 12:46:12 
TT 676 334.5  34.4 351.1  42.2 6.27E-06 007.6 276.9  66.4 0.013783 0.071469 0.042521 hargrave 2018-10-04 13:21:24 
TT 678 340.5  22.3 350.8  29.0 6.20E-06 010.1 307.3  63.3 0.052963 0.100455 0.020250 hargrave 2018-10-05 10:27:56 
TT 678 341.6  20.8 351.1  27.2 6.48E-06 007.2 311.1  62.6 0.017138 0.068770 0.044675 hargrave 2018-10-05 10:58:49 
TT 680 350.3  37.8 008.2  39.3 4.83E-06 023.4 283.6  79.5 0.055717 0.205445 0.011016 hargrave 2018-10-09 12:46:11 
TT 680 340.0  32.7 355.6  38.7 5.15E-06 009.7 286.5  69.7 0.024573 0.084585 0.015774 hargrave 2018-10-09 14:20:18 
TT 680 011.4 -47.5 347.5 -46.1 5.96E-07 081.4 005.5  01.2 0.027245 0.113096 0.525935 hargrave 2018-10-09 14:42:12 
TT 680 342.1  33.4 358.0  38.5 5.04E-06 009.3 287.5  71.6 0.023955 0.079982 0.012468 hargrave 2018-10-09 15:21:04 
TT 682 306.9  21.1 314.8  38.6 2.92E-06 013.3 275.0  38.7 0.041090 0.092855 0.015170 hargrave 2018-10-11 12:32:41 
TT 682 312.2  20.7 320.6  36.9 3.13E-06 009.3 279.3  42.4 0.015881 0.065249 0.009156 hargrave 2018-10-11 13:13:25 
TT 682 313.8  19.1 321.9  34.9 3.16E-06 008.0 282.3  42.7 0.016035 0.052587 0.010102 hargrave 2018-10-11 13:31:19 
TT 684 083.7  09.7 083.6 -12.1 2.30E-06 006.5 091.2  13.6 0.007990 0.098591 0.008949 hargrave 2018-10-12 10:41:51 
TT 686 319.1 -10.3 318.4  05.3 3.21E-06 013.6 311.0  24.6 0.024385 0.102589 0.015746 hargrave 2018-10-12 19:03:30 
TT 686 311.3 -08.7 311.3  08.7 4.89E-06 022.3 303.4  21.1 0.053191 0.096523 0.168660 hargrave 2018-10-19 10:51:55 
TT 686 236.0 -35.8 242.3 -17.4 6.54E-06 046.6 280.5 -49.0 0.173757 0.117040 0.664111 hargrave 2018-10-19 11:40:05 
TT 688 106.8  20.7 105.9 -00.8 2.56E-06 020.3 114.3  03.8 0.011866 0.107014 0.073504 hargrave 2018-10-19 18:15:05 
TT 688 180.9 -23.5 190.4 -22.5 1.56E-05 004.3 172.8 -72.4 0.263196 0.082848 0.941459 hargrave 2018-10-20 11:08:28 
TT 690 314.5 -32.6 308.3 -15.2 1.90E-06 015.0 320.5  03.7 0.028068 0.078575 0.007917 hargrave 2018-10-20 17:28:02 
