TR040 -Da mag compass orientation (IGRF corrected)
  27.47  52.3  64.0   3.0  22.1   1.0
NRM    029.7  41.5 043.0  29.2 2.49E-05 002.4 124.2  33.3 0.088722 0.057754 0.034512 hargrave 2018-05-11 15:09:13 
TT 100 029.6  39.7 042.1  27.5 2.31E-05 001.7 122.0  33.1 0.054765 0.047562 0.035515 hargrave 2018-05-14 13:52:59 
TT 200 029.2  40.0 042.0  27.9 2.26E-05 002.7 122.3  33.5 0.076446 0.074988 0.041488 hargrave 2018-05-15 11:49:27 
TT 300 029.0  40.1 041.8  28.1 2.23E-05 002.7 122.4  33.7 0.069139 0.077786 0.038969 hargrave 2018-05-16 10:25:09 
TT 350 028.9  39.6 041.5  27.7 2.20E-05 003.2 121.8  33.7 0.094756 0.085216 0.035124 hargrave 2018-05-16 18:12:32 
TT 400 029.0  40.0 041.8  28.0 2.18E-05 003.5 122.3  33.7 0.102001 0.087533 0.036957 hargrave 2018-05-18 11:16:23 
TT 450 029.0  39.9 041.7  27.9 2.15E-05 003.2 122.1  33.7 0.093806 0.082063 0.035193 hargrave 2018-05-18 17:34:53 
TT 475 029.2  40.1 041.9  28.0 2.11E-05 003.4 122.4  33.5 0.097069 0.084758 0.037715 hargrave 2018-05-21 15:46:48 
TT 500 029.6  40.9 042.6  28.6 2.08E-05 003.5 123.4  33.3 0.088402 0.085574 0.052696 hargrave 2018-07-31 10:33:28 
TT 525 029.7  39.6 042.2  27.4 2.04E-05 003.4 122.0  33.1 0.087483 0.080897 0.037858 hargrave 2018-07-31 17:15:15 
TT 550 029.0  39.1 041.3  27.1 2.03E-05 003.9 121.2  33.5 0.100472 0.077834 0.066691 hargrave 2018-08-01 15:19:31 
TT 555 030.1  40.4 042.8  28.1 2.01E-05 002.4 122.9  32.9 0.054466 0.062291 0.033281 hargrave 2018-08-02 12:28:24 
TT 560 029.9  39.7 042.4  27.4 1.97E-05 003.0 122.1  32.9 0.087469 0.051513 0.037154 hargrave 2018-08-03 15:38:28 
TT 565 029.2  39.5 041.7  27.4 1.98E-05 003.8 121.7  33.4 0.095127 0.089580 0.048575 hargrave 2018-08-13 13:56:53 
TT 570 029.5  39.1 041.8  27.1 1.97E-05 003.2 121.4  33.2 0.083471 0.063438 0.049792 hargrave 2018-08-14 10:46:56 
TT 575 027.6  39.6 040.5  28.0 2.00E-05 005.6 121.7  34.7 0.082967 0.060039 0.216445 hargrave 2018-08-14 17:34:24 
TT 580 030.2  39.6 042.5  27.3 1.93E-05 003.8 122.0  32.7 0.098835 0.065858 0.062508 hargrave 2018-08-15 14:11:52 
TT 600 031.3  40.5 043.8  27.8 1.89E-05 002.3 123.1  32.0 0.043421 0.045601 0.053088 hargrave 2018-08-16 10:36:53 
TT 620 032.0  42.0 045.0  28.9 1.83E-05 002.8 125.0  31.7 0.053335 0.060576 0.052698 hargrave 2018-08-16 17:30:44 
TT 630 032.5  41.2 045.1  28.1 1.83E-05 002.7 124.1  31.2 0.053699 0.056561 0.051067 hargrave 2018-08-17 15:38:53 
TT 640 032.7  41.2 045.2  28.0 1.81E-05 003.3 124.2  31.0 0.077432 0.084042 0.033484 hargrave 2018-08-28 17:13:13 
TT 645 035.5  41.1 047.4  27.1 1.77E-05 002.9 124.4  28.9 0.069393 0.070615 0.025892 hargrave 2018-09-10 16:05:41 
TT 650 035.3  42.0 047.7  28.1 1.73E-05 003.6 125.5  29.2 0.073650 0.087311 0.032815 hargrave 2018-09-11 17:56:48 
TT 655 038.2  40.9 049.5  26.3 1.71E-05 002.5 124.7  26.9 0.050953 0.043266 0.058965 hargrave 2018-09-12 18:26:36 
TT 660 037.1  43.2 049.5  28.7 1.71E-05 002.1 127.1  28.1 0.053801 0.053312 0.026280 hargrave 2018-09-20 17:54:40 
TT 665 036.8  40.2 048.1  26.0 1.70E-05 001.6 123.7  27.8 0.046104 0.044463 0.021749 hargrave 2018-09-21 16:33:03 
TT 670 035.4  44.1 048.6  30.0 1.63E-05 001.9 127.9  29.5 0.043717 0.055810 0.032810 hargrave 2018-09-24 17:45:55 
TT 672 035.0  40.8 046.9  27.0 1.65E-05 001.7 124.1  29.2 0.052368 0.042445 0.031416 hargrave 2018-09-25 16:12:18 
TT 674 034.6  41.6 046.9  27.9 1.56E-05 002.0 124.9  29.7 0.056791 0.039573 0.029389 hargrave 2018-09-26 12:31:55 
TT 676 036.0  44.8 049.3  30.5 1.54E-05 002.1 128.7  29.2 0.053209 0.046951 0.019298 hargrave 2018-10-04 12:27:52 
TT 678 037.4  46.6 051.2  31.8 1.26E-05 002.5 131.0  28.5 0.046354 0.051389 0.021557 hargrave 2018-10-05 10:10:54 
TT 680 038.5  43.3 050.7  28.5 1.05E-05 002.7 127.4  27.1 0.046178 0.039102 0.023131 hargrave 2018-10-09 12:27:48 
TT 682 036.7  48.1 051.3  33.4 4.81E-06 003.3 132.5  29.2 0.008328 0.016083 0.022220 hargrave 2018-10-11 12:15:18 
TT 684 054.9  31.9 060.3  13.8 3.97E-06 002.4 120.1  11.4 0.009126 0.006967 0.014266 hargrave 2018-10-12 10:23:12 
TT 686 223.6  75.0 136.4  73.4 1.25E-06 003.7 196.1  22.9 0.003893 0.005995 0.004469 hargrave 2018-10-12 18:35:10 
TT 688 065.1  42.5 071.1  22.4 1.58E-06 003.5 133.4  08.6 0.003431 0.008319 0.008017 hargrave 2018-10-19 17:57:34 
TT 690 176.4 -13.5 182.1 -15.0 1.76E-06 006.1 255.3 -55.7 0.011759 0.008053 0.037352 hargrave 2018-10-20 17:12:20 
