TR040 -Ua mag compass orientation (IGRF corrected)
  34.91  79.3  61.0   3.0  22.1   1.0
NRM    032.6  52.8 050.7  38.7 4.01E-05 003.6 139.4  50.4 0.203947 0.144559 0.049049 hargrave 2018-05-11 15:34:22 
TT 100 035.3  53.3 052.8  38.5 3.83E-05 002.8 139.3  48.7 0.134725 0.132616 0.031891 hargrave 2018-05-14 14:16:34 
TT 200 036.2  53.0 053.3  38.0 3.76E-05 002.7 138.7  48.3 0.132864 0.111974 0.037036 hargrave 2018-05-15 12:15:43 
TT 300 036.9  53.0 053.8  37.9 3.73E-05 001.8 138.5  47.9 0.101277 0.069693 0.032355 hargrave 2018-05-16 10:49:42 
TT 350 037.6  52.2 053.9  36.9 3.69E-05 002.2 137.1  47.7 0.107512 0.094372 0.037101 hargrave 2018-05-16 18:35:45 
TT 400 038.0  52.3 054.2  36.9 3.68E-05 001.9 137.2  47.4 0.101297 0.071965 0.031361 hargrave 2018-05-18 11:41:39 
TT 450 038.0  53.0 054.5  37.6 3.62E-05 002.2 138.3  47.3 0.109293 0.085767 0.035945 hargrave 2018-05-18 17:59:12 
TT 475 038.0  53.9 055.0  38.4 3.57E-05 001.6 139.5  47.0 0.090112 0.053404 0.030475 hargrave 2018-05-21 16:10:13 
TT 500 038.7  54.6 055.8  39.0 3.49E-05 002.3 140.4  46.5 0.064439 0.099074 0.087328 hargrave 2018-07-31 10:59:39 
TT 525 039.4  53.7 055.9  37.9 3.45E-05 001.9 138.9  46.3 0.075430 0.085170 0.036566 hargrave 2018-07-31 17:41:33 
TT 550 040.0  53.1 056.0  37.2 3.43E-05 001.4 138.0  46.1 0.046505 0.058002 0.054214 hargrave 2018-08-01 15:45:22 
TT 555 039.8  53.5 056.0  37.6 3.38E-05 001.8 138.5  46.1 0.068344 0.074918 0.040809 hargrave 2018-08-02 12:54:27 
TT 560 039.2  53.7 055.7  38.0 3.37E-05 002.3 139.0  46.4 0.068701 0.102731 0.077810 hargrave 2018-08-03 16:05:23 
TT 565 039.4  54.1 056.1  38.3 3.34E-05 002.4 139.5  46.2 0.095833 0.099902 0.049531 hargrave 2018-08-13 14:26:08 
TT 570 039.4  54.9 056.5  39.0 3.32E-05 002.1 140.6  46.0 0.054377 0.099486 0.054159 hargrave 2018-08-14 11:12:54 
TT 575 039.9  54.1 056.4  38.1 3.31E-05 002.0 139.3  45.9 0.052768 0.090719 0.053074 hargrave 2018-08-14 18:00:40 
TT 580 040.6  53.6 056.6  37.6 3.30E-05 001.8 138.6  45.6 0.054656 0.076720 0.063546 hargrave 2018-08-15 14:38:05 
TT 600 040.2  53.2 056.1  37.2 3.28E-05 002.2 138.0  46.0 0.068625 0.101259 0.042540 hargrave 2018-08-16 11:05:19 
TT 620 040.7  53.0 056.4  37.0 3.24E-05 001.8 137.7  45.7 0.049162 0.082038 0.052365 hargrave 2018-08-16 17:56:49 
TT 630 040.7  53.2 056.5  37.2 3.23E-05 002.0 138.0  45.7 0.046606 0.091505 0.053049 hargrave 2018-08-17 16:04:37 
TT 640 040.5  54.1 056.8  38.1 3.21E-05 001.9 139.3  45.6 0.064477 0.085889 0.042506 hargrave 2018-08-28 17:38:34 
TT 645 045.0  51.7 058.9  34.8 3.13E-05 002.6 135.3  43.3 0.093942 0.128748 0.036495 hargrave 2018-09-10 16:30:29 
TT 650 044.6  52.9 059.1  36.1 3.10E-05 002.3 137.0  43.4 0.080717 0.094665 0.035083 hargrave 2018-09-11 18:22:34 
TT 655 043.7  53.2 058.6  36.5 3.10E-05 003.2 137.5  43.9 0.105168 0.143096 0.039191 hargrave 2018-09-12 18:49:03 
TT 660 044.3  53.0 058.9  36.2 3.10E-05 003.6 137.2  43.6 0.158572 0.116495 0.050356 hargrave 2018-09-20 18:19:26 
TT 665 045.9  50.0 058.8  33.0 3.11E-05 002.2 132.8  42.9 0.074581 0.101147 0.040715 hargrave 2018-09-21 16:58:16 
TT 670 041.1  54.6 057.4  38.4 3.00E-05 002.5 139.8  45.1 0.101177 0.079364 0.050841 hargrave 2018-09-24 18:09:46 
TT 672 042.1  51.7 056.8  35.5 2.99E-05 002.8 135.7  45.1 0.123097 0.074315 0.047606 hargrave 2018-09-25 16:37:20 
TT 674 043.5  50.0 057.1  33.6 2.91E-05 002.7 133.1  44.5 0.087683 0.108730 0.039859 hargrave 2018-09-26 12:59:25 
TT 676 042.9  55.4 059.1  38.7 2.84E-05 004.5 140.5  43.9 0.183750 0.122861 0.057591 hargrave 2018-10-04 12:52:32 
TT 678 045.0  56.2 060.8  39.0 2.69E-05 002.6 141.3  42.6 0.083610 0.088842 0.027479 hargrave 2018-10-05 10:33:56 
TT 680 045.1  56.4 061.0  39.2 2.62E-05 002.8 141.6  42.5 0.107770 0.086796 0.054038 hargrave 2018-10-09 12:52:35 
TT 682 044.8  56.3 060.7  39.2 2.30E-05 003.3 141.5  42.7 0.087615 0.085954 0.056183 hargrave 2018-10-11 12:38:46 
TT 684 036.3  59.9 057.2  44.3 6.17E-06 004.0 148.2  45.9 0.020179 0.036572 0.015726 hargrave 2018-10-12 10:47:53 
TT 686 060.6  66.0 074.8  45.8 5.18E-06 003.2 152.3  33.8 0.019729 0.014913 0.018144 hargrave 2018-10-12 19:09:33 
TT 688 056.5  70.2 074.6  50.3 5.03E-06 004.4 157.7  34.8 0.018363 0.023329 0.028320 hargrave 2018-10-19 18:20:10 
TT 690 345.8  33.4 001.4  37.1 9.57E-07 007.8 213.6  84.7 0.007434 0.004500 0.039805 hargrave 2018-10-20 17:33:09 
