TR040 -Qa mag compass orientation (IGRF corrected)
  32.76  76.3  66.0   3.0  22.1   1.0
NRM    351.9  32.1 006.4  33.6 1.56E-05 003.5 149.7  80.5 0.090074 0.030794 0.021862 hargrave 2018-05-11 15:26:58 
TT 100 350.0  32.4 004.8  34.6 1.42E-05 002.6 159.9  81.0 0.059621 0.027659 0.010361 hargrave 2018-05-14 14:09:09 
TT 200 349.3  32.6 004.3  35.1 1.36E-05 002.7 163.7  81.0 0.059356 0.024680 0.010977 hargrave 2018-05-15 12:08:16 
TT 300 348.7  32.5 003.6  35.1 1.33E-05 002.8 166.4  81.3 0.057901 0.025676 0.022885 hargrave 2018-05-16 10:42:16 
TT 350 348.3  32.6 003.3  35.4 1.31E-05 002.8 168.8  81.2 0.056083 0.027199 0.023576 hargrave 2018-05-16 18:28:28 
TT 400 348.2  32.6 003.3  35.5 1.29E-05 002.6 169.3  81.2 0.053105 0.023348 0.023030 hargrave 2018-05-18 11:34:13 
TT 450 347.8  33.2 003.1  36.1 1.27E-05 002.7 172.3  80.8 0.052555 0.026354 0.025018 hargrave 2018-05-18 17:51:47 
TT 475 347.7  33.3 003.1  36.2 1.25E-05 002.6 172.8  80.7 0.050819 0.023618 0.022758 hargrave 2018-05-21 16:02:53 
TT 500 348.2  33.2 003.6  36.0 1.24E-05 001.7 170.1  80.6 0.028568 0.020518 0.015008 hargrave 2018-07-31 10:51:44 
TT 525 348.1  33.0 003.3  35.8 1.19E-05 001.8 170.6  80.9 0.029164 0.019745 0.035029 hargrave 2018-07-31 17:33:39 
TT 550 348.1  32.6 003.1  35.5 1.17E-05 001.8 170.1  81.3 0.028101 0.020945 0.027159 hargrave 2018-08-01 15:37:37 
TT 555 348.0  32.3 002.9  35.2 1.17E-05 002.1 169.9  81.6 0.038642 0.017925 0.009810 hargrave 2018-08-02 12:46:28 
TT 560 347.6  32.3 002.6  35.4 1.14E-05 001.7 172.2  81.6 0.027707 0.018784 0.014008 hargrave 2018-08-03 15:57:28 
TT 565 346.8  31.6 001.4  35.1 1.14E-05 002.3 176.8  82.4 0.035944 0.025182 0.014138 hargrave 2018-08-13 14:16:37 
TT 570 346.9  31.2 001.3  34.7 1.12E-05 001.6 175.6  82.7 0.020472 0.023757 0.014462 hargrave 2018-08-14 11:05:02 
TT 575 346.6  30.9 000.8  34.5 1.11E-05 001.6 178.1  83.1 0.019419 0.024298 0.013484 hargrave 2018-08-14 17:52:38 
TT 580 346.1  30.9 000.4  34.8 1.10E-05 001.5 181.4  83.1 0.017854 0.021551 0.006761 hargrave 2018-08-15 14:30:13 
TT 600 346.2  30.8 000.4  34.6 1.07E-05 001.7 180.5  83.2 0.017898 0.024450 0.020356 hargrave 2018-08-16 10:55:46 
TT 620 344.8  30.6 359.0  35.0 1.01E-05 001.8 191.1  83.3 0.018697 0.025370 0.005963 hargrave 2018-08-16 17:48:04 
TT 630 344.1  30.7 358.4  35.3 9.87E-06 001.7 195.7  83.0 0.015524 0.022970 0.015071 hargrave 2018-08-17 15:55:13 
TT 640 343.8  30.8 358.1  35.5 9.68E-06 001.7 197.8  82.8 0.019053 0.021336 0.015319 hargrave 2018-08-28 17:30:32 
TT 645 346.5  31.4 001.0  35.0 9.21E-06 001.8 178.4  82.6 0.018822 0.022021 0.023838 hargrave 2018-09-10 16:22:47 
TT 650 345.4  31.6 000.0  35.6 9.04E-06 002.6 185.9  82.4 0.026601 0.020570 0.089184 hargrave 2018-09-11 18:14:48 
TT 655 346.1  31.5 000.7  35.3 9.10E-06 001.8 181.5  82.5 0.018099 0.021377 0.017506 hargrave 2018-09-12 18:41:44 
TT 660 345.6  32.0 000.4  35.9 8.96E-06 002.6 184.5  82.0 0.032480 0.022646 0.020461 hargrave 2018-09-20 18:12:09 
TT 665 346.4  32.2 001.3  35.8 8.85E-06 002.2 179.7  81.8 0.028425 0.016852 0.017990 hargrave 2018-09-21 16:50:55 
TT 670 340.9  32.3 356.2  38.0 8.44E-06 001.9 208.5  80.4 0.016632 0.020854 0.011781 hargrave 2018-09-24 18:02:17 
TT 672 342.8  32.7 358.2  37.6 8.35E-06 001.6 198.8  80.8 0.012829 0.018883 0.011286 hargrave 2018-09-25 16:29:33 
TT 674 340.3  32.2 355.5  38.1 8.26E-06 001.6 211.5  80.2 0.012943 0.019246 0.011495 hargrave 2018-09-26 12:51:23 
TT 676 341.5  31.7 356.4  37.1 7.87E-06 001.8 208.0  81.2 0.018793 0.013742 0.016227 hargrave 2018-10-04 12:44:35 
TT 678 339.1  32.5 354.6  38.8 7.50E-06 001.6 214.9  79.4 0.015447 0.013649 0.014218 hargrave 2018-10-05 10:26:29 
TT 680 343.7  34.9 000.4  39.2 6.86E-06 002.8 190.9  78.9 0.026663 0.023077 0.009810 hargrave 2018-10-09 12:44:37 
TT 682 342.8  33.2 358.5  38.1 5.03E-06 003.9 197.6  80.3 0.025753 0.021791 0.007734 hargrave 2018-10-11 12:31:09 
TT 684 011.5  24.6 020.3  19.6 2.89E-06 003.6 096.6  67.1 0.013786 0.012364 0.003607 hargrave 2018-10-12 10:40:22 
TT 686 266.1  40.2 261.6  62.1 8.73E-07 007.1 234.4  22.4 0.004705 0.004767 0.009042 hargrave 2018-10-12 19:01:57 
TT 688 128.7  33.2 123.3  14.6 6.71E-07 008.4 146.4 -22.5 0.001276 0.007822 0.006475 hargrave 2018-10-19 18:13:50 
TT 688 134.1  27.8 129.3  10.5 7.11E-07 009.9 147.2 -29.6 0.002432 0.007282 0.010049 hargrave 2018-10-20 11:07:13 
TT 690 304.1  33.7 316.6  51.5 1.00E-06 005.1 245.4  52.0 0.003007 0.003595 0.011504 hargrave 2018-10-20 17:26:47 
