TR045 -Aa mag compass orientation (IGRF corrected)
  11.23  11.3  42.0 241.6  34.1   1.0
NRM    229.5  28.2 249.0  29.6 3.58E-05 004.0 277.3  45.7 0.240726 0.082087 0.068167 hargrave 2017-10-13 21:02:11 
TT 100 228.5  27.2 247.4  29.4 3.60E-05 004.7 277.5  44.3 0.280296 0.090884 0.065463 hargrave 2017-10-15 20:53:53 
TT 200 229.4  25.6 247.1  27.6 3.62E-05 002.8 280.0  43.9 0.151600 0.090701 0.071059 hargrave 2017-10-16 15:06:33 
TT 300 228.6  25.9 246.6  28.4 3.61E-05 002.9 278.9  43.6 0.165287 0.077022 0.072319 hargrave 2017-10-17 11:55:59 
TT 350 228.9  24.8 246.1  27.3 3.64E-05 004.4 280.3  43.0 0.269955 0.098059 0.068088 hargrave 2017-10-18 10:02:19 
TT 400 228.8  23.6 245.3  26.5 3.63E-05 003.5 281.4  42.2 0.204184 0.096475 0.072404 hargrave 2017-10-20 17:38:03 
TT 450 228.3  23.5 244.7  26.7 3.61E-05 003.1 281.1  41.7 0.182469 0.091892 0.036453 hargrave 2017-10-23 12:18:22 
TT 475 228.4  23.6 244.9  26.7 3.63E-05 002.5 281.0  41.8 0.139599 0.085596 0.066296 hargrave 2017-10-24 09:42:26 
TT 500 227.9  23.6 244.5  26.9 3.62E-05 003.5 280.6  41.6 0.204197 0.084149 0.069004 hargrave 2017-10-25 09:18:42 
TT 525 229.5  21.4 244.3  24.3 3.58E-05 002.7 284.1  41.0 0.155723 0.095418 0.049751 hargrave 2017-10-26 19:51:35 
TT 550 228.7  21.8 244.0  25.1 3.60E-05 003.2 283.0  40.8 0.190410 0.088904 0.054527 hargrave 2017-10-27 17:44:33 
TT 555 226.2  23.5 243.0  27.8 3.52E-05 006.1 279.3  40.4 0.363365 0.112252 0.067081 hargrave 2017-10-28 20:04:09 
TT 560 226.9  22.2 242.7  26.3 3.48E-05 003.0 281.2  39.9 0.153461 0.098474 0.077491 hargrave 2017-11-03 15:55:07 
TT 565 227.1  21.4 242.3  25.6 3.44E-05 003.9 282.0  39.5 0.214763 0.096023 0.077974 hargrave 2017-11-05 14:46:19 
TT 570 226.9  21.1 242.0  25.5 3.44E-05 004.0 282.1  39.1 0.215842 0.095728 0.076756 hargrave 2017-11-09 12:19:38 
TT 575 226.3  21.9 242.0  26.5 3.43E-05 003.2 280.9  39.3 0.164787 0.090825 0.080524 hargrave 2017-11-09 21:08:03 
TT 580 225.5  20.4 240.4  25.7 3.39E-05 003.8 281.6  37.7 0.199009 0.101891 0.079615 hargrave 2017-11-14 16:57:31 
TT 600 225.6  21.8 241.4  26.8 3.48E-05 002.1 280.4  38.8 0.116931 0.072328 0.052259 hargrave 2017-11-17 16:10:09 
TT 620 225.6  20.3 240.4  25.6 3.45E-05 003.7 281.7  37.7 0.219494 0.083260 0.049876 hargrave 2017-11-19 15:27:14 
TT 630 228.1  18.0 240.9  22.3 3.43E-05 002.5 285.9  37.6 0.134711 0.086448 0.042611 hargrave 2017-11-21 14:40:10 
TT 640 224.2  21.4 239.9  27.3 3.39E-05 002.6 279.6  37.6 0.144016 0.071497 0.047753 hargrave 2017-11-27 13:58:58 
TT 645 224.7  21.4 240.3  27.0 3.34E-05 003.6 280.0  37.9 0.189163 0.109220 0.056724 hargrave 2017-11-28 12:53:00 
TT 650 225.7  19.4 239.9  24.8 3.40E-05 002.6 282.6  37.1 0.130408 0.084926 0.052322 hargrave 2017-12-08 18:34:12 
TT 655 221.5  23.1 238.8  30.1 3.37E-05 004.7 275.9  37.0 0.267774 0.073995 0.032312 hargrave 2017-12-11 19:17:11 
TT 660 217.0  28.0 238.7  36.5 3.36E-05 005.7 267.9  37.2 0.331927 0.073055 0.021522 hargrave 2017-12-12 19:59:00 
TT 665 226.4  18.9 240.1  24.0 3.26E-05 004.6 283.6  37.2 0.251556 0.094662 0.051706 hargrave 2018-01-08 18:34:21 
TT 670 227.5  17.0 239.8  21.9 3.24E-05 002.1 286.2  36.6 0.094014 0.088616 0.052604 hargrave 2018-01-11 10:39:34 
TT 672 226.9  18.1 240.0  23.1 3.15E-05 002.0 284.7  36.9 0.086970 0.080994 0.045412 hargrave 2018-01-12 10:36:23 
TT 674 222.1  22.7 239.1  29.5 3.08E-05 003.5 276.7  37.1 0.174470 0.080034 0.044979 hargrave 2018-01-16 17:44:21 
TT 676 217.6  29.4 240.3  37.2 2.92E-05 010.1 267.0  38.5 0.514547 0.085168 0.045652 hargrave 2018-01-17 17:46:01 
TT 676 226.4  19.4 240.4  24.4 2.96E-05 002.6 283.2  37.6 0.120699 0.062323 0.042826 hargrave 2018-01-22 09:50:23 
TT 678 227.4  18.6 240.7  23.3 2.70E-05 006.4 284.7  37.6 0.310626 0.077224 0.048914 hargrave 2018-01-24 14:25:05 
TT 680 226.1  19.9 240.5  25.0 2.24E-05 003.4 282.5  37.7 0.126444 0.059259 0.038868 hargrave 2018-01-27 11:15:36 
TT 682 217.7  26.7 238.2  35.1 1.79E-05 010.6 269.6  36.8 0.330340 0.063626 0.030878 hargrave 2018-01-31 18:54:58 
TT 682 222.4  22.1 238.9  28.8 1.78E-05 003.5 277.5  36.9 0.087642 0.046780 0.057254 hargrave 2018-02-02 11:58:11 
TT 684 221.4  22.3 238.2  29.6 1.18E-05 003.3 276.5  36.4 0.052696 0.030506 0.034369 hargrave 2018-02-05 21:30:19 
TT 686 223.5  26.8 243.2  32.0 6.93E-06 003.5 273.9  40.8 0.025570 0.028778 0.021062 hargrave 2018-02-12 12:14:51 
TT 688 214.0  31.6 239.1  41.0 2.85E-06 004.4 262.2  37.5 0.015768 0.011820 0.011924 hargrave 2018-02-26 12:28:51 
TT 690 214.7 -02.0 217.7  13.0 2.25E-06 006.9 289.2  13.8 0.021384 0.004433 0.016070 hargrave 2018-02-28 12:53:19 
