TR045 -Ja mag compass orientation (IGRF corrected)
  11.91 340.3  42.0 241.6  34.1   1.0
NRM    008.2  37.2 000.2  08.2 1.41E-05 002.7 134.1  11.6 0.036005 0.049114 0.036784 hargrave 2017-10-13 21:19:21 
TT 100 013.6  38.5 003.8  10.9 1.34E-05 004.2 138.4  10.1 0.078868 0.053855 0.035618 hargrave 2017-10-15 21:06:55 
TT 200 020.2  41.0 007.6  15.3 1.35E-05 002.6 144.1  09.4 0.031524 0.047929 0.031993 hargrave 2017-10-16 15:21:41 
TT 300 012.5  37.5 003.4  09.6 1.31E-05 002.1 137.0  09.7 0.019701 0.035500 0.035018 hargrave 2017-10-17 12:11:49 
TT 350 011.8  36.5 003.2  08.6 1.30E-05 001.8 136.0  09.3 0.022635 0.029125 0.030478 hargrave 2017-10-18 10:18:04 
TT 400 015.0  39.2 004.6  12.0 1.29E-05 003.4 139.7  10.1 0.043109 0.062107 0.022569 hargrave 2017-10-20 17:53:04 
TT 450 017.8  40.2 006.2  13.7 1.26E-05 003.8 142.0  09.7 0.050011 0.064913 0.025835 hargrave 2017-10-23 12:34:38 
TT 475 015.8  38.2 005.6  11.3 1.25E-05 003.5 139.6  08.9 0.042021 0.060663 0.030078 hargrave 2017-10-24 09:58:28 
TT 500 015.5  37.8 005.5  10.9 1.23E-05 004.0 139.2  08.7 0.050804 0.064911 0.029964 hargrave 2017-10-25 09:33:43 
TT 525 016.7  38.7 006.0  12.0 1.22E-05 004.2 140.5  08.9 0.039777 0.058075 0.060633 hargrave 2017-10-26 20:07:26 
TT 550 019.7  39.6 007.8  13.9 1.21E-05 005.2 143.0  08.4 0.053096 0.080183 0.060442 hargrave 2017-10-27 17:58:50 
TT 555 016.2  38.8 005.6  12.0 1.18E-05 003.9 140.3  09.2 0.035032 0.036139 0.073008 hargrave 2017-10-28 20:16:20 
TT 560 022.9  41.0 009.4  16.2 1.17E-05 004.7 145.8  08.4 0.041695 0.063198 0.063222 hargrave 2017-11-03 16:10:19 
TT 565 016.3  37.6 006.2  10.9 1.17E-05 003.7 139.6  08.1 0.038078 0.040944 0.056782 hargrave 2017-11-05 15:01:49 
TT 570 015.8  37.7 005.8  10.8 1.15E-05 009.5 139.3  08.5 0.120552 0.140272 0.052725 hargrave 2017-11-09 12:34:51 
TT 570 019.7  39.6 007.8  13.8 1.15E-05 002.3 143.0  08.4 0.020355 0.032955 0.031345 hargrave 2017-11-09 12:51:35 
TT 575 019.6  39.0 008.0  13.3 1.24E-05 005.2 142.6  07.9 0.050446 0.081215 0.063746 hargrave 2017-11-09 21:22:24 
TT 580 018.5  39.3 007.1  13.2 1.15E-05 004.8 142.0  08.6 0.043164 0.059094 0.067226 hargrave 2017-11-14 17:13:01 
TT 600 026.3  42.1 011.2  18.4 1.16E-05 004.2 148.6  08.1 0.029808 0.055456 0.062197 hargrave 2017-11-17 16:25:18 
TT 620 025.0  42.2 010.3  17.9 1.10E-05 003.6 147.8  08.6 0.027348 0.036392 0.057197 hargrave 2017-11-19 15:42:31 
TT 630 021.2  40.6 008.4  15.2 1.05E-05 003.3 144.5  08.7 0.028193 0.037472 0.045986 hargrave 2017-11-21 14:55:15 
TT 640 021.1  37.6 009.7  12.5 1.03E-05 004.8 142.9  06.1 0.052475 0.059369 0.046198 hargrave 2017-11-27 14:14:16 
TT 645 026.9  40.9 012.3  17.5 1.05E-05 002.9 148.5  06.9 0.025452 0.037314 0.037335 hargrave 2017-11-28 13:08:20 
TT 650 027.6  42.7 011.8  19.3 8.67E-06 002.2 149.7  08.2 0.030678 0.023751 0.011702 hargrave 2017-12-08 18:48:50 
TT 655 011.6  37.3 002.8  09.2 9.56E-06 003.7 136.3  10.0 0.034256 0.055003 0.007240 hargrave 2017-12-11 19:31:55 
TT 660 027.5  42.0 012.1  18.7 7.84E-06 004.6 149.3  07.6 0.046564 0.047466 0.022471 hargrave 2017-12-12 20:16:08 
TT 665 023.2  39.9 010.2  15.3 1.11E-05 007.5 145.5  07.3 0.070408 0.133898 0.014161 hargrave 2018-01-08 18:50:31 
TT 670 019.8  34.5 010.1  09.3 9.12E-06 008.4 140.4  04.0 0.061844 0.122774 0.020887 hargrave 2018-01-11 10:55:26 
TT 670 023.5  37.2 011.6  13.0 8.92E-06 006.2 144.3  04.9 0.049799 0.072937 0.052030 hargrave 2018-01-11 11:24:37 
TT 672 013.9  38.3 004.1  10.8 7.90E-06 001.9 138.4  09.8 0.031187 0.031602 0.025974 hargrave 2018-01-12 10:52:20 
TT 674 020.5  38.5 008.9  13.1 8.17E-06 003.7 143.0  07.2 0.033880 0.043058 0.021360 hargrave 2018-01-16 18:01:19 
TT 676 023.2  45.4 007.5  20.2 7.46E-06 006.4 148.3  12.1 0.034871 0.079110 0.021799 hargrave 2018-01-17 18:02:55 
TT 678 014.8  38.2 004.8  11.0 8.18E-06 010.6 139.0  09.4 0.077943 0.136030 0.018062 hargrave 2018-01-24 14:37:15 
TT 678 023.4  42.3 009.1  17.5 8.37E-06 007.5 146.8  09.4 0.052682 0.095315 0.034356 hargrave 2018-01-24 15:55:21 
TT 678 021.0  42.6 007.4  16.9 8.17E-06 010.8 145.4  10.5 0.079926 0.133705 0.043029 hargrave 2018-01-24 18:02:33 
TT 680 016.7  43.9 003.8  16.8 6.84E-06 007.7 143.4  13.2 0.027665 0.095891 0.031390 hargrave 2018-01-27 11:30:39 
TT 682 013.1  39.3 003.2  11.5 4.42E-06 007.7 138.5  11.0 0.019915 0.053254 0.042385 hargrave 2018-01-31 19:10:17 
TT 684 006.1  37.1 358.7  07.5 4.26E-06 007.2 132.6  12.5 0.025213 0.052766 0.043423 hargrave 2018-02-06 09:28:08 
TT 686 032.4  43.7 014.5  21.9 2.63E-06 010.6 153.4  07.5 0.019996 0.037451 0.039449 hargrave 2018-02-12 12:29:50 
TT 686 033.6  44.1 015.0  22.8 2.65E-06 013.5 154.3  07.6 0.019005 0.044839 0.049060 hargrave 2018-02-12 15:48:09 
TT 686 037.5  44.4 017.4  24.5 2.70E-06 014.9 157.0  06.7 0.021442 0.049660 0.053668 hargrave 2018-02-12 18:12:46 
TT 688 077.8  34.6 052.4  36.8 9.77E-07 046.9 186.2 -07.1 0.019478 0.061317 0.082440 hargrave 2018-02-26 12:45:06 
TT 688 047.0  47.9 021.0  31.3 9.64E-07 057.2 164.5  08.0 0.020025 0.092622 0.114477 hargrave 2018-02-26 15:03:53 
TT 690 321.8  12.3 321.3 -21.4 9.55E-07 056.4 084.5  21.4 0.028100 0.063855 0.104023 hargrave 2018-02-28 13:09:27 
TT 690 336.8  15.9 336.9 -18.0 9.77E-07 052.7 098.3  14.1 0.025526 0.066093 0.096827 hargrave 2018-02-28 17:25:30 
