TR045 -Ca mag compass orientation (IGRF corrected)
   11.3   4.3  56.0 241.6  34.1   1.0
NRM    283.7  42.1 296.6  16.0 1.50E-05 002.1 140.5  79.1 0.039141 0.041738 0.025570 hargrave 2017-10-13 21:05:27 
TT 100 284.4  38.5 295.5  12.5 1.48E-05 002.1 121.7  80.7 0.037564 0.038684 0.025323 hargrave 2017-10-15 20:56:22 
TT 200 283.6  38.5 295.0  12.8 1.47E-05 001.9 123.3  81.2 0.037230 0.034423 0.023350 hargrave 2017-10-16 15:09:28 
TT 300 281.5  38.3 293.4  13.3 1.43E-05 002.3 128.4  82.8 0.043913 0.040483 0.026067 hargrave 2017-10-17 11:58:50 
TT 350 280.0  37.0 291.7  12.8 1.42E-05 002.0 125.1  84.5 0.039866 0.031502 0.019117 hargrave 2017-10-18 10:05:08 
TT 400 278.5  36.6 290.4  12.9 1.39E-05 002.2 128.3  85.7 0.044365 0.031275 0.022661 hargrave 2017-10-20 17:40:54 
TT 450 277.7  36.1 289.6  12.7 1.37E-05 001.6 127.6  86.5 0.028275 0.027670 0.023518 hargrave 2017-10-23 12:21:29 
TT 475 276.0  35.8 288.2  13.1 1.38E-05 002.0 142.9  87.7 0.039128 0.026940 0.010597 hargrave 2017-10-24 09:45:28 
TT 500 275.0  35.3 287.2  13.1 1.36E-05 002.1 157.2  88.6 0.041487 0.028622 0.012264 hargrave 2017-10-25 09:21:33 
TT 525 273.1  34.6 285.5  13.3 1.35E-05 002.0 237.0  88.8 0.039097 0.028155 0.019606 hargrave 2017-10-26 19:54:25 
TT 550 271.2  33.8 283.6  13.3 1.33E-05 002.1 273.7  87.4 0.038339 0.029366 0.019635 hargrave 2017-10-27 17:47:24 
TT 555 270.2  32.9 282.5  12.9 1.30E-05 002.6 287.0  86.4 0.051114 0.030639 0.035807 hargrave 2017-10-28 20:06:36 
TT 560 270.3  32.8 282.5  12.8 1.26E-05 002.4 288.9  86.5 0.037679 0.037752 0.018209 hargrave 2017-11-03 15:58:10 
TT 565 269.7  32.5 281.9  12.9 1.25E-05 002.5 289.5  85.9 0.040415 0.037285 0.013393 hargrave 2017-11-05 14:49:27 
TT 570 270.2  32.4 282.2  12.5 1.26E-05 002.4 293.9  86.2 0.037399 0.036007 0.014165 hargrave 2017-11-09 12:22:40 
TT 575 269.8  31.7 281.5  12.1 1.24E-05 002.9 300.2  85.5 0.049207 0.037210 0.020430 hargrave 2017-11-09 21:10:54 
TT 580 267.5  31.2 279.5  12.6 1.23E-05 002.8 294.6  83.6 0.042382 0.041030 0.013018 hargrave 2017-11-14 17:00:34 
TT 600 266.6  29.8 278.1  11.8 1.27E-05 002.7 300.9  82.2 0.051870 0.026515 0.020680 hargrave 2017-11-17 16:13:10 
TT 620 263.5  29.9 275.9  13.4 1.25E-05 002.2 291.1  80.0 0.039128 0.025442 0.018628 hargrave 2017-11-19 15:30:18 
TT 630 262.4  26.9 273.4  11.4 1.24E-05 002.0 301.4  77.6 0.032859 0.024504 0.019558 hargrave 2017-11-21 14:43:12 
TT 640 255.2  28.6 268.8  16.3 1.26E-05 002.8 283.1  72.8 0.054517 0.027730 0.029090 hargrave 2017-11-27 14:02:05 
TT 645 253.0  31.0 268.7  19.3 1.21E-05 003.1 273.6  71.9 0.057710 0.030738 0.023358 hargrave 2017-11-28 12:56:04 
TT 650 250.2  26.3 263.7  17.0 1.24E-05 002.3 283.8  67.8 0.039302 0.023986 0.044223 hargrave 2017-12-08 18:37:10 
TT 655 263.1  25.5 273.1  09.9 1.11E-05 001.9 308.0  77.1 0.027456 0.023858 0.046595 hargrave 2017-12-11 19:20:10 
TT 660 247.8  18.7 257.3  12.1 1.09E-05 002.6 296.1  61.9 0.035779 0.036716 0.044766 hargrave 2017-12-12 20:01:59 
TT 665 262.3  39.4 280.5  21.8 1.01E-05 003.7 237.2  79.0 0.047386 0.043563 0.027221 hargrave 2018-01-08 18:37:32 
TT 670 235.2  18.9 247.3  19.1 1.21E-05 005.1 283.4  52.2 0.098799 0.033823 0.036168 hargrave 2018-01-11 10:42:36 
TT 672 261.5  28.6 273.6  13.2 8.64E-06 005.5 292.7  77.8 0.071056 0.034414 0.039524 hargrave 2018-01-12 10:39:26 
TT 674 233.6  15.1 243.7  16.9 1.19E-05 004.0 287.1  48.8 0.064946 0.035671 0.041034 hargrave 2018-01-16 17:47:28 
TT 676 248.3  28.6 263.6  19.8 8.26E-06 004.4 276.5  67.2 0.050809 0.031414 0.030521 hargrave 2018-01-17 17:49:06 
TT 678 222.3  20.4 237.7  27.5 8.34E-06 005.3 272.7  42.3 0.061713 0.037006 0.034162 hargrave 2018-01-24 14:27:30 
TT 680 253.0  30.1 268.1  18.6 5.38E-06 007.1 276.3  71.5 0.050411 0.036321 0.040805 hargrave 2018-01-27 11:18:39 
TT 682 217.7  37.2 247.2  43.0 5.96E-06 015.3 248.9  44.5 0.131045 0.088122 0.044723 hargrave 2018-01-31 18:58:04 
TT 682 218.1  22.8 235.7  31.8 6.23E-06 006.6 267.4  39.9 0.034808 0.040268 0.051313 hargrave 2018-02-02 12:01:16 
TT 684 227.2  53.4 271.2  48.4 2.89E-06 016.0 224.9  51.8 0.042278 0.062983 0.042588 hargrave 2018-02-06 09:13:00 
TT 684 227.6  48.8 266.0  45.4 2.88E-06 011.8 232.3  52.7 0.024011 0.039120 0.048030 hargrave 2018-02-06 13:13:05 
TT 684 228.8  47.8 265.6  44.2 2.86E-06 011.7 233.8  53.5 0.025801 0.037063 0.049218 hargrave 2018-02-06 16:17:45 
TT 686 223.9 -13.4 219.5 -01.5 4.80E-06 007.1 305.7  22.6 0.033912 0.025090 0.045909 hargrave 2018-02-12 12:17:54 
TT 688 302.3  33.9 307.6  03.2 1.04E-06 023.7 097.6  66.9 0.018269 0.037826 0.066205 hargrave 2018-02-26 12:32:37 
TT 688 308.3  30.6 311.7 -01.3 1.20E-06 031.4 092.6  61.2 0.019119 0.056015 0.090716 hargrave 2018-02-26 14:52:37 
TT 690 201.3 -02.7 205.2  18.8 3.81E-06 018.7 282.0  12.5 0.041920 0.066795 0.110320 hargrave 2018-02-28 12:57:40 
TT 690 201.7 -04.9 204.5  16.7 3.65E-06 018.1 284.0  11.4 0.034630 0.069244 0.101974 hargrave 2018-02-28 17:12:42 
