TR045 -Ha mag compass orientation (IGRF corrected)
  11.81 355.3  79.0 241.6  34.1   1.0
NRM    046.6  52.2 017.5  34.4 3.48E-05 002.0 156.1 -18.6 0.057075 0.063616 0.091143 hargrave 2017-10-13 21:16:06 
TT 100 049.6  52.6 018.8  35.9 3.47E-05 002.5 157.9 -19.4 0.080053 0.111272 0.103223 hargrave 2017-10-15 21:04:28 
TT 200 048.3  51.6 018.9  34.7 3.41E-05 003.0 156.6 -19.7 0.103353 0.108539 0.104141 hargrave 2017-10-16 15:18:52 
TT 300 046.5  50.2 018.9  32.9 3.38E-05 002.5 154.8 -20.0 0.086653 0.092189 0.080703 hargrave 2017-10-17 12:08:57 
TT 350 049.4  50.9 020.1  34.6 3.39E-05 001.8 156.7 -20.7 0.033762 0.053077 0.090320 hargrave 2017-10-18 10:15:12 
TT 400 053.6  54.2 019.5  38.8 3.32E-05 004.1 161.0 -19.5 0.062544 0.217177 0.075857 hargrave 2017-10-20 17:50:15 
TT 450 061.1  54.5 023.2  42.1 3.28E-05 008.7 165.2 -21.4 0.090393 0.489636 0.086486 hargrave 2017-10-23 12:31:37 
TT 450 050.4  51.0 020.6  35.1 3.32E-05 002.3 157.3 -21.0 0.032341 0.095799 0.088563 hargrave 2017-10-23 12:53:38 
TT 475 050.2  51.5 020.1  35.4 3.28E-05 006.7 157.5 -20.5 0.115117 0.366244 0.052024 hargrave 2017-10-24 09:55:24 
TT 500 049.9  50.8 020.4  34.7 3.26E-05 001.8 156.9 -21.0 0.044339 0.049962 0.078481 hargrave 2017-10-25 09:30:55 
TT 525 052.6  51.6 021.3  36.5 3.23E-05 002.5 158.9 -21.3 0.035650 0.124939 0.057624 hargrave 2017-10-26 20:03:47 
TT 550 055.3  52.2 022.3  38.1 3.19E-05 006.5 160.8 -21.7 0.078954 0.347067 0.070290 hargrave 2017-10-27 17:56:01 
TT 555 059.6  54.9 022.0  41.8 3.09E-05 009.3 164.5 -20.6 0.090673 0.497420 0.070215 hargrave 2017-10-28 20:13:55 
TT 560 053.2  51.6 021.7  36.7 3.08E-05 002.7 159.2 -21.6 0.020825 0.107449 0.102664 hargrave 2017-11-03 16:07:19 
TT 565 053.2  52.2 021.1  37.1 3.05E-05 003.4 159.6 -21.0 0.092591 0.132077 0.089387 hargrave 2017-11-05 14:58:42 
TT 570 055.8  53.3 021.5  39.1 3.05E-05 002.5 161.6 -20.9 0.067940 0.075775 0.084859 hargrave 2017-11-09 12:31:49 
TT 575 056.7  53.7 021.6  39.7 3.03E-05 001.9 162.4 -20.9 0.053128 0.052784 0.076921 hargrave 2017-11-09 21:19:35 
TT 580 052.9  52.5 020.8  37.3 3.00E-05 004.3 159.6 -20.7 0.028037 0.195773 0.112807 hargrave 2017-11-14 17:10:00 
TT 600 052.8  52.9 020.3  37.5 3.07E-05 001.8 159.8 -20.3 0.051218 0.078728 0.040672 hargrave 2017-11-17 16:22:15 
TT 620 055.3  53.7 020.9  39.1 3.01E-05 003.2 161.6 -20.4 0.045948 0.154763 0.052086 hargrave 2017-11-19 15:39:28 
TT 630 052.3  52.7 020.2  37.1 2.96E-05 001.9 159.4 -20.3 0.048970 0.064936 0.063288 hargrave 2017-11-21 14:52:16 
TT 640 051.5  51.0 021.2  35.5 1.43E-05 040.9 157.9 -21.4 1.321826 0.537766 0.560059 hargrave 2017-11-27 14:11:12 
TT 640 056.0  53.9 021.1  39.6 2.87E-05 005.0 162.1 -20.5 0.070340 0.239964 0.043402 hargrave 2017-11-27 14:46:40 
TT 645 052.8  53.1 020.1  37.6 2.72E-05 004.6 159.9 -20.2 0.058190 0.187165 0.109319 hargrave 2017-11-28 13:05:19 
TT 650 057.6  54.5 021.3  40.7 2.69E-05 002.2 163.3 -20.4 0.055462 0.058668 0.076809 hargrave 2017-12-08 18:45:55 
TT 655 050.4  53.3 018.7  36.8 2.67E-05 005.8 158.8 -19.2 0.129856 0.225710 0.088463 hargrave 2017-12-11 19:28:58 
TT 660 063.3  55.7 023.0  43.9 2.59E-05 001.8 167.0 -20.8 0.040607 0.062098 0.047663 hargrave 2017-12-12 20:12:22 
TT 665 052.0  55.7 017.3  39.2 2.69E-05 002.1 161.1 -17.7 0.058927 0.087352 0.037973 hargrave 2018-01-08 18:46:33 
TT 670 054.8  53.9 020.5  39.0 2.66E-05 002.3 161.4 -20.1 0.060140 0.079947 0.058115 hargrave 2018-01-11 10:52:26 
TT 672 064.6  57.9 021.2  45.8 2.58E-05 004.3 168.5 -19.0 0.067959 0.185326 0.059699 hargrave 2018-01-12 10:49:20 
TT 674 071.3  57.4 024.8  48.4 2.42E-05 006.5 172.0 -20.6 0.052198 0.273050 0.038719 hargrave 2018-01-16 17:58:15 
TT 676 063.3  55.9 022.8  44.1 2.31E-05 008.9 167.1 -20.6 0.064595 0.352195 0.048057 hargrave 2018-01-17 17:59:54 
TT 676 060.3  54.7 022.6  41.9 2.30E-05 004.0 164.8 -21.0 0.060785 0.134810 0.073663 hargrave 2018-01-22 09:52:00 
TT 678 066.9  53.4 027.3  44.1 2.11E-05 019.6 168.2 -23.7 0.125166 0.739571 0.060680 hargrave 2018-01-24 14:34:49 
TT 678 077.8  55.5 030.3  50.4 2.18E-05 012.4 175.4 -23.2 0.042758 0.475439 0.056896 hargrave 2018-01-24 15:52:20 
TT 678 076.6  55.3 030.0  49.7 2.18E-05 011.3 174.6 -23.3 0.049389 0.428988 0.078462 hargrave 2018-01-24 18:01:00 
TT 680 059.1  54.0 022.6  41.0 2.20E-05 017.8 163.8 -21.3 0.160429 0.690679 0.055147 hargrave 2018-01-27 11:27:39 
TT 680 069.2  56.1 025.5  46.7 2.22E-05 015.8 170.4 -21.6 0.102289 0.618288 0.044331 hargrave 2018-01-27 12:42:06 
TT 680 056.2  53.8 021.3  39.6 2.29E-05 004.5 162.1 -20.6 0.067935 0.168765 0.035511 hargrave 2018-01-27 13:39:59 
TT 682 070.4  54.9 027.4  46.6 2.19E-05 008.2 170.8 -22.9 0.052644 0.313559 0.039002 hargrave 2018-01-31 19:07:14 
TT 682 061.5  53.3 024.6  41.6 2.09E-05 011.5 164.9 -22.6 0.077692 0.409468 0.084346 hargrave 2018-02-02 12:04:24 
TT 682 063.2  53.5 025.3  42.5 2.08E-05 012.4 166.0 -22.8 0.080633 0.443676 0.083615 hargrave 2018-02-02 13:30:58 
TT 684 054.0  51.7 022.0  37.2 1.91E-05 010.7 159.7 -21.7 0.078189 0.349394 0.058331 hargrave 2018-02-06 09:24:32 
TT 684 070.5  54.6 027.8  46.5 1.88E-05 013.1 170.7 -23.2 0.051821 0.430375 0.064801 hargrave 2018-02-06 13:21:34 
TT 684 071.4  54.5 028.4  46.9 1.89E-05 009.5 171.3 -23.5 0.042124 0.307440 0.065546 hargrave 2018-02-06 16:23:34 
TT 686 069.9  48.6 034.0  42.4 1.42E-05 009.1 168.4 -28.8 0.049080 0.218009 0.053831 hargrave 2018-02-12 12:26:51 
TT 686 070.2  48.8 034.0  42.7 1.42E-05 006.1 168.7 -28.7 0.051113 0.131546 0.064521 hargrave 2018-02-12 15:46:34 
TT 688 073.4  47.0 037.8  43.1 7.63E-06 009.6 170.5 -31.1 0.039158 0.093879 0.082768 hargrave 2018-02-26 12:41:19 
TT 688 072.0  49.0 034.9  43.7 7.49E-06 013.4 170.0 -28.9 0.038423 0.125033 0.124512 hargrave 2018-02-26 15:01:17 
TT 690 129.9  31.3 110.7  61.1 3.17E-06 028.7 223.7 -29.9 0.075834 0.127282 0.113099 hargrave 2018-02-28 13:04:42 
TT 690 125.6  32.4 103.2  60.4 3.16E-06 028.3 220.1 -32.0 0.069898 0.129435 0.108284 hargrave 2018-02-28 17:20:53 
