TR045 -Ba mag compass orientation (IGRF corrected)
  11.25 345.3  31.0 241.6  34.1   1.0
NRM    244.8  29.7 261.7  22.5 1.24E-05 003.3 341.6  59.8 0.052944 0.040134 0.042483 hargrave 2017-10-13 21:03:49 
TT 100 238.5  24.5 253.5  21.8 1.29E-05 002.8 333.7  53.5 0.042627 0.043282 0.033943 hargrave 2017-10-15 20:55:06 
TT 200 237.9  21.8 251.3  20.0 1.32E-05 004.2 333.9  50.8 0.068909 0.067644 0.036053 hargrave 2017-10-16 15:08:02 
TT 300 238.4  22.8 252.4  20.4 1.23E-05 003.1 334.3  51.8 0.050071 0.034734 0.045256 hargrave 2017-10-17 11:57:25 
TT 350 236.9  22.2 250.8  20.8 1.26E-05 003.4 332.4  50.9 0.065603 0.039282 0.030953 hargrave 2017-10-18 10:03:44 
TT 400 235.7  19.3 248.0  19.1 1.25E-05 003.4 331.9  47.9 0.066123 0.042598 0.031286 hargrave 2017-10-20 17:39:28 
TT 450 233.6  18.9 246.1  20.0 1.24E-05 004.2 329.2  47.0 0.069526 0.055996 0.036901 hargrave 2017-10-23 12:19:57 
TT 475 232.4  17.7 244.3  19.7 1.25E-05 004.0 328.1  45.4 0.070400 0.042341 0.053056 hargrave 2017-10-24 09:43:57 
TT 500 231.2  16.2 242.4  19.2 1.25E-05 004.1 327.2  43.7 0.072218 0.042629 0.051471 hargrave 2017-10-25 09:20:07 
TT 525 232.2  15.4 242.7  18.0 1.26E-05 003.8 328.8  43.2 0.066314 0.049966 0.028300 hargrave 2017-10-26 19:53:01 
TT 550 233.8  13.6 242.9  15.6 1.26E-05 004.6 331.4  41.9 0.083381 0.071917 0.016504 hargrave 2017-10-27 17:45:59 
TT 555 234.1  13.1 242.9  15.0 1.23E-05 006.8 332.0  41.4 0.085894 0.123781 0.025563 hargrave 2017-10-28 20:05:20 
TT 560 230.4  13.1 239.8  17.1 1.23E-05 003.1 327.4  40.4 0.069650 0.040357 0.020726 hargrave 2017-11-03 15:56:39 
TT 565 229.8  13.2 239.4  17.6 1.22E-05 004.4 326.5  40.4 0.085943 0.059277 0.021245 hargrave 2017-11-05 14:47:55 
TT 570 228.7  13.2 238.5  18.2 1.23E-05 003.0 325.2  40.1 0.066868 0.039518 0.019391 hargrave 2017-11-09 12:21:09 
TT 575 228.5  13.4 238.4  18.4 1.22E-05 003.5 325.0  40.2 0.078081 0.038543 0.023714 hargrave 2017-11-09 21:09:29 
TT 580 226.0  12.7 235.9  19.3 1.23E-05 004.2 322.1  38.8 0.085366 0.053874 0.020675 hargrave 2017-11-14 16:59:02 
TT 600 229.9  13.8 239.8  18.0 1.25E-05 005.2 326.5  41.0 0.098584 0.074082 0.018347 hargrave 2017-11-17 16:11:40 
TT 620 227.3  15.1 238.5  20.4 1.26E-05 003.1 322.8  41.5 0.066484 0.046814 0.015934 hargrave 2017-11-19 15:28:47 
TT 630 228.7  13.7 238.8  18.5 1.25E-05 003.3 325.1  40.6 0.065465 0.047056 0.013640 hargrave 2017-11-21 14:41:42 
TT 640 223.5  13.8 234.4  21.5 1.25E-05 004.0 318.8  39.0 0.076661 0.042622 0.026719 hargrave 2017-11-27 14:00:33 
TT 645 223.1  14.4 234.4  22.2 1.20E-05 003.5 318.1  39.4 0.072148 0.039064 0.014383 hargrave 2017-11-28 12:54:32 
TT 650 221.9  13.7 233.0  22.3 1.22E-05 004.8 316.9  38.4 0.078688 0.071421 0.013231 hargrave 2017-12-08 18:35:41 
TT 655 225.1  13.6 235.7  20.5 1.17E-05 007.4 320.8  39.4 0.108093 0.110475 0.017473 hargrave 2017-12-11 19:18:40 
TT 660 223.0  13.8 234.0  21.8 1.18E-05 004.5 318.2  38.8 0.081636 0.059399 0.017537 hargrave 2017-12-12 20:00:30 
TT 665 223.2  14.0 234.3  21.8 1.12E-05 006.4 318.4  39.1 0.100429 0.081512 0.015809 hargrave 2018-01-08 18:35:57 
TT 670 219.1  14.9 231.3  24.9 1.14E-05 002.7 313.2  38.4 0.054326 0.029086 0.017131 hargrave 2018-01-11 10:41:05 
TT 672 221.6  14.9 233.5  23.5 1.09E-05 004.2 316.1  39.4 0.077715 0.040782 0.016948 hargrave 2018-01-12 10:37:55 
TT 674 223.0  15.1 234.8  22.8 1.09E-05 005.0 317.7  40.1 0.080924 0.058112 0.017347 hargrave 2018-01-16 17:45:53 
TT 676 219.6  14.4 231.4  24.1 1.03E-05 003.4 314.0  38.1 0.057501 0.034792 0.016515 hargrave 2018-01-17 17:47:34 
TT 678 226.9  10.6 235.4  17.0 9.11E-06 003.1 324.1  37.1 0.045995 0.035444 0.014518 hargrave 2018-01-24 14:26:17 
TT 680 216.6  14.7 229.0  26.1 8.47E-06 007.2 310.5  37.3 0.095978 0.056502 0.016760 hargrave 2018-01-27 11:17:08 
TT 682 199.6  26.3 221.2  44.7 6.75E-06 009.5 285.4  39.8 0.110817 0.023362 0.009398 hargrave 2018-01-31 18:56:33 
TT 682 214.2  17.4 228.6  29.6 6.63E-06 006.7 306.4  38.8 0.073302 0.030474 0.015635 hargrave 2018-02-02 11:59:42 
TT 684 205.9  18.2 221.4  34.7 4.26E-06 003.6 297.1  35.9 0.024885 0.013702 0.010303 hargrave 2018-02-06 09:11:35 
TT 686 202.9  10.6 213.7  29.8 3.90E-06 005.7 298.3  27.8 0.036457 0.013926 0.012193 hargrave 2018-02-12 12:16:22 
TT 688 177.1  00.3 181.6  30.7 1.72E-06 006.0 280.0  06.3 0.011301 0.006270 0.014018 hargrave 2018-02-26 12:30:03 
TT 690 228.8 -20.9 219.4 -10.3 1.75E-06 005.7 335.1  07.2 0.006393 0.006094 0.015290 hargrave 2018-02-28 12:56:11 
