TR045 -Ia mag compass orientation (IGRF corrected)
  11.87   3.3  32.0 241.6  34.1   1.0
NRM    047.1  51.1 018.7  33.8 3.66E-05 002.4 149.9  25.4 0.093706 0.118063 0.075333 hargrave 2017-10-13 21:17:42 
TT 100 049.6  50.8 020.3  34.6 3.61E-05 002.5 151.3  24.5 0.141131 0.120114 0.067267 hargrave 2017-10-15 21:05:41 
TT 200 048.0  50.4 019.6  33.7 3.58E-05 002.6 150.1  24.6 0.097020 0.133007 0.063262 hargrave 2017-10-16 15:20:16 
TT 300 048.7  50.7 019.9  34.1 3.61E-05 002.2 150.7  24.6 0.091882 0.101650 0.072384 hargrave 2017-10-17 12:10:24 
TT 350 045.9  49.6 019.1  32.1 3.59E-05 001.5 148.4  24.4 0.071093 0.064790 0.061206 hargrave 2017-10-18 10:16:35 
TT 400 047.9  50.6 019.5  33.7 3.55E-05 001.4 150.1  24.8 0.063217 0.045143 0.062753 hargrave 2017-10-20 17:51:39 
TT 450 050.2  50.6 020.8  34.7 3.49E-05 001.8 151.6  24.2 0.052904 0.089825 0.052721 hargrave 2017-10-23 12:33:08 
TT 475 050.7  51.0 020.7  35.2 3.51E-05 001.5 152.1  24.4 0.052354 0.077352 0.054486 hargrave 2017-10-24 09:56:57 
TT 500 046.4  49.6 019.4  32.3 3.47E-05 002.0 148.7  24.2 0.077445 0.076529 0.076289 hargrave 2017-10-25 09:32:18 
TT 525 049.3  50.6 020.3  34.4 3.46E-05 001.6 151.1  24.4 0.053104 0.067271 0.071656 hargrave 2017-10-26 20:05:11 
TT 550 050.9  51.2 020.7  35.5 3.42E-05 001.9 152.3  24.5 0.046122 0.092783 0.067828 hargrave 2017-10-27 17:57:25 
TT 555 048.5  51.1 019.4  34.4 3.39E-05 002.5 150.8  25.1 0.104022 0.089249 0.095434 hargrave 2017-10-28 20:15:08 
TT 560 052.6  52.2 020.8  36.9 3.30E-05 002.9 153.8  25.1 0.082254 0.119440 0.092422 hargrave 2017-11-03 16:08:48 
TT 565 042.5  49.0 017.5  30.3 3.27E-05 006.0 145.9  24.9 0.189063 0.271125 0.097554 hargrave 2017-11-05 15:00:13 
TT 570 052.7  51.8 021.3  36.6 3.28E-05 002.1 153.7  24.6 0.064353 0.070132 0.087505 hargrave 2017-11-09 12:33:20 
TT 575 052.5  51.4 021.4  36.3 3.26E-05 002.3 153.4  24.4 0.059931 0.067368 0.102878 hargrave 2017-11-09 21:20:59 
TT 580 051.7  52.0 020.5  36.4 3.24E-05 002.7 153.2  25.1 0.075379 0.101220 0.100674 hargrave 2017-11-14 17:11:30 
TT 600 050.3  51.1 020.5  35.1 3.29E-05 002.4 151.9  24.6 0.066402 0.117382 0.058294 hargrave 2017-11-17 16:23:48 
TT 620 053.1  51.8 021.4  36.8 3.18E-05 001.8 154.0  24.6 0.039476 0.088061 0.049234 hargrave 2017-11-19 15:40:57 
TT 630 046.4  50.4 018.7  33.0 3.11E-05 002.4 149.1  25.0 0.051381 0.118068 0.043590 hargrave 2017-11-21 14:53:45 
TT 640 050.5  51.7 020.1  35.7 3.01E-05 001.9 152.3  25.1 0.050493 0.080479 0.053534 hargrave 2017-11-27 14:12:46 
TT 645 052.1  52.3 020.5  36.8 2.98E-05 003.1 153.6  25.3 0.064068 0.149672 0.050095 hargrave 2017-11-28 13:06:49 
TT 650 050.1  52.0 019.5  35.7 2.94E-05 001.5 152.1  25.5 0.057145 0.049722 0.047196 hargrave 2017-12-08 18:47:21 
TT 655 049.3  53.4 018.0  36.4 2.99E-05 001.9 152.3  27.0 0.049528 0.089120 0.041094 hargrave 2017-12-11 19:30:26 
TT 660 052.3  53.7 019.3  37.9 2.83E-05 002.7 154.3  26.6 0.065423 0.116749 0.042363 hargrave 2017-12-12 20:13:50 
TT 665 047.7  52.1 018.2  34.8 2.94E-05 001.8 150.7  26.2 0.035643 0.078433 0.057285 hargrave 2018-01-08 18:48:10 
TT 670 052.2  52.4 020.4  36.9 2.82E-05 001.8 153.7  25.4 0.032899 0.073472 0.060583 hargrave 2018-01-11 10:53:55 
TT 672 046.9  51.1 018.5  33.7 2.82E-05 002.6 149.7  25.5 0.079855 0.097895 0.055929 hargrave 2018-01-12 10:50:49 
TT 674 054.0  53.4 020.5  38.3 2.64E-05 001.6 155.2  25.9 0.035673 0.059643 0.050659 hargrave 2018-01-16 17:59:45 
TT 676 052.8  53.8 019.5  38.1 2.64E-05 001.6 154.6  26.5 0.036914 0.060630 0.049874 hargrave 2018-01-17 18:01:24 
TT 678 043.9  49.9 017.6  31.6 2.66E-05 007.6 147.3  25.3 0.189518 0.312765 0.055919 hargrave 2018-01-24 14:36:01 
TT 678 058.5  53.8 022.5  40.6 2.62E-05 001.7 158.1  25.3 0.040834 0.063560 0.051483 hargrave 2018-01-24 15:53:50 
TT 680 044.3  50.9 017.2  32.5 2.61E-05 002.5 148.0  26.0 0.036899 0.112441 0.053167 hargrave 2018-01-27 11:29:08 
TT 682 055.9  53.6 021.3  39.3 2.51E-05 003.4 156.4  25.7 0.034258 0.149434 0.055524 hargrave 2018-01-31 19:08:43 
TT 684 045.1  50.1 018.2  32.2 2.30E-05 006.0 148.2  25.1 0.165177 0.173472 0.072525 hargrave 2018-02-06 09:25:55 
TT 686 060.0  52.9 024.2  40.6 1.71E-05 002.6 158.7  24.2 0.043460 0.057127 0.058474 hargrave 2018-02-12 12:28:20 
TT 688 062.4  57.9 020.2  44.9 1.04E-05 003.2 161.9  28.5 0.053600 0.046830 0.047478 hargrave 2018-02-26 12:42:31 
TT 690 077.7  46.9 040.6  45.3 4.06E-06 014.0 169.0  15.7 0.016579 0.074836 0.076099 hargrave 2018-02-28 13:06:12 
TT 690 075.0  45.3 040.5  42.8 4.12E-06 013.3 166.8  14.4 0.015755 0.074136 0.072109 hargrave 2018-02-28 17:22:21 
