TR045 -Na mag compass orientation (IGRF corrected)
  11.33   6.3  45.0 241.6  34.1   1.0
NRM    283.4  40.7 295.8  14.9 1.21E-05 003.4 053.1  83.3 0.055586 0.043449 0.044978 hargrave 2017-10-13 21:24:32 
TT 100 277.3  41.6 292.0  17.8 1.17E-05 003.5 013.2  86.6 0.054085 0.044521 0.042129 hargrave 2017-10-15 21:10:50 
TT 200 274.3  42.2 290.2  19.4 1.15E-05 003.5 331.4  86.8 0.053601 0.043413 0.041045 hargrave 2017-10-16 15:26:13 
TT 300 272.1  41.2 288.2  19.4 1.12E-05 003.7 319.0  85.1 0.055877 0.042080 0.043548 hargrave 2017-10-17 12:16:19 
TT 350 269.3  40.4 285.8  19.8 1.14E-05 003.0 309.3  83.1 0.050191 0.032065 0.017727 hargrave 2017-10-18 13:34:29 
TT 400 263.5  40.2 281.7  22.0 1.11E-05 003.8 292.5  79.4 0.062073 0.039389 0.029062 hargrave 2017-10-20 17:57:39 
TT 450 259.5  39.1 278.3  22.9 1.06E-05 003.6 289.4  76.2 0.056262 0.037309 0.027580 hargrave 2017-10-23 12:39:30 
TT 475 258.3  38.6 277.2  23.0 1.07E-05 003.8 289.1  75.2 0.060728 0.036159 0.035924 hargrave 2017-10-24 10:03:17 
TT 500 256.0  37.1 274.6  22.9 1.05E-05 003.7 290.2  72.8 0.055226 0.037580 0.035687 hargrave 2017-10-25 09:38:14 
TT 525 254.1  35.3 272.2  22.3 1.04E-05 003.7 292.2  70.6 0.059474 0.036556 0.007119 hargrave 2017-10-26 20:11:58 
TT 550 251.9  33.5 269.4  21.9 1.04E-05 004.5 293.0  68.0 0.074491 0.039206 0.008173 hargrave 2017-10-27 18:03:22 
TT 555 249.5  31.7 266.5  21.7 1.01E-05 003.4 293.3  65.3 0.051870 0.025070 0.027994 hargrave 2017-10-28 20:20:13 
TT 560 248.3  30.5 264.9  21.3 1.00E-05 003.1 293.9  63.8 0.046190 0.028787 0.012956 hargrave 2017-11-03 16:15:54 
TT 565 247.8  29.9 264.1  21.1 9.94E-06 003.3 294.2  63.0 0.049768 0.029231 0.012862 hargrave 2017-11-05 15:06:42 
TT 570 247.0  30.4 263.8  21.9 9.94E-06 003.2 292.5  62.8 0.048208 0.029005 0.012637 hargrave 2017-11-09 12:39:44 
TT 575 246.7  28.8 262.5  20.8 9.81E-06 003.4 294.6  61.5 0.052951 0.027136 0.014111 hargrave 2017-11-09 21:26:56 
TT 580 244.1  28.5 260.4  21.9 9.68E-06 002.9 292.0  59.7 0.036988 0.034177 0.013119 hargrave 2017-11-14 17:17:51 
TT 600 242.3  26.8 257.9  21.5 1.01E-05 003.9 292.3  57.4 0.065936 0.025598 0.010017 hargrave 2017-11-17 16:30:04 
TT 620 239.6  20.2 251.7  17.7 9.57E-06 003.3 297.2  50.9 0.051003 0.028929 0.012963 hargrave 2017-11-19 15:47:25 
TT 630 237.5  19.2 249.4  18.1 8.89E-06 002.6 296.0  48.9 0.033707 0.023904 0.015278 hargrave 2017-11-21 15:00:02 
TT 640 229.5  24.5 246.4  26.7 9.50E-06 004.0 282.6  47.2 0.056893 0.028297 0.037007 hargrave 2017-11-27 14:19:06 
TT 645 237.8  29.7 256.5  26.2 9.66E-06 002.8 283.6  56.2 0.033751 0.027099 0.051382 hargrave 2017-11-28 13:13:09 
TT 650 231.0  19.3 244.1  21.7 9.26E-06 003.8 289.4  44.6 0.042974 0.035663 0.056352 hargrave 2017-12-08 18:53:32 
TT 655 236.2  16.9 246.9  16.9 1.03E-05 003.1 296.9  46.3 0.031416 0.036444 0.063472 hargrave 2017-12-11 19:36:38 
TT 660 233.5  14.4 243.1  16.4 9.42E-06 004.0 296.4  42.7 0.040267 0.039849 0.064499 hargrave 2017-12-12 20:20:51 
TT 665 225.9  17.5 238.8  23.2 9.27E-06 004.5 286.4  40.0 0.048499 0.032478 0.048891 hargrave 2018-01-08 18:55:20 
TT 670 231.9  13.5 241.3  16.6 8.11E-06 004.8 295.6  41.0 0.042213 0.029675 0.049896 hargrave 2018-01-11 11:00:14 
TT 672 233.0  18.0 245.0  19.6 9.26E-06 005.6 292.6  45.1 0.064137 0.030178 0.065126 hargrave 2018-01-12 10:57:10 
TT 674 229.4  14.5 239.9  18.8 8.60E-06 008.0 292.4  40.2 0.106774 0.034210 0.052471 hargrave 2018-01-16 18:06:08 
TT 674 229.8  14.7 240.3  18.8 8.76E-06 004.8 292.5  40.6 0.025810 0.032234 0.073546 hargrave 2018-01-16 18:35:57 
TT 676 231.9  11.0 239.8  14.5 9.64E-06 004.5 297.7  39.1 0.046434 0.030974 0.054968 hargrave 2018-01-17 18:07:45 
TT 678 230.0  07.0 235.9  12.2 9.32E-06 004.4 299.1  34.8 0.032694 0.030616 0.059140 hargrave 2018-01-24 14:41:08 
TT 680 229.6  05.4 234.6  11.2 9.51E-06 006.5 299.8  33.3 0.085516 0.031183 0.063709 hargrave 2018-01-27 11:35:31 
TT 682 225.7 -00.4 228.2  08.5 9.58E-06 005.5 300.4  26.4 0.046993 0.030951 0.074034 hargrave 2018-01-31 19:15:03 
TT 684 224.3  04.0 229.4  13.0 8.59E-06 006.7 296.1  29.0 0.049144 0.051917 0.074357 hargrave 2018-02-06 09:33:31 
TT 686 219.6 -10.0 217.8  03.6 5.98E-06 006.1 301.5  15.0 0.025371 0.035493 0.052541 hargrave 2018-02-12 12:34:36 
TT 688 217.5 -05.9 218.1  08.2 6.45E-06 008.7 297.2  16.9 0.032973 0.035507 0.089056 hargrave 2018-02-26 12:48:59 
TT 688 218.6 -04.1 220.1  09.2 6.34E-06 012.3 296.9  19.1 0.043563 0.053737 0.122304 hargrave 2018-02-26 15:13:45 
TT 690 218.4  01.7 223.0  14.2 3.37E-06 021.1 292.7  23.4 0.022058 0.073071 0.107241 hargrave 2018-02-28 13:15:37 
TT 690 220.1  00.5 223.8  12.3 3.17E-06 021.9 295.0  23.5 0.019951 0.076020 0.103388 hargrave 2018-02-28 17:30:22 
