TR045 -Pa mag compass orientation (IGRF corrected)
  10.86 354.3  45.0 241.6  34.1   1.0
NRM    164.7  85.7 329.6  60.1 4.42E-05 002.0 185.9  44.1 0.102838 0.100698 0.065879 hargrave 2017-10-13 21:26:10 
TT 100 169.2  83.5 327.4  62.1 4.44E-05 002.9 189.1  44.1 0.130922 0.162111 0.091934 hargrave 2017-10-15 21:12:04 
TT 200 163.1  83.1 328.6  62.7 4.47E-05 002.5 189.4  43.3 0.111076 0.156051 0.075755 hargrave 2017-10-16 15:27:40 
TT 300 163.9  82.2 327.9  63.5 4.47E-05 002.8 190.5  43.1 0.096277 0.196853 0.060021 hargrave 2017-10-17 12:17:46 
TT 350 166.3  80.8 326.2  64.7 4.49E-05 004.4 192.5  43.0 0.098450 0.333579 0.047248 hargrave 2017-10-18 13:35:56 
TT 400 163.4  81.9 327.8  63.8 4.45E-05 002.3 190.9  42.9 0.095108 0.149903 0.054013 hargrave 2017-10-20 17:59:07 
TT 450 164.2  80.8 326.9  64.8 4.39E-05 002.1 192.3  42.7 0.087332 0.132616 0.053268 hargrave 2017-10-23 12:41:00 
TT 475 164.4  80.7 326.7  64.9 4.38E-05 002.1 192.6  42.7 0.076557 0.140866 0.046922 hargrave 2017-10-24 10:04:48 
TT 500 164.9  80.1 326.1  65.4 4.35E-05 002.4 193.3  42.6 0.080534 0.159902 0.048810 hargrave 2017-10-25 09:39:39 
TT 525 166.2  79.7 325.3  65.7 4.33E-05 002.4 193.9  42.7 0.070530 0.167521 0.048908 hargrave 2017-10-26 20:13:23 
TT 550 166.2  79.3 325.0  66.1 4.29E-05 002.3 194.4  42.6 0.067782 0.159400 0.047576 hargrave 2017-10-27 18:04:49 
TT 555 168.2  79.3 324.1  66.0 4.22E-05 002.7 194.7  42.9 0.089215 0.174258 0.078122 hargrave 2017-10-28 20:21:26 
TT 560 166.2  78.4 324.1  67.0 4.13E-05 002.4 195.6  42.3 0.112175 0.108055 0.090534 hargrave 2017-11-03 16:17:25 
TT 565 164.4  79.1 325.6  66.4 4.10E-05 002.7 194.5  42.2 0.103866 0.144816 0.093606 hargrave 2017-11-05 15:08:13 
TT 570 158.7  80.4 328.7  65.4 4.11E-05 002.7 192.5  41.7 0.094128 0.161159 0.073946 hargrave 2017-11-09 12:41:16 
TT 575 161.9  79.6 327.0  66.1 4.07E-05 003.1 193.7  41.9 0.091994 0.189164 0.073576 hargrave 2017-11-09 21:28:21 
TT 580 161.8  78.9 326.6  66.8 4.03E-05 002.5 194.6  41.6 0.098323 0.133920 0.082953 hargrave 2017-11-14 17:19:22 
TT 600 164.2  79.0 325.6  66.6 4.09E-05 002.6 194.7  42.1 0.065335 0.173913 0.043508 hargrave 2017-11-17 16:31:35 
TT 620 164.9  79.8 325.9  65.7 3.93E-05 002.0 193.7  42.5 0.063824 0.120139 0.044024 hargrave 2017-11-19 15:48:56 
TT 630 168.3  77.8 322.5  67.4 3.86E-05 002.5 196.6  42.5 0.052798 0.158942 0.042403 hargrave 2017-11-21 15:01:33 
TT 640 166.3  78.1 323.8  67.3 3.81E-05 001.7 196.0  42.2 0.070591 0.092576 0.037366 hargrave 2017-11-27 14:20:40 
TT 645 163.3  77.6 324.9  68.0 3.73E-05 002.8 196.4  41.4 0.079249 0.166674 0.036756 hargrave 2017-11-28 13:14:41 
TT 650 165.6  76.5 322.6  68.8 3.62E-05 002.9 198.0  41.5 0.086828 0.146646 0.087544 hargrave 2017-12-08 18:55:00 
TT 655 174.5  74.9 315.2  69.0 3.71E-05 002.5 200.8  43.1 0.071651 0.146427 0.047520 hargrave 2017-12-11 19:38:07 
TT 660 168.1  75.7 320.2  69.2 3.66E-05 002.1 199.2  41.8 0.074507 0.114711 0.036576 hargrave 2017-12-12 20:22:20 
TT 665 168.8  78.2 322.7  67.0 3.75E-05 003.4 196.1  42.7 0.099332 0.203746 0.048726 hargrave 2018-01-08 18:56:55 
TT 670 157.0  75.6 327.7  70.2 3.49E-05 003.5 197.8  39.3 0.077352 0.190353 0.077341 hargrave 2018-01-11 11:01:45 
TT 672 175.6  68.4 300.0  73.4 3.43E-05 009.9 209.4  41.6 0.254376 0.542930 0.065713 hargrave 2018-01-12 10:58:42 
TT 672 171.3  74.4 316.3  70.0 3.43E-05 004.2 201.2  42.2 0.092443 0.224648 0.083175 hargrave 2018-01-12 11:34:33 
TT 674 158.5  75.8 326.6  69.9 3.26E-05 004.7 197.9  39.7 0.080790 0.249592 0.055272 hargrave 2018-01-16 18:07:41 
TT 676 172.2  71.8 311.0  71.9 3.17E-05 004.5 204.6  41.6 0.088940 0.228161 0.062097 hargrave 2018-01-17 18:09:17 
TT 678 171.1  67.3 300.7  75.5 2.92E-05 003.2 210.0  39.6 0.080041 0.120202 0.088729 hargrave 2018-01-24 14:42:22 
TT 680 178.8  69.1 299.6  72.0 2.70E-05 003.8 209.0  42.9 0.098359 0.139702 0.073129 hargrave 2018-01-27 11:37:06 
TT 682 168.5  68.3 306.3  75.4 2.50E-05 005.2 208.3  39.1 0.094581 0.191156 0.090257 hargrave 2018-01-31 19:16:34 
TT 684 177.1  63.7 283.5  75.1 1.62E-05 008.2 215.6  40.5 0.099028 0.186103 0.109315 hargrave 2018-02-06 09:34:56 
TT 684 178.3  63.2 281.1  74.8 1.60E-05 007.4 216.4  40.8 0.075809 0.161321 0.112325 hargrave 2018-02-06 13:23:08 
TT 686 180.1  50.8 236.9  72.4 6.55E-06 012.8 231.3  36.4 0.039744 0.116856 0.084309 hargrave 2018-02-12 12:36:07 
TT 686 178.9  53.2 243.3  74.0 6.52E-06 013.1 228.3  36.9 0.038455 0.105609 0.101617 hargrave 2018-02-12 15:49:48 
TT 686 178.9  54.4 247.3  74.4 6.46E-06 013.7 227.0  37.4 0.040803 0.114280 0.100512 hargrave 2018-02-12 18:14:22 
TT 688 202.0  39.4 236.6  53.3 6.29E-06 018.9 254.0  44.6 0.037695 0.131571 0.170604 hargrave 2018-02-26 12:50:13 
TT 688 209.0  44.1 248.2  52.5 6.32E-06 025.3 251.0  51.4 0.038561 0.185557 0.242922 hargrave 2018-02-26 15:14:59 
TT 690 193.5  64.8 282.3  68.0 4.04E-06 036.6 216.6  47.6 0.033194 0.198993 0.229845 hargrave 2018-02-28 13:17:06 
TT 690 186.6  70.2 298.6  69.2 3.97E-06 036.2 208.2  45.7 0.034973 0.195892 0.221811 hargrave 2018-02-28 17:31:53 
