TR045 -Ga mag compass orientation (IGRF corrected)
  11.71   2.3  41.0 241.6  34.1   1.0
NRM    333.8  38.9 333.3  04.8 1.99E-05 001.5 100.9  45.8 0.039594 0.036872 0.033105 hargrave 2017-10-13 21:12:06 
TT 100 333.9  37.8 333.4  03.7 1.91E-05 002.2 099.6  45.1 0.062368 0.046163 0.035674 hargrave 2017-10-15 21:01:22 
TT 200 336.8  39.6 335.6  05.6 1.91E-05 002.1 103.6  44.3 0.055169 0.038163 0.033061 hargrave 2017-10-16 15:15:17 
TT 300 336.3  39.2 335.3  05.2 1.88E-05 001.9 102.9  44.4 0.049610 0.042089 0.037558 hargrave 2017-10-17 12:04:37 
TT 350 336.4  39.7 335.3  05.6 1.85E-05 002.2 103.4  44.6 0.063923 0.032426 0.032121 hargrave 2017-10-18 10:10:53 
TT 400 335.3  39.0 334.5  05.0 1.81E-05 001.6 102.0  45.0 0.041685 0.032987 0.034464 hargrave 2017-10-20 17:46:42 
TT 450 335.4  40.2 334.5  06.1 1.78E-05 001.8 103.4  45.5 0.048970 0.029081 0.018496 hargrave 2017-10-23 12:27:53 
TT 475 335.3  40.1 334.5  06.0 1.75E-05 001.5 103.2  45.5 0.035609 0.033626 0.029831 hargrave 2017-10-24 09:51:40 
TT 500 335.0  39.7 334.3  05.6 1.73E-05 002.1 102.6  45.5 0.059030 0.031695 0.027342 hargrave 2017-10-25 09:27:22 
TT 525 333.9  39.0 333.4  05.0 1.69E-05 001.5 101.1  45.9 0.033810 0.031830 0.027349 hargrave 2017-10-26 20:00:13 
TT 550 333.5  39.4 333.1  05.3 1.67E-05 001.9 101.3  46.3 0.046311 0.033889 0.025596 hargrave 2017-10-27 17:53:13 
TT 555 333.5  41.6 333.1  07.5 1.60E-05 005.6 104.0  47.5 0.135457 0.086435 0.035772 hargrave 2017-10-28 20:11:32 
TT 560 334.1  40.0 333.5  05.9 1.57E-05 002.9 102.4  46.2 0.067321 0.037531 0.032123 hargrave 2017-11-03 16:04:19 
TT 565 333.4  38.5 333.0  04.4 1.54E-05 002.2 100.2  45.9 0.040819 0.034355 0.034246 hargrave 2017-11-05 14:55:41 
TT 570 333.4  39.1 333.0  05.0 1.53E-05 002.2 100.9  46.2 0.045555 0.026265 0.035398 hargrave 2017-11-09 12:28:52 
TT 575 333.6  39.0 333.2  04.9 1.51E-05 002.4 100.9  46.0 0.053706 0.023422 0.034838 hargrave 2017-11-09 21:16:46 
TT 580 332.1  38.3 332.0  04.2 1.48E-05 002.4 099.0  46.6 0.048134 0.022281 0.039877 hargrave 2017-11-14 17:06:59 
TT 600 332.1  39.4 332.0  05.3 1.50E-05 002.0 100.4  47.2 0.042982 0.019046 0.033853 hargrave 2017-11-17 16:19:19 
TT 620 332.1  37.0 332.0  02.9 1.43E-05 001.9 097.5  45.8 0.041170 0.020840 0.027434 hargrave 2017-11-19 15:36:27 
TT 630 329.2  35.7 329.7  01.7 1.37E-05 002.1 094.1  47.0 0.044905 0.038468 0.024545 hargrave 2017-11-21 14:49:20 
TT 640 329.8  35.5 330.1  01.4 1.29E-05 002.1 094.2  46.5 0.039393 0.040987 0.028650 hargrave 2017-11-27 14:08:15 
TT 645 331.4  37.4 331.4  03.3 1.25E-05 002.2 097.5  46.5 0.037062 0.039982 0.028299 hargrave 2017-11-28 13:02:21 
TT 650 322.7  35.1 324.3  01.3 1.13E-05 002.8 088.5  50.9 0.041300 0.020800 0.036311 hargrave 2017-12-08 18:43:11 
TT 655 328.0  30.2 328.5 -03.9 1.23E-05 002.3 086.9  44.4 0.026259 0.021764 0.042949 hargrave 2017-12-11 19:26:14 
TT 660 321.9  33.0 323.5 -00.7 1.09E-05 002.8 085.2  50.2 0.021636 0.024605 0.056127 hargrave 2017-12-12 20:08:03 
TT 665 329.9  35.2 330.2  01.1 1.24E-05 001.7 094.0  46.3 0.025727 0.037327 0.058613 hargrave 2018-01-08 18:43:45 
TT 670 321.8  39.6 324.0  05.8 1.03E-05 003.0 093.9  54.0 0.040721 0.033008 0.062786 hargrave 2018-01-11 10:48:48 
TT 672 325.4  35.9 326.6  01.9 1.09E-05 003.1 091.6  49.6 0.045531 0.030031 0.067417 hargrave 2018-01-12 10:45:39 
TT 674 307.1  31.6 310.9 -00.1 9.40E-06 003.2 069.3  58.6 0.030491 0.030058 0.060689 hargrave 2018-01-16 17:53:45 
TT 676 311.6  23.9 313.2 -08.4 1.04E-05 004.6 065.2  50.4 0.073864 0.031397 0.059834 hargrave 2018-01-17 17:55:19 
TT 678 304.6  26.3 307.5 -04.7 9.21E-06 007.3 059.6  56.2 0.108060 0.046126 0.066932 hargrave 2018-01-24 14:32:31 
TT 678 303.2  23.9 305.7 -06.7 9.34E-06 003.2 055.2  55.1 0.032326 0.026366 0.070509 hargrave 2018-01-24 15:50:46 
TT 680 321.8  29.2 323.0 -04.5 1.02E-05 005.4 080.7  47.7 0.086091 0.040791 0.064783 hargrave 2018-01-27 11:24:50 
TT 682 306.6  32.7 310.8  01.1 8.22E-06 002.7 070.2  59.7 0.026958 0.028717 0.077736 hargrave 2018-01-31 19:04:26 
TT 684 308.7  35.9 313.2  03.9 6.93E-06 005.8 077.5  60.5 0.059292 0.048326 0.072714 hargrave 2018-02-06 09:20:20 
TT 686 291.7  19.8 294.1 -07.2 4.95E-06 004.3 034.9  56.9 0.023247 0.025471 0.057086 hargrave 2018-02-12 12:24:03 
TT 688 287.7  13.8 288.2 -11.2 2.76E-06 019.3 025.1  52.6 0.030797 0.064076 0.100628 hargrave 2018-02-26 12:39:01 
TT 688 294.8  16.8 295.9 -11.0 3.03E-06 022.4 037.5  53.0 0.034210 0.099814 0.132279 hargrave 2018-02-26 14:58:56 
TT 690 258.8 -01.9 254.9 -11.1 1.17E-06 047.0 342.8  37.8 0.020355 0.059624 0.109112 hargrave 2018-02-28 13:03:16 
TT 690 259.4 -01.6 255.7 -11.2 1.01E-06 050.5 343.6  38.2 0.023472 0.060486 0.103933 hargrave 2018-02-28 17:19:26 
