TR045 -La mag compass orientation (IGRF corrected)
  10.99 340.3  28.0 241.6  34.1   1.0
NRM    054.7  69.0 004.1  48.5 2.64E-05 005.7 172.6  41.5 0.094448 0.223577 0.110981 hargrave 2017-10-13 21:22:49 
TT 100 051.4  67.9 004.4  46.9 2.61E-05 002.4 170.8  40.6 0.069758 0.037547 0.099046 hargrave 2017-10-15 21:09:31 
TT 200 060.2  68.5 006.4  49.9 2.55E-05 004.1 175.1  40.7 0.085616 0.139149 0.089212 hargrave 2017-10-16 15:24:43 
TT 300 057.5  67.9 006.3  48.8 2.53E-05 003.4 173.8  40.3 0.093878 0.064284 0.101910 hargrave 2017-10-17 12:14:50 
TT 350 057.2  68.0 006.1  48.7 2.52E-05 003.7 173.6  40.3 0.095321 0.080184 0.106916 hargrave 2017-10-18 10:21:05 
TT 400 064.6  68.5 007.5  51.4 2.49E-05 003.2 177.3  40.6 0.095121 0.067025 0.083855 hargrave 2017-10-20 17:56:09 
TT 450 063.8  68.4 007.5  51.0 2.43E-05 003.3 176.8  40.5 0.077703 0.087422 0.082393 hargrave 2017-10-23 12:37:50 
TT 475 063.4  67.8 008.2  50.6 2.42E-05 003.5 176.6  39.9 0.081629 0.083076 0.095435 hargrave 2017-10-24 10:01:41 
TT 500 068.0  67.7 009.5  52.2 2.39E-05 003.0 178.9  39.8 0.075330 0.051950 0.094734 hargrave 2017-10-25 09:36:43 
TT 525 063.7  67.7 008.4  50.7 2.37E-05 003.6 176.7  39.8 0.079364 0.070036 0.112755 hargrave 2017-10-26 20:10:28 
TT 550 069.1  67.7 009.9  52.5 2.33E-05 004.3 179.4  39.7 0.073075 0.122173 0.113496 hargrave 2017-10-27 18:01:52 
TT 555 066.2  68.1 008.4  51.7 2.28E-05 003.9 178.0  40.2 0.104652 0.035238 0.111527 hargrave 2017-10-28 20:18:57 
TT 560 073.0  67.0 011.8  53.7 2.25E-05 003.2 181.3  39.0 0.060813 0.061477 0.106978 hargrave 2017-11-03 16:14:19 
TT 565 071.2  66.9 011.6  53.0 2.23E-05 004.1 180.5  38.9 0.057062 0.109240 0.112025 hargrave 2017-11-05 15:05:05 
TT 570 069.3  67.1 010.8  52.4 2.23E-05 003.4 179.5  39.1 0.054492 0.070752 0.107654 hargrave 2017-11-09 12:38:08 
TT 575 074.4  66.9 012.4  54.1 2.21E-05 004.0 182.1  38.9 0.067192 0.077328 0.126373 hargrave 2017-11-09 21:25:26 
TT 580 065.9  67.1 009.9  51.2 2.19E-05 004.0 177.8  39.1 0.051748 0.103182 0.114219 hargrave 2017-11-14 17:16:15 
TT 600 061.7  67.0 008.7  49.7 2.22E-05 003.5 175.7  39.2 0.053278 0.067617 0.112552 hargrave 2017-11-17 16:28:30 
TT 620 068.7  66.0 012.2  51.7 2.10E-05 004.9 179.2  38.0 0.065995 0.146364 0.093587 hargrave 2017-11-19 15:45:46 
TT 630 074.2  67.0 012.1  54.1 2.01E-05 004.0 182.0  39.1 0.066404 0.100202 0.082847 hargrave 2017-11-21 14:58:26 
TT 640 074.8  66.2 013.6  54.0 1.94E-05 004.3 182.3  38.3 0.081369 0.081827 0.093081 hargrave 2017-11-27 14:17:29 
TT 645 064.4  66.2 010.6  50.2 1.94E-05 003.6 177.0  38.3 0.075300 0.063600 0.080884 hargrave 2017-11-28 13:11:33 
TT 650 071.7  65.5 013.9  52.6 1.86E-05 002.9 180.7  37.5 0.045194 0.069570 0.058735 hargrave 2017-12-08 18:51:58 
TT 655 072.7  65.9 013.4  53.1 1.80E-05 002.8 181.2  38.0 0.059470 0.035297 0.063323 hargrave 2017-12-11 19:35:04 
TT 660 075.7  67.0 012.5  54.7 1.68E-05 004.0 182.7  39.1 0.064711 0.088178 0.054059 hargrave 2017-12-12 20:19:17 
TT 665 079.3  66.6 014.0  55.9 1.92E-05 004.9 184.6  38.8 0.086544 0.123309 0.070704 hargrave 2018-01-08 18:53:45 
TT 670 081.3  63.7 019.3  55.7 1.77E-05 004.3 186.0  36.0 0.074732 0.103892 0.052121 hargrave 2018-01-11 10:58:38 
TT 672 077.2  66.2 014.2  54.9 1.77E-05 003.8 183.5  38.3 0.091358 0.068772 0.054574 hargrave 2018-01-12 10:55:31 
TT 674 087.6  65.1 018.4  58.7 1.67E-05 004.4 189.1  37.7 0.074892 0.097164 0.053262 hargrave 2018-01-16 18:04:32 
TT 676 087.9  68.8 011.3  59.5 1.64E-05 004.7 188.4  41.4 0.086900 0.100882 0.045249 hargrave 2018-01-17 18:06:09 
TT 678 107.8  64.8 020.9  67.2 1.50E-05 003.0 199.7  39.9 0.071661 0.033993 0.037307 hargrave 2018-01-24 14:39:51 
TT 680 089.5  66.2 016.6  59.7 1.61E-05 004.5 189.8  39.0 0.099032 0.079075 0.048045 hargrave 2018-01-27 11:33:55 
TT 682 098.5  66.0 018.1  63.3 1.44E-05 004.7 194.5  39.6 0.082826 0.087891 0.030080 hargrave 2018-01-31 19:13:28 
TT 684 091.1  65.5 018.2  60.2 1.28E-05 006.7 190.8  38.4 0.094553 0.122658 0.032976 hargrave 2018-02-06 09:32:01 
TT 686 119.8  59.2 037.3  72.8 6.41E-06 007.4 209.2  37.1 0.038356 0.074203 0.017938 hargrave 2018-02-12 12:33:02 
TT 688 135.8  55.3 058.8  81.1 4.60E-06 015.2 221.1  38.0 0.045774 0.079028 0.094223 hargrave 2018-02-26 12:47:42 
TT 688 136.5  63.1 012.1  79.5 4.71E-06 018.9 215.5  44.6 0.047143 0.117271 0.112603 hargrave 2018-02-26 15:05:12 
TT 690 157.9  53.9 215.9  85.9 2.82E-06 030.5 235.7  44.6 0.029539 0.111547 0.122605 hargrave 2018-02-28 13:14:07 
TT 690 159.9  52.6 211.0  84.2 2.68E-06 032.0 238.1  44.4 0.043090 0.114529 0.116827 hargrave 2018-02-28 17:28:52 
