TR045 -Ka mag compass orientation (IGRF corrected)
  10.86 343.3  31.0 241.6  34.1   1.0
NRM    041.5  71.6 357.1  46.5 5.52E-05 003.4 167.0  42.5 0.096480 0.298217 0.093069 hargrave 2017-10-13 21:21:05 
TT 100 039.4  71.7 356.3  46.0 5.42E-05 002.7 166.2  42.8 0.099497 0.217048 0.093059 hargrave 2017-10-15 21:08:13 
TT 200 043.1  71.6 357.6  46.8 5.42E-05 002.5 167.6  42.3 0.103792 0.210144 0.072309 hargrave 2017-10-16 15:23:11 
TT 300 044.3  71.7 357.8  47.2 5.41E-05 002.8 168.1  42.3 0.078916 0.238931 0.091227 hargrave 2017-10-17 12:13:18 
TT 350 041.4  71.4 357.2  46.3 5.40E-05 001.8 166.8  42.3 0.069233 0.126707 0.088432 hargrave 2017-10-18 10:19:34 
TT 400 039.3  71.3 356.7  45.7 5.38E-05 001.8 165.9  42.5 0.069275 0.138162 0.070653 hargrave 2017-10-20 17:54:34 
TT 450 040.7  71.1 357.4  45.9 5.32E-05 001.4 166.4  42.1 0.077964 0.103644 0.050546 hargrave 2017-10-23 12:36:14 
TT 475 041.3  71.2 357.5  46.2 5.31E-05 001.6 166.7  42.1 0.070722 0.118789 0.062259 hargrave 2017-10-24 10:00:04 
TT 500 044.1  71.7 357.7  47.2 5.26E-05 001.5 168.1  42.3 0.073993 0.100051 0.069847 hargrave 2017-10-25 09:35:13 
TT 525 041.3  71.4 357.3  46.3 5.24E-05 001.6 166.8  42.3 0.069149 0.117693 0.052577 hargrave 2017-10-26 20:08:57 
TT 550 042.5  71.4 357.6  46.6 5.20E-05 001.7 167.3  42.2 0.069704 0.132826 0.047351 hargrave 2017-10-27 18:00:20 
TT 555 040.8  71.8 356.6  46.4 5.10E-05 002.1 166.8  42.7 0.136591 0.115493 0.090290 hargrave 2017-10-28 20:17:36 
TT 560 044.4  71.4 358.2  47.0 5.00E-05 002.0 168.0  42.0 0.100130 0.109454 0.091966 hargrave 2017-11-03 16:11:54 
TT 565 044.2  71.4 358.1  47.0 4.95E-05 002.6 168.0  42.0 0.113311 0.169788 0.096164 hargrave 2017-11-05 15:03:26 
TT 570 043.5  71.2 358.1  46.7 4.97E-05 002.4 167.6  41.9 0.112109 0.157842 0.087720 hargrave 2017-11-09 12:36:31 
TT 575 043.1  71.2 358.0  46.6 4.93E-05 002.6 167.4  41.9 0.097789 0.178157 0.104654 hargrave 2017-11-09 21:23:55 
TT 580 044.5  71.6 357.9  47.2 4.90E-05 002.8 168.2  42.2 0.111896 0.186543 0.108504 hargrave 2017-11-14 17:14:37 
TT 600 047.3  71.9 358.3  48.1 5.01E-05 002.0 169.5  42.2 0.078163 0.147867 0.063856 hargrave 2017-11-17 16:26:53 
TT 620 043.4  71.4 357.9  46.8 4.86E-05 003.0 167.6  42.0 0.086226 0.239305 0.048512 hargrave 2017-11-19 15:44:06 
TT 630 040.9  70.9 357.6  45.9 4.79E-05 001.6 166.4  41.9 0.061133 0.108723 0.043549 hargrave 2017-11-21 14:56:49 
TT 640 041.8  70.9 357.9  46.1 4.70E-05 002.0 166.7  41.8 0.067888 0.150078 0.053619 hargrave 2017-11-27 14:15:52 
TT 645 042.1  71.1 357.8  46.3 4.66E-05 001.4 167.0  42.0 0.080147 0.075640 0.048550 hargrave 2017-11-28 13:09:56 
TT 650 048.9  71.3 359.5  48.2 4.67E-05 001.8 169.8  41.4 0.088310 0.111806 0.066242 hargrave 2017-12-08 18:50:23 
TT 655 037.9  71.1 356.6  45.2 4.61E-05 003.4 165.3  42.4 0.084694 0.257488 0.045274 hargrave 2017-12-11 19:33:29 
TT 660 051.7  71.3 000.2  48.9 4.48E-05 001.8 171.0  41.2 0.065848 0.122614 0.038435 hargrave 2017-12-12 20:17:42 
TT 665 048.1  70.8 359.9  47.6 4.52E-05 002.2 169.3  41.0 0.068525 0.159286 0.054716 hargrave 2018-01-08 18:52:07 
TT 670 052.2  70.3 001.7  48.5 4.37E-05 002.9 170.9  40.2 0.060177 0.207700 0.065655 hargrave 2018-01-11 10:57:02 
TT 672 049.3  71.2 359.8  48.2 4.25E-05 001.9 170.0  41.3 0.090685 0.112385 0.055296 hargrave 2018-01-12 10:53:55 
TT 674 054.2  72.3 359.6  50.1 4.15E-05 001.9 172.3  42.0 0.081807 0.110469 0.049625 hargrave 2018-01-16 18:02:55 
TT 676 045.2  73.2 356.3  48.3 4.04E-05 002.6 169.2  43.5 0.073854 0.170128 0.051749 hargrave 2018-01-17 18:04:31 
TT 678 063.4  74.4 358.4  53.3 3.72E-05 001.9 176.3  43.5 0.077052 0.089219 0.054206 hargrave 2018-01-24 14:38:33 
TT 680 044.3  74.7 354.3  49.0 3.70E-05 002.2 169.6  45.0 0.112246 0.113431 0.047103 hargrave 2018-01-27 11:32:18 
TT 682 078.5  74.8 359.2  57.3 3.52E-05 008.5 181.9  43.9 0.109086 0.517995 0.046358 hargrave 2018-01-31 19:11:52 
TT 682 061.3  74.8 357.4  53.0 3.40E-05 003.6 175.6  44.1 0.099223 0.168699 0.091084 hargrave 2018-02-02 12:07:14 
TT 684 050.9  73.5 357.2  49.9 3.30E-05 003.8 171.5  43.4 0.118693 0.193021 0.074206 hargrave 2018-02-06 09:29:37 
TT 686 084.3  75.8 357.5  58.8 2.36E-05 005.4 183.8  45.0 0.101492 0.181281 0.085842 hargrave 2018-02-12 12:31:25 
TT 688 079.7  78.2 353.0  57.8 1.82E-05 005.5 181.9  47.2 0.064551 0.153513 0.112064 hargrave 2018-02-26 12:46:24 
TT 690 133.0  77.8 341.6  67.2 9.22E-06 018.0 197.0  51.5 0.057725 0.251763 0.188114 hargrave 2018-02-28 13:11:15 
TT 690 121.2  79.7 343.6  64.3 9.07E-06 021.2 192.2  51.4 0.054350 0.313716 0.186740 hargrave 2018-02-28 17:27:18 
