TR045 -Fa mag compass orientation (IGRF corrected)
  11.46 353.3  44.0 241.6  34.1   1.0
NRM    223.5  42.0 256.2  43.1 2.48E-05 002.4 263.5  61.4 0.075679 0.069869 0.032414 hargrave 2017-10-13 21:10:15 
TT 100 221.4  41.2 253.9  43.7 2.46E-05 002.2 263.8  59.6 0.057765 0.069047 0.034188 hargrave 2017-10-15 20:59:55 
TT 200 219.4  39.7 250.9  43.8 2.44E-05 002.4 265.2  57.6 0.071564 0.073220 0.026069 hargrave 2017-10-16 15:13:38 
TT 300 218.5  39.0 249.6  43.8 2.41E-05 002.6 265.8  56.7 0.091235 0.063924 0.032802 hargrave 2017-10-17 12:02:58 
TT 350 217.8  36.8 246.9  42.7 2.41E-05 002.3 268.7  55.2 0.075843 0.061379 0.026549 hargrave 2017-10-18 10:09:15 
TT 400 217.5  34.8 244.9  41.4 2.41E-05 002.3 271.5  54.0 0.071096 0.059777 0.037462 hargrave 2017-10-20 17:45:03 
TT 450 215.2  33.5 241.8  41.7 2.37E-05 002.4 271.6  51.6 0.083665 0.055473 0.017746 hargrave 2017-10-23 12:26:05 
TT 475 215.3  32.0 240.5  40.5 2.38E-05 002.5 273.6  50.8 0.090104 0.054475 0.024030 hargrave 2017-10-24 09:49:55 
TT 500 214.2  31.9 239.5  41.1 2.37E-05 002.0 272.9  50.0 0.065702 0.052216 0.029673 hargrave 2017-10-25 09:25:42 
TT 525 214.1  30.7 238.4  40.2 2.37E-05 002.4 274.3  49.2 0.079847 0.051701 0.036748 hargrave 2017-10-26 19:58:34 
TT 550 215.0  27.8 236.8  37.5 2.36E-05 004.6 278.5  48.1 0.180891 0.062004 0.029657 hargrave 2017-10-27 17:51:34 
TT 555 213.0  29.6 236.5  40.0 2.31E-05 002.3 274.8  47.8 0.067085 0.076169 0.033306 hargrave 2017-10-28 20:10:06 
TT 560 213.5  27.3 235.1  37.9 2.28E-05 002.6 277.9  46.7 0.074141 0.064760 0.038847 hargrave 2017-11-03 16:02:35 
TT 565 212.4  28.4 235.0  39.4 2.26E-05 003.1 275.7  46.7 0.095061 0.065864 0.048673 hargrave 2017-11-05 14:53:56 
TT 570 211.8  28.2 234.3  39.5 2.26E-05 003.1 275.6  46.2 0.101343 0.062729 0.040132 hargrave 2017-11-09 12:27:07 
TT 575 213.4  26.2 234.2  37.1 2.26E-05 004.5 279.0  46.0 0.164706 0.063145 0.038977 hargrave 2017-11-09 21:15:07 
TT 580 211.1  26.5 232.4  38.6 2.25E-05 003.2 276.8  44.6 0.098314 0.071745 0.047196 hargrave 2017-11-14 17:05:09 
TT 600 213.0  23.6 231.8  35.3 2.32E-05 002.1 281.4  44.0 0.072515 0.049912 0.032526 hargrave 2017-11-17 16:17:35 
TT 620 212.2  21.9 229.8  34.4 2.26E-05 002.2 282.5  42.3 0.071659 0.048150 0.029901 hargrave 2017-11-19 15:34:42 
TT 630 210.2  22.0 228.0  35.5 2.25E-05 003.1 280.7  40.9 0.113432 0.048042 0.025555 hargrave 2017-11-21 14:47:36 
TT 640 208.1  17.9 223.3  33.3 2.29E-05 003.3 282.7  36.7 0.119999 0.063348 0.040924 hargrave 2017-11-27 14:06:30 
TT 645 209.3  20.7 226.3  35.0 2.19E-05 003.8 281.2  39.5 0.129994 0.083279 0.049102 hargrave 2017-11-28 13:00:36 
TT 650 204.0  15.8 218.0  33.7 2.46E-05 002.0 281.2  32.5 0.074033 0.079520 0.056360 hargrave 2017-12-08 18:41:29 
TT 655 214.3  14.2 226.7  26.9 2.00E-05 003.1 291.4  38.2 0.081855 0.079688 0.066026 hargrave 2017-12-11 19:24:31 
TT 660 203.5  08.6 213.2  27.8 2.36E-05 003.0 286.5  26.9 0.094610 0.106975 0.070997 hargrave 2017-12-12 20:06:20 
TT 665 205.2  22.6 223.8  38.7 1.81E-05 004.0 276.2  38.0 0.095331 0.059842 0.064514 hargrave 2018-01-08 18:41:59 
TT 670 202.0  10.4 212.7  30.0 2.18E-05 004.6 284.0  27.2 0.163825 0.033401 0.066719 hargrave 2018-01-11 10:47:04 
TT 672 203.4  24.4 223.5  41.1 1.71E-05 006.5 273.0  37.9 0.160086 0.078194 0.083681 hargrave 2018-01-12 10:43:55 
TT 674 200.9  15.2 214.5  34.7 2.16E-05 002.8 279.3  29.9 0.080783 0.028627 0.073920 hargrave 2018-01-16 17:51:56 
TT 676 211.5  16.7 225.6  30.5 1.73E-05 004.3 286.7  38.2 0.083181 0.070637 0.074591 hargrave 2018-01-17 17:53:34 
TT 678 208.7  06.8 217.0  23.6 2.02E-05 005.4 292.3  29.0 0.187055 0.057033 0.073975 hargrave 2018-01-24 14:31:04 
TT 680 209.2  18.7 224.8  33.4 1.53E-05 005.4 282.9  38.1 0.110920 0.065782 0.072610 hargrave 2018-01-27 11:23:06 
TT 682 203.7  12.2 215.4  30.7 1.81E-05 004.7 283.9  29.7 0.099515 0.064986 0.096177 hargrave 2018-01-31 19:02:37 
TT 684 203.9  20.5 221.0  37.7 1.26E-05 007.8 277.1  35.6 0.113452 0.117813 0.081349 hargrave 2018-02-06 09:18:41 
TT 686 203.1  01.6 209.0  21.8 1.28E-05 005.4 291.3  21.4 0.076811 0.074838 0.079345 hargrave 2018-02-12 12:22:18 
TT 688 211.4  05.1 218.6  20.8 3.11E-06 030.2 295.9  29.4 0.037472 0.106918 0.143780 hargrave 2018-02-26 12:37:34 
TT 688 217.2  10.3 226.8  22.1 3.02E-06 037.2 297.3  37.1 0.042671 0.131208 0.185084 hargrave 2018-02-26 14:57:29 
TT 690 203.6 -13.3 202.4  08.3 4.93E-06 025.0 301.4  10.1 0.038953 0.122937 0.200306 hargrave 2018-02-28 13:01:52 
TT 690 202.3 -14.8 200.6  07.6 4.55E-06 025.8 301.3  08.2 0.040368 0.129644 0.189924 hargrave 2018-02-28 17:18:02 
