TR045 -Da mag compass orientation (IGRF corrected)
  11.31   2.3  51.0 241.6  34.1   1.0
NRM    301.9  46.4 310.8  15.3 1.71E-05 002.0 118.4  67.2 0.046114 0.045854 0.037938 hargrave 2017-10-13 21:07:02 
TT 100 299.2  46.7 309.1  16.1 1.62E-05 002.1 120.2  69.0 0.051654 0.038517 0.041045 hargrave 2017-10-15 20:57:32 
TT 200 298.0  47.7 308.6  17.3 1.57E-05 002.0 123.5  69.5 0.048914 0.036731 0.040315 hargrave 2017-10-16 15:10:51 
TT 300 295.6  48.5 307.3  18.7 1.53E-05 003.1 127.3  70.8 0.083699 0.031341 0.036066 hargrave 2017-10-17 12:00:12 
TT 350 293.8  49.3 306.5  19.8 1.51E-05 002.3 131.0  71.5 0.058216 0.029154 0.030469 hargrave 2017-10-18 10:06:29 
TT 400 290.8  49.4 304.6  20.7 1.47E-05 002.3 134.4  73.2 0.055306 0.032251 0.032808 hargrave 2017-10-20 17:42:16 
TT 450 287.6  50.2 302.9  22.2 1.44E-05 001.7 141.1  74.4 0.035645 0.029550 0.031894 hargrave 2017-10-23 12:22:59 
TT 475 285.7  49.9 301.6  22.4 1.41E-05 002.1 143.1  75.6 0.049375 0.030822 0.030462 hargrave 2017-10-24 09:46:56 
TT 500 283.4  49.9 300.1  23.2 1.38E-05 002.3 147.9  76.5 0.053653 0.026610 0.029757 hargrave 2017-10-25 09:22:55 
TT 525 281.9  50.5 299.5  24.0 1.37E-05 002.4 152.5  76.7 0.053371 0.023585 0.008868 hargrave 2017-10-26 19:55:47 
TT 550 278.3  50.9 297.5  25.5 1.33E-05 002.3 162.3  77.4 0.050238 0.023491 0.009213 hargrave 2017-10-27 17:48:47 
TT 555 275.2  50.2 295.3  26.0 1.30E-05 003.3 170.6  78.6 0.074053 0.026525 0.028431 hargrave 2017-10-28 20:07:45 
TT 560 276.3  51.0 296.4  26.3 1.26E-05 002.5 168.1  77.7 0.042579 0.034226 0.009912 hargrave 2017-11-03 15:59:38 
TT 565 273.6  51.0 294.8  27.2 1.23E-05 002.8 176.0  77.9 0.040718 0.045370 0.010062 hargrave 2017-11-05 14:50:57 
TT 570 273.1  50.1 293.9  26.6 1.22E-05 002.5 177.2  78.9 0.041313 0.033846 0.007346 hargrave 2017-11-09 12:24:09 
TT 575 271.5  50.1 292.9  27.1 1.21E-05 002.9 182.6  78.9 0.052171 0.033107 0.009860 hargrave 2017-11-09 21:12:20 
TT 580 269.0  50.1 291.5  28.0 1.19E-05 003.1 190.6  78.6 0.045960 0.045820 0.011492 hargrave 2017-11-14 17:02:06 
TT 600 265.9  49.6 289.2  28.8 1.22E-05 002.4 201.2  78.4 0.045501 0.026179 0.011415 hargrave 2017-11-17 16:14:38 
TT 620 261.9  46.9 285.0  28.1 1.17E-05 001.9 220.5  79.1 0.031190 0.023712 0.007377 hargrave 2017-11-19 15:31:45 
TT 630 261.5  43.0 282.2  25.2 1.16E-05 002.0 240.1  80.9 0.034613 0.021445 0.018844 hargrave 2017-11-21 14:44:39 
TT 640 247.0  44.8 274.1  33.1 1.21E-05 002.2 244.7  70.4 0.043036 0.026623 0.027923 hargrave 2017-11-27 14:03:32 
TT 645 242.9  49.3 275.4  38.3 1.22E-05 002.4 234.1  66.7 0.045393 0.038664 0.024464 hargrave 2017-11-28 12:57:32 
TT 650 236.8  45.1 267.9  38.3 1.32E-05 001.9 245.3  63.2 0.033626 0.027633 0.062428 hargrave 2017-12-08 18:38:35 
TT 655 270.8  42.7 288.2  21.2 1.16E-05 002.2 195.9  86.1 0.041269 0.024536 0.068992 hargrave 2017-12-11 19:21:36 
TT 660 238.0  27.5 255.1  24.4 1.23E-05 002.8 281.6  59.3 0.044760 0.039886 0.073655 hargrave 2017-12-12 20:03:25 
TT 665 251.9  57.7 288.0  40.2 1.09E-05 004.7 208.6  67.1 0.058880 0.068575 0.049012 hargrave 2018-01-08 18:39:00 
TT 670 221.4  37.3 250.1  40.9 1.12E-05 004.5 255.9  50.5 0.061486 0.043516 0.056036 hargrave 2018-01-11 10:44:05 
TT 672 251.6  43.1 275.8  29.7 9.68E-06 005.1 248.5  73.9 0.065733 0.049650 0.065190 hargrave 2018-01-12 10:40:57 
TT 674 224.2  23.4 241.3  28.9 1.24E-05 004.3 276.4  46.6 0.053789 0.050106 0.062751 hargrave 2018-01-16 17:48:57 
TT 676 245.4  47.9 275.7  36.1 8.98E-06 005.3 236.6  68.7 0.047985 0.060024 0.051942 hargrave 2018-01-17 17:50:35 
TT 678 213.5  30.4 237.7  40.3 1.12E-05 005.0 261.3  41.8 0.061379 0.051453 0.058339 hargrave 2018-01-24 14:28:41 
TT 680 234.9  41.3 263.4  36.6 6.28E-06 008.0 253.1  61.5 0.055131 0.052589 0.057603 hargrave 2018-01-27 11:20:06 
TT 682 211.6  32.8 238.1  43.2 7.99E-06 007.5 257.5  41.3 0.046383 0.065640 0.069959 hargrave 2018-01-31 18:59:32 
TT 684 248.7  60.2 289.1  43.2 4.19E-06 015.6 207.1  64.2 0.039124 0.101144 0.069124 hargrave 2018-02-06 09:14:22 
TT 684 244.9  56.9 283.9  42.5 4.15E-06 011.4 216.0  64.7 0.025693 0.061440 0.076733 hargrave 2018-02-06 13:14:27 
TT 684 246.1  57.2 284.8  42.3 4.12E-06 011.6 214.5  65.0 0.027741 0.061960 0.080810 hargrave 2018-02-06 16:19:07 
TT 686 233.7 -04.2 232.7  00.9 4.98E-06 010.9 311.3  34.0 0.024033 0.062306 0.070585 hargrave 2018-02-12 12:19:21 
TT 686 235.3 -04.6 233.8 -00.3 4.89E-06 011.5 313.2  34.6 0.023357 0.055275 0.081591 hargrave 2018-02-12 15:44:58 
TT 686 236.2 -04.6 234.6 -00.8 4.85E-06 011.2 314.1  35.2 0.027654 0.043334 0.083887 hargrave 2018-02-12 18:11:09 
TT 686 235.1 -05.6 233.0 -01.0 5.16E-06 011.3 313.7  33.7 0.024835 0.058604 0.084822 hargrave 2018-02-13 08:31:49 
TT 688 272.3 -37.8 240.9 -47.2 1.67E-06 040.7 000.0  13.2 0.020212 0.097053 0.107046 hargrave 2018-02-26 12:33:47 
TT 688 280.1 -30.7 254.7 -46.2 1.86E-06 045.1 007.1  20.0 0.021303 0.117034 0.147413 hargrave 2018-02-26 14:53:46 
TT 690 215.1 -09.6 214.2  06.3 4.22E-06 020.1 299.3  18.1 0.045341 0.078713 0.129401 hargrave 2018-02-28 12:59:06 
TT 690 215.5 -12.4 213.1  03.6 4.01E-06 019.9 301.6  16.3 0.038794 0.081435 0.120786 hargrave 2018-02-28 17:14:08 
