TR045 -Ea mag compass orientation (IGRF corrected)
  11.43  -2.7  38.0 241.6  34.1   1.0
NRM    267.0  27.6 277.3  09.9 1.75E-05 003.4 359.3  65.6 0.061667 0.081538 0.028080 hargrave 2017-10-13 21:08:37 
TT 100 263.2  26.5 273.7  10.6 1.68E-05 003.0 351.4  64.3 0.045713 0.074842 0.032691 hargrave 2017-10-15 20:58:42 
TT 200 262.6  26.2 273.1  10.7 1.67E-05 002.6 350.4  64.0 0.046235 0.055002 0.032675 hargrave 2017-10-16 15:12:13 
TT 300 259.8  26.2 271.0  12.0 1.65E-05 003.3 344.8  63.6 0.062432 0.067111 0.037866 hargrave 2017-10-17 12:01:34 
TT 350 260.6  25.1 271.0  10.7 1.64E-05 003.7 346.7  62.7 0.058594 0.084111 0.034676 hargrave 2017-10-18 10:07:50 
TT 400 257.9  24.0 268.3  11.2 1.62E-05 003.3 342.0  61.1 0.060728 0.070656 0.025284 hargrave 2017-10-20 17:43:38 
TT 450 254.6  22.9 265.1  11.9 1.62E-05 003.1 336.6  59.3 0.048625 0.069701 0.029229 hargrave 2017-10-23 12:24:29 
TT 475 254.1  22.2 264.2  11.6 1.62E-05 003.1 336.1  58.5 0.056398 0.063461 0.036248 hargrave 2017-10-24 09:48:24 
TT 500 253.1  21.1 262.9  11.2 1.61E-05 003.7 335.0  57.2 0.066373 0.076430 0.033021 hargrave 2017-10-25 09:24:17 
TT 525 251.2  20.7 261.2  11.9 1.61E-05 003.0 332.1  56.3 0.058630 0.064036 0.015919 hargrave 2017-10-26 19:57:09 
TT 550 249.9  19.3 259.4  11.4 1.61E-05 003.9 330.9  54.6 0.065364 0.091462 0.012056 hargrave 2017-10-27 17:50:09 
TT 555 249.3  18.5 258.4  11.0 1.58E-05 003.4 330.4  53.7 0.049965 0.074972 0.038963 hargrave 2017-10-28 20:08:54 
TT 560 247.3  19.0 257.0  12.6 1.55E-05 003.2 327.0  53.5 0.054951 0.067409 0.021843 hargrave 2017-11-03 16:01:05 
TT 565 247.3  18.7 256.9  12.3 1.53E-05 004.0 327.3  53.1 0.064126 0.085501 0.024313 hargrave 2017-11-05 14:52:25 
TT 570 246.2  18.5 255.9  12.7 1.53E-05 002.7 325.7  52.6 0.043641 0.055589 0.023482 hargrave 2017-11-09 12:25:36 
TT 575 246.8  18.1 256.1  12.1 1.52E-05 004.0 326.8  52.4 0.072259 0.079073 0.024348 hargrave 2017-11-09 21:13:42 
TT 580 245.7  17.0 254.6  11.8 1.52E-05 003.4 325.9  51.1 0.051946 0.074264 0.024702 hargrave 2017-11-14 17:03:38 
TT 600 246.9  15.0 254.4  09.5 1.56E-05 004.0 328.6  49.6 0.070577 0.086722 0.016233 hargrave 2017-11-17 16:16:05 
TT 620 242.1  13.3 249.6  10.7 1.56E-05 003.7 323.1  46.4 0.058100 0.083907 0.019860 hargrave 2017-11-19 15:33:12 
TT 630 239.7  10.2 245.8  09.5 1.55E-05 003.7 321.8  42.6 0.056512 0.084329 0.014774 hargrave 2017-11-21 14:46:06 
TT 640 233.6  03.3 236.9  07.2 1.63E-05 004.4 318.2  33.9 0.075638 0.103162 0.029927 hargrave 2017-11-27 14:05:00 
TT 645 238.1  08.5 243.5  09.0 1.50E-05 004.9 320.6  40.4 0.075654 0.101231 0.054121 hargrave 2017-11-28 12:59:04 
TT 650 224.3 -00.3 227.0  09.3 1.95E-05 003.6 310.4  26.5 0.058035 0.112401 0.078662 hargrave 2017-12-08 18:40:00 
TT 655 243.2 -01.8 241.9 -02.4 1.47E-05 006.7 331.1  32.4 0.063086 0.129640 0.123017 hargrave 2017-12-11 19:23:02 
TT 660 228.2 -10.4 224.7 -01.3 1.96E-05 006.3 319.0  19.1 0.088621 0.174424 0.131268 hargrave 2017-12-12 20:04:51 
TT 665 230.6  24.1 247.0  25.8 8.87E-06 008.4 300.8  50.5 0.075602 0.062266 0.103648 hargrave 2018-01-08 18:40:28 
TT 665 232.1  13.7 241.6  16.6 1.09E-05 008.2 310.6  42.5 0.050554 0.063256 0.186660 hargrave 2018-01-10 12:12:55 
TT 665 232.0  13.9 241.6  16.9 1.07E-05 008.6 310.3  42.6 0.059445 0.067623 0.186115 hargrave 2018-01-10 12:20:04 
TT 670 211.4 -05.1 213.3  12.0 2.09E-05 005.4 301.0  15.9 0.156517 0.063225 0.108068 hargrave 2018-01-11 10:45:33 
TT 672 261.7  25.8 272.2  10.8 7.17E-06 015.0 348.6  63.5 0.123927 0.078165 0.148806 hargrave 2018-01-12 10:42:25 
TT 672 261.5  21.0 269.4  06.8 7.69E-06 010.2 349.5  58.6 0.052539 0.068571 0.174365 hargrave 2018-01-12 11:33:05 
TT 672 261.4  20.1 268.9  06.1 7.56E-06 011.2 349.6  57.8 0.056948 0.068469 0.181124 hargrave 2018-01-12 12:27:45 
TT 674 208.0 -06.2 209.7  12.6 1.98E-05 004.4 298.6  13.1 0.096350 0.051677 0.111717 hargrave 2018-01-16 17:50:25 
TT 676 282.4 -06.7 273.7 -27.4 1.08E-05 007.6 017.3  29.9 0.043402 0.076796 0.132024 hargrave 2018-01-17 17:52:03 
TT 678 227.2 -15.2 221.3 -04.7 2.05E-05 005.1 320.1  14.3 0.053356 0.095910 0.152930 hargrave 2018-01-24 14:29:51 
TT 680 268.9  28.8 279.3  10.0 7.27E-06 013.9 003.5  66.8 0.115153 0.092607 0.136369 hargrave 2018-01-27 11:21:34 
TT 680 269.8  26.7 279.0  07.8 7.57E-06 009.7 005.3  64.7 0.053615 0.087240 0.156890 hargrave 2018-01-27 12:40:28 
TT 680 270.6  26.7 279.6  07.5 7.50E-06 009.8 006.8  64.6 0.052651 0.087138 0.157376 hargrave 2018-01-27 13:38:20 
TT 682 198.3  00.6 203.9  23.2 1.26E-05 009.4 286.4  13.2 0.121243 0.108038 0.160807 hargrave 2018-01-31 19:01:07 
TT 682 197.8  03.7 205.0  26.1 1.22E-05 010.0 284.2  15.4 0.125909 0.109841 0.159821 hargrave 2018-02-02 12:02:46 
TT 682 202.1  00.3 207.4  21.2 1.21E-05 009.8 289.8  15.2 0.097509 0.100660 0.171281 hargrave 2018-02-02 13:29:19 
TT 684 318.2  44.6 321.9  11.2 4.21E-06 026.7 098.1  56.1 0.084322 0.246806 0.164885 hargrave 2018-02-06 09:17:15 
TT 684 300.4  45.5 309.6  14.8 3.83E-06 017.8 086.5  67.5 0.052634 0.126480 0.188846 hargrave 2018-02-06 13:17:22 
TT 684 304.3  43.1 311.6  11.7 3.88E-06 016.3 085.0  63.8 0.052405 0.121160 0.191573 hargrave 2018-02-06 16:22:01 
TT 686 221.0 -18.7 214.5 -04.5 1.23E-05 007.8 316.2  08.7 0.065737 0.133598 0.129959 hargrave 2018-02-12 12:20:48 
TT 688 294.3 -28.1 272.2 -51.6 2.94E-06 048.1 023.7  06.5 0.047970 0.181475 0.269920 hargrave 2018-02-26 12:36:18 
TT 688 303.5 -13.9 293.0 -42.8 3.79E-06 052.4 036.8  17.0 0.057783 0.280596 0.382821 hargrave 2018-02-26 14:56:17 
TT 690 198.1 -10.2 198.9  13.5 1.07E-05 021.3 292.7  04.3 0.137975 0.237288 0.376558 hargrave 2018-02-28 13:00:29 
TT 690 200.6 -13.5 199.7  09.5 9.94E-06 022.2 296.5  03.1 0.117648 0.267046 0.360091 hargrave 2018-02-28 17:15:31 
