TR045 -Qa mag compass orientation (IGRF corrected)
  10.32 356.3  47.0 241.6  34.1   1.0
NRM    197.2  60.9 272.6  66.1 3.72E-05 002.6 221.1  46.3 0.130726 0.107677 0.047864 hargrave 2017-10-13 21:27:45 
TT 100 196.4  56.3 261.3  65.4 3.72E-05 003.4 227.5  45.0 0.144176 0.163802 0.054444 hargrave 2017-10-15 21:13:21 
TT 200 194.4  57.2 262.7  66.7 3.69E-05 003.0 225.9  44.2 0.142845 0.128638 0.039641 hargrave 2017-10-16 15:29:07 
TT 300 193.7  58.0 264.5  67.3 3.68E-05 005.0 224.6  44.0 0.239937 0.218281 0.047447 hargrave 2017-10-17 12:19:11 
TT 350 193.0  55.4 257.7  67.0 3.68E-05 004.9 228.0  42.9 0.250350 0.193433 0.031631 hargrave 2017-10-18 13:37:21 
TT 400 193.0  53.3 252.7  66.2 3.67E-05 002.5 230.7  42.2 0.149712 0.084140 0.041546 hargrave 2017-10-20 18:00:32 
TT 450 192.1  53.5 252.7  66.8 3.62E-05 002.3 230.2  41.8 0.112649 0.094986 0.030377 hargrave 2017-10-23 12:42:33 
TT 475 192.0  52.2 249.8  66.4 3.60E-05 002.9 231.7  41.3 0.167475 0.088860 0.026583 hargrave 2017-10-24 10:06:17 
TT 500 192.1  51.4 248.0  66.0 3.58E-05 003.6 232.8  41.1 0.200156 0.112069 0.026832 hargrave 2017-10-25 09:41:04 
TT 525 191.9  52.0 249.1  66.3 3.56E-05 003.0 232.0  41.2 0.168616 0.080558 0.053997 hargrave 2017-10-26 20:14:47 
TT 550 191.8  51.9 248.8  66.3 3.54E-05 003.2 232.1  41.1 0.173633 0.093812 0.047743 hargrave 2017-10-27 18:06:16 
TT 555 193.3  48.8 243.5  64.0 3.46E-05 006.1 236.4  40.9 0.337836 0.156566 0.045011 hargrave 2017-10-28 20:22:38 
TT 560 192.6  48.8 243.0  64.4 3.38E-05 002.2 236.2  40.4 0.103528 0.069429 0.061005 hargrave 2017-11-03 16:18:53 
TT 565 191.0  50.6 245.4  66.2 3.36E-05 003.4 233.5  40.2 0.160215 0.101804 0.073679 hargrave 2017-11-05 15:09:43 
TT 570 192.0  49.3 243.5  65.0 3.36E-05 003.5 235.3  40.3 0.164919 0.113706 0.061959 hargrave 2017-11-09 12:42:46 
TT 575 191.3  50.6 245.6  66.0 3.34E-05 004.1 233.5  40.3 0.197194 0.109812 0.086071 hargrave 2017-11-09 21:29:45 
TT 580 190.1  49.5 242.3  66.1 3.32E-05 003.8 234.5  39.2 0.182584 0.117417 0.071022 hargrave 2017-11-14 17:20:52 
TT 600 192.0  48.9 242.6  64.8 3.39E-05 004.7 235.9  40.1 0.243481 0.132863 0.049941 hargrave 2017-11-17 16:33:04 
TT 620 192.4  46.4 238.2  63.1 3.29E-05 004.2 239.0  39.3 0.208328 0.124131 0.033574 hargrave 2017-11-19 15:50:29 
TT 630 192.9  44.9 236.1  62.0 3.24E-05 004.3 240.9  39.0 0.217164 0.117607 0.021783 hargrave 2017-11-21 15:03:05 
TT 640 189.7  47.2 237.2  65.1 3.22E-05 003.1 237.0  38.0 0.167862 0.062682 0.030411 hargrave 2017-11-27 14:22:09 
TT 645 192.0  46.1 237.4  63.2 3.31E-05 002.7 239.1  38.9 0.163625 0.056678 0.018432 hargrave 2017-11-28 13:16:10 
TT 650 192.4  44.9 235.7  62.3 3.18E-05 002.0 240.6  38.7 0.093667 0.040648 0.046474 hargrave 2017-12-08 18:56:27 
TT 655 194.6  42.0 233.1  59.2 3.26E-05 005.5 244.9  38.8 0.293038 0.112334 0.036171 hargrave 2017-12-11 19:39:35 
TT 660 186.4  50.9 242.6  68.9 3.09E-05 007.4 231.6  37.6 0.328224 0.237844 0.032928 hargrave 2017-12-12 20:23:49 
TT 665 188.6  43.4 229.4  63.4 3.30E-05 003.6 240.8  35.6 0.188997 0.098310 0.027819 hargrave 2018-01-08 18:58:24 
TT 670 185.6  48.1 235.4  67.9 2.72E-05 006.3 234.4  35.9 0.234286 0.184647 0.039309 hargrave 2018-01-11 11:03:16 
TT 672 189.6  44.3 231.9  63.4 2.93E-05 004.3 240.3  36.7 0.197101 0.100309 0.024236 hargrave 2018-01-12 11:00:10 
TT 674 182.7  45.5 226.6  68.0 2.50E-05 004.0 236.1  32.9 0.147008 0.100892 0.023885 hargrave 2018-01-16 18:09:11 
TT 676 192.5  37.8 225.4  57.4 2.50E-05 004.0 248.5  35.4 0.145034 0.094229 0.048223 hargrave 2018-01-17 18:10:47 
TT 678 188.0  32.8 214.3  55.9 2.02E-05 006.3 251.2  29.6 0.164194 0.174279 0.055435 hargrave 2018-01-24 14:43:36 
TT 680 201.5  29.1 225.5  45.9 1.70E-05 005.0 262.6  37.2 0.107076 0.089447 0.062005 hargrave 2018-01-27 11:38:38 
TT 682 191.0  28.9 214.1  51.3 1.21E-05 005.6 256.5  29.5 0.042540 0.096484 0.070656 hargrave 2018-01-31 19:18:03 
TT 684 203.3  14.1 216.2  32.6 7.46E-06 013.5 278.0  29.2 0.095395 0.128384 0.103108 hargrave 2018-02-06 09:36:21 
TT 684 203.2  13.3 215.7  32.0 7.58E-06 011.7 278.7  28.7 0.070373 0.091334 0.110518 hargrave 2018-02-06 13:24:38 
TT 684 204.1  12.7 216.1  31.0 7.48E-06 012.3 279.8  28.8 0.076396 0.086350 0.117502 hargrave 2018-02-06 16:25:08 
TT 686 189.8 -56.0 174.3 -26.1 1.87E-06 028.4 321.9 -28.0 0.025698 0.067948 0.096031 hargrave 2018-02-12 12:39:12 
TT 686 192.8 -63.4 172.3 -33.5 1.62E-06 036.6 329.9 -31.1 0.027701 0.060820 0.112266 hargrave 2018-02-12 15:52:58 
TT 686 191.4 -66.6 169.9 -36.1 1.50E-06 038.7 332.7 -33.4 0.026657 0.055194 0.111983 hargrave 2018-02-12 18:17:31 
TT 688 229.3  08.1 236.0  13.6 2.29E-06 042.9 306.2  42.4 0.047915 0.125576 0.167983 hargrave 2018-02-26 12:51:25 
TT 688 250.4  14.5 257.0  07.1 2.43E-06 051.3 329.6  58.4 0.043499 0.190995 0.229736 hargrave 2018-02-26 15:16:12 
TT 690 290.0 -16.0 276.2 -39.1 1.22E-06 068.5 025.7  27.1 0.033179 0.155487 0.221485 hargrave 2018-02-28 13:20:12 
TT 690 315.0 -13.2 308.3 -45.4 1.29E-06 068.2 050.4  18.3 0.030519 0.161978 0.213725 hargrave 2018-02-28 17:34:58 
