TR042 -Fa mag compass orientation (IGRF corrected)
   0.58  26.3  69.0 330.2   8.4   1.0
NRM    078.2 -62.7 085.3 -70.5 4.49E-05 008.0 022.1 -41.0 0.426014 0.457682 0.160644 hargrave 2017-10-13 20:45:56 
NRM    079.2 -63.1 086.9 -70.9 4.52E-05 002.6 021.2 -41.0 0.167177 0.091379 0.105264 hargrave 2017-10-15 10:08:39 
TT 100 080.8 -60.5 088.0 -68.2 4.79E-05 004.0 023.1 -43.3 0.281278 0.119847 0.183418 hargrave 2017-10-15 20:37:36 
TT 200 086.7 -63.2 097.0 -70.3 4.84E-05 003.8 017.8 -43.3 0.268146 0.129765 0.158196 hargrave 2017-10-16 14:51:20 
TT 300 092.0 -64.4 104.8 -71.1 4.85E-05 003.9 014.2 -43.7 0.236025 0.200357 0.179356 hargrave 2017-10-17 11:40:12 
TT 350 089.1 -62.8 099.9 -69.7 4.88E-05 004.3 017.0 -44.3 0.299986 0.137603 0.205471 hargrave 2017-10-18 09:46:41 
TT 400 083.8 -60.5 091.9 -67.9 4.82E-05 005.9 021.8 -44.4 0.112347 0.464332 0.179181 hargrave 2017-10-20 17:22:14 
TT 450 094.0 -64.3 107.2 -70.8 4.77E-05 003.7 013.3 -44.2 0.242889 0.147971 0.140816 hargrave 2017-10-23 12:02:28 
TT 475 092.7 -63.4 105.0 -70.0 4.77E-05 005.3 014.6 -44.7 0.340286 0.232836 0.194292 hargrave 2017-10-24 09:27:12 
TT 500 095.5 -64.1 109.0 -70.4 4.74E-05 004.7 012.6 -44.7 0.314040 0.156235 0.206019 hargrave 2017-10-25 09:04:17 
TT 525 097.9 -64.4 112.2 -70.4 4.67E-05 005.4 011.1 -44.9 0.324124 0.281353 0.159893 hargrave 2017-10-26 19:34:51 
TT 550 097.9 -64.0 111.9 -70.0 4.58E-05 007.0 011.3 -45.3 0.321856 0.442858 0.148648 hargrave 2017-10-27 17:29:27 
TT 555 098.1 -63.1 111.4 -69.1 4.47E-05 006.5 011.8 -46.1 0.406173 0.312354 0.177441 hargrave 2017-10-28 19:52:07 
TT 560 092.8 -63.8 105.3 -70.4 4.35E-05 004.7 014.3 -44.4 0.287505 0.194842 0.153300 hargrave 2017-11-03 15:39:55 
TT 565 089.9 -63.1 101.1 -70.0 4.28E-05 004.0 016.3 -44.2 0.254320 0.113903 0.158643 hargrave 2017-11-05 14:31:09 
TT 570 095.7 -64.6 109.6 -70.9 4.25E-05 004.5 012.2 -44.3 0.280159 0.157006 0.157602 hargrave 2017-11-09 12:04:20 
TT 575 098.5 -65.0 113.5 -70.9 4.21E-05 005.8 010.4 -44.5 0.335001 0.236276 0.189094 hargrave 2017-11-09 20:53:52 
TT 580 095.4 -64.5 109.1 -70.8 4.16E-05 005.6 012.4 -44.4 0.293094 0.265021 0.162728 hargrave 2017-11-14 16:41:34 
TT 600 099.4 -64.4 114.1 -70.2 4.32E-05 004.7 010.2 -45.2 0.282889 0.195021 0.165878 hargrave 2017-11-17 15:54:17 
TT 620 095.2 -63.4 108.1 -69.7 4.25E-05 003.8 013.2 -45.3 0.227757 0.154674 0.127617 hargrave 2017-11-19 15:12:11 
TT 630 101.3 -64.6 116.6 -70.2 4.25E-05 002.7 009.1 -45.3 0.173233 0.088535 0.104118 hargrave 2017-11-21 14:25:04 
TT 640 097.4 -63.2 110.6 -69.3 4.27E-05 003.8 012.1 -45.9 0.249097 0.086756 0.164252 hargrave 2017-11-27 13:43:46 
TT 645 098.5 -63.1 111.9 -69.1 4.25E-05 005.1 011.6 -46.2 0.270972 0.241555 0.161759 hargrave 2017-11-28 12:37:38 
TT 650 100.3 -64.0 114.8 -69.8 4.25E-05 003.4 010.0 -45.6 0.158032 0.203538 0.051842 hargrave 2017-12-08 18:19:35 
TT 655 094.7 -62.7 107.0 -69.1 4.26E-05 002.8 014.0 -45.8 0.144570 0.142175 0.088899 hargrave 2017-12-11 19:02:21 
TT 660 106.6 -63.9 122.2 -68.8 4.30E-05 003.2 006.2 -46.7 0.178477 0.172930 0.093093 hargrave 2017-12-12 19:42:45 
TT 665 098.4 -63.4 112.1 -69.4 4.26E-05 004.8 011.4 -45.9 0.247516 0.269655 0.094423 hargrave 2018-01-08 18:18:22 
TT 670 093.7 -61.4 104.9 -68.0 4.24E-05 002.5 015.5 -46.6 0.144931 0.118059 0.063300 hargrave 2018-01-11 10:23:47 
TT 672 105.9 -62.3 120.3 -67.5 4.25E-05 003.0 007.2 -48.0 0.180492 0.117747 0.103250 hargrave 2018-01-12 10:20:37 
TT 674 116.6 -62.7 132.6 -66.4 4.15E-05 003.5 359.8 -48.3 0.184163 0.191376 0.082654 hargrave 2018-01-16 17:27:37 
TT 676 117.9 -61.9 133.4 -65.4 3.83E-05 005.1 358.9 -49.1 0.187796 0.297479 0.085272 hargrave 2018-01-17 17:28:57 
TT 678 113.9 -62.3 129.3 -66.4 2.54E-05 007.3 001.7 -48.7 0.128113 0.299373 0.068650 hargrave 2018-01-24 14:12:52 
TT 678 104.7 -62.2 118.8 -67.5 2.57E-05 004.6 008.0 -48.0 0.141721 0.144280 0.072251 hargrave 2018-01-24 15:47:14 
TT 680 116.2 -61.5 131.3 -65.3 1.49E-05 005.0 000.1 -49.5 0.106326 0.076096 0.055017 hargrave 2018-01-27 11:00:30 
TT 682 106.0 -60.9 119.4 -66.1 1.02E-05 005.9 007.7 -49.4 0.078063 0.070261 0.040844 hargrave 2018-01-31 18:39:15 
TT 684 150.5 -59.2 164.2 -58.1 2.83E-06 011.0 336.1 -44.7 0.037171 0.035771 0.020570 hargrave 2018-02-05 21:13:39 
TT 684 151.0 -60.6 165.5 -59.4 2.85E-06 005.8 337.3 -43.6 0.021419 0.007735 0.019639 hargrave 2018-02-06 13:09:58 
TT 686 321.0 -79.1 287.3 -75.3 1.48E-06 010.3 004.6 -11.1 0.011661 0.022320 0.011930 hargrave 2018-02-12 11:59:57 
TT 686 309.3 -80.0 278.4 -74.9 1.48E-06 010.5 002.3 -11.3 0.010469 0.023529 0.012293 hargrave 2018-02-12 15:41:40 
TT 686 315.5 -79.2 283.7 -74.8 1.49E-06 008.3 003.6 -10.8 0.010821 0.015750 0.012576 hargrave 2018-02-12 18:07:47 
TT 686 307.2 -79.5 278.2 -74.2 1.48E-06 006.0 002.0 -10.7 0.009932 0.008375 0.011685 hargrave 2018-02-13 08:30:23 
TT 688 193.2 -22.2 195.3 -16.3 1.77E-06 003.4 287.1 -19.3 0.006048 0.003533 0.009333 hargrave 2018-02-26 12:13:47 
