TR042 -Aa mag compass orientation (IGRF corrected)
   0.09  41.3  49.0 330.2   8.4   1.0
NRM    051.3 -46.7 049.5 -55.0 4.23E-05 002.8 055.1 -34.5 0.170543 0.099240 0.069537 hargrave 2017-10-13 20:35:46 
TT 100 057.2 -45.5 056.6 -53.8 4.41E-05 003.9 058.6 -37.7 0.198799 0.218837 0.087850 hargrave 2017-10-15 20:29:56 
TT 200 055.1 -50.0 054.0 -58.3 4.42E-05 002.0 052.6 -38.2 0.131863 0.044456 0.083423 hargrave 2017-10-16 14:40:52 
TT 300 057.7 -48.2 057.2 -56.5 4.42E-05 002.0 055.6 -39.1 0.110161 0.084018 0.071553 hargrave 2017-10-17 11:30:26 
TT 350 057.1 -50.3 056.4 -58.7 4.45E-05 001.5 052.8 -39.5 0.091733 0.046335 0.069152 hargrave 2017-10-18 09:37:06 
TT 400 057.2 -50.0 056.6 -58.4 4.42E-05 003.8 053.1 -39.5 0.221558 0.189992 0.052197 hargrave 2017-10-20 17:13:21 
TT 450 059.5 -48.3 059.4 -56.7 4.37E-05 001.6 056.0 -40.3 0.083807 0.063165 0.068478 hargrave 2017-10-23 11:52:12 
TT 475 059.4 -48.0 059.2 -56.4 4.34E-05 002.4 056.3 -40.1 0.152349 0.097965 0.052673 hargrave 2017-10-24 09:17:46 
TT 500 059.3 -48.8 059.1 -57.2 4.31E-05 001.5 055.3 -40.3 0.091142 0.034100 0.062906 hargrave 2017-10-25 08:55:21 
TT 525 059.4 -48.2 059.2 -56.6 4.23E-05 001.4 056.0 -40.2 0.087446 0.037622 0.060733 hargrave 2017-10-26 19:25:47 
TT 550 059.4 -48.3 059.2 -56.7 4.15E-05 002.4 055.9 -40.2 0.140305 0.091510 0.056368 hargrave 2017-10-27 17:20:23 
TT 555 058.5 -49.4 058.2 -57.8 4.06E-05 002.4 054.3 -40.1 0.094409 0.134653 0.072913 hargrave 2017-10-28 19:44:35 
TT 560 058.4 -48.4 058.0 -56.8 3.93E-05 003.5 055.5 -39.6 0.188148 0.121619 0.082191 hargrave 2017-11-03 15:29:27 
TT 565 056.1 -49.3 055.2 -57.7 3.89E-05 004.2 053.7 -38.5 0.244641 0.101588 0.108003 hargrave 2017-11-05 14:21:36 
TT 570 056.4 -49.3 055.6 -57.7 3.88E-05 002.3 053.8 -38.7 0.106968 0.079571 0.084681 hargrave 2017-11-09 11:54:54 
TT 575 058.4 -46.9 058.0 -55.3 3.85E-05 005.8 057.3 -39.1 0.311804 0.229638 0.080460 hargrave 2017-11-09 20:44:54 
TT 580 056.1 -47.4 055.2 -55.7 3.82E-05 007.2 056.0 -37.8 0.343933 0.324991 0.116305 hargrave 2017-11-14 16:32:03 
TT 600 058.0 -47.8 057.6 -56.2 3.92E-05 002.4 056.1 -39.2 0.125879 0.092123 0.062192 hargrave 2017-11-17 15:44:47 
TT 620 056.7 -50.8 055.9 -59.2 3.87E-05 001.8 052.1 -39.4 0.102289 0.035873 0.064613 hargrave 2017-11-19 15:02:44 
TT 630 056.7 -49.6 056.0 -58.0 3.85E-05 001.6 053.6 -39.0 0.084832 0.024269 0.066507 hargrave 2017-11-21 14:15:30 
TT 640 057.7 -49.6 057.2 -58.0 3.84E-05 001.6 053.9 -39.6 0.091788 0.047901 0.051214 hargrave 2017-11-27 13:33:16 
TT 645 056.2 -50.0 055.4 -58.4 3.83E-05 001.6 052.9 -38.9 0.090611 0.030363 0.060313 hargrave 2017-11-28 12:28:07 
TT 650 058.8 -48.4 058.5 -56.8 3.86E-05 002.8 055.7 -39.9 0.110589 0.131885 0.098409 hargrave 2017-12-08 18:10:32 
TT 655 058.6 -48.0 058.3 -56.4 3.87E-05 001.7 056.0 -39.6 0.087508 0.058484 0.056048 hargrave 2017-12-11 18:53:14 
TT 660 058.6 -51.2 058.2 -59.6 3.85E-05 003.2 052.0 -40.7 0.160201 0.150669 0.033015 hargrave 2017-12-12 19:32:50 
TT 665 061.2 -46.3 061.4 -54.7 3.77E-05 003.2 058.9 -40.6 0.161877 0.136107 0.050700 hargrave 2018-01-08 18:09:03 
TT 670 062.8 -47.5 063.3 -55.9 3.51E-05 002.2 058.0 -42.1 0.072941 0.096510 0.070983 hargrave 2018-01-11 10:14:30 
TT 672 065.5 -55.4 067.1 -63.8 3.21E-05 003.4 047.8 -45.7 0.127275 0.141160 0.037833 hargrave 2018-01-12 10:10:23 
TT 674 068.4 -50.9 070.3 -59.2 1.94E-05 003.5 054.8 -46.5 0.089903 0.082108 0.022573 hargrave 2018-01-16 17:18:09 
TT 676 068.1 -51.3 070.0 -59.6 1.30E-05 010.4 054.1 -46.5 0.182120 0.152802 0.021232 hargrave 2018-01-17 17:18:42 
TT 676 064.2 -56.5 065.4 -64.9 1.31E-05 004.0 046.2 -45.2 0.050736 0.075270 0.023919 hargrave 2018-01-22 09:48:44 
TT 678 064.4 -39.9 065.0 -48.3 2.68E-06 014.3 067.9 -40.3 0.065060 0.021156 0.006752 hargrave 2018-01-24 14:05:15 
TT 678 055.2 -51.8 054.0 -60.1 2.74E-06 005.6 050.5 -38.9 0.022159 0.014971 0.005736 hargrave 2018-01-24 15:45:40 
TT 680 009.8 -58.9 357.0 -63.6 1.48E-06 004.9 028.1 -21.0 0.007154 0.010561 0.003580 hargrave 2018-01-27 10:51:54 
TT 682 049.7 -54.0 046.9 -62.2 1.28E-06 004.1 046.4 -36.5 0.007249 0.005872 0.003168 hargrave 2018-01-31 18:30:50 
TT 684 282.1 -64.6 272.8 -57.9 7.90E-07 009.0 347.3 -18.1 0.005716 0.010095 0.007236 hargrave 2018-02-05 21:03:34 
TT 684 298.8 -66.2 285.4 -61.0 8.07E-07 006.3 354.7 -17.6 0.003689 0.005343 0.007795 hargrave 2018-02-06 13:08:28 
TT 686 200.1 -02.0 199.9  04.4 1.08E-06 006.9 257.3 -17.3 0.012446 0.003598 0.007186 hargrave 2018-02-12 11:51:28 
TT 688 047.0 -03.3 046.7 -11.5 9.55E-07 005.0 091.2 -06.5 0.005562 0.002893 0.006048 hargrave 2018-02-26 12:06:57 
