TR042 -Ia mag compass orientation (IGRF corrected)
   0.49  35.3  42.0 330.2   8.4   1.0
NRM    343.0 -51.7 332.2 -52.7 4.09E-05 004.0 023.1 -14.7 0.143304 0.234300 0.087170 hargrave 2017-10-13 20:50:38 
TT 100 340.3 -59.0 326.1 -59.5 4.26E-05 002.1 018.4 -20.8 0.060092 0.112698 0.102575 hargrave 2017-10-15 20:41:06 
TT 200 338.0 -60.0 323.3 -60.1 4.29E-05 002.1 016.8 -21.3 0.059385 0.121012 0.093956 hargrave 2017-10-16 14:56:12 
TT 300 336.8 -60.7 321.8 -60.6 4.30E-05 002.1 016.0 -21.6 0.073910 0.114963 0.083850 hargrave 2017-10-17 11:44:19 
TT 350 339.0 -60.5 324.1 -60.7 4.30E-05 004.4 017.1 -21.9 0.122308 0.303032 0.074434 hargrave 2017-10-18 09:50:44 
TT 400 333.1 -61.6 317.8 -60.9 4.31E-05 003.1 013.8 -21.9 0.095670 0.209170 0.077128 hargrave 2017-10-20 17:26:18 
TT 450 338.2 -61.2 322.8 -61.2 4.29E-05 002.4 016.4 -22.3 0.054559 0.145213 0.094714 hargrave 2017-10-23 12:06:51 
TT 475 335.3 -61.8 319.7 -61.4 4.27E-05 002.2 014.8 -22.4 0.073358 0.139894 0.067483 hargrave 2017-10-24 09:31:35 
TT 500 333.4 -62.5 317.5 -61.8 4.23E-05 001.9 013.7 -22.7 0.065901 0.113112 0.069086 hargrave 2017-10-25 09:08:24 
TT 525 332.9 -62.6 317.0 -61.8 4.19E-05 002.2 013.4 -22.7 0.068619 0.134035 0.076881 hargrave 2017-10-26 19:39:46 
TT 550 336.0 -62.0 320.2 -61.7 4.11E-05 004.6 015.0 -22.7 0.107039 0.305082 0.074098 hargrave 2017-10-27 17:33:35 
TT 555 333.6 -62.9 317.4 -62.2 3.98E-05 004.0 013.6 -23.1 0.148998 0.239752 0.085003 hargrave 2017-10-28 19:55:30 
TT 560 333.3 -62.0 317.7 -61.3 3.90E-05 003.2 013.8 -22.2 0.068240 0.162475 0.132173 hargrave 2017-11-03 15:44:15 
TT 565 333.0 -61.8 317.6 -61.0 3.84E-05 004.7 013.7 -22.0 0.092314 0.277026 0.127587 hargrave 2017-11-05 14:35:29 
TT 570 336.7 -61.1 321.5 -60.9 3.84E-05 002.6 015.8 -22.0 0.056492 0.113040 0.127856 hargrave 2017-11-09 12:08:45 
TT 575 333.5 -61.8 318.1 -61.1 3.81E-05 003.0 014.0 -22.1 0.086208 0.157584 0.098624 hargrave 2017-11-09 20:57:55 
TT 580 330.3 -61.9 314.9 -60.8 3.78E-05 003.6 012.3 -21.7 0.070480 0.191734 0.132400 hargrave 2017-11-14 16:45:54 
TT 600 334.5 -62.3 318.7 -61.8 3.90E-05 003.4 014.3 -22.7 0.088864 0.210149 0.066805 hargrave 2017-11-17 15:58:37 
TT 620 336.6 -61.9 320.9 -61.7 3.89E-05 002.5 015.4 -22.7 0.059902 0.137915 0.083550 hargrave 2017-11-19 15:16:30 
TT 630 333.3 -62.6 317.3 -61.9 3.89E-05 002.2 013.5 -22.9 0.046234 0.123897 0.079925 hargrave 2017-11-21 14:29:29 
TT 640 329.9 -63.7 313.5 -62.4 3.89E-05 002.1 011.6 -23.3 0.068113 0.117945 0.063752 hargrave 2017-11-27 13:48:06 
TT 645 333.8 -63.3 317.3 -62.6 3.88E-05 002.5 013.5 -23.6 0.072498 0.148071 0.061745 hargrave 2017-11-28 12:42:07 
TT 650 331.5 -63.7 314.9 -62.7 3.97E-05 002.8 012.3 -23.6 0.046212 0.170680 0.090833 hargrave 2017-12-08 18:23:48 
TT 655 321.5 -65.5 304.7 -63.0 3.96E-05 006.8 007.3 -24.2 0.074693 0.465819 0.038794 hargrave 2017-12-11 19:06:38 
TT 660 328.0 -65.5 310.4 -63.9 3.99E-05 001.8 010.1 -24.9 0.063142 0.107450 0.037814 hargrave 2017-12-12 19:46:58 
TT 665 327.2 -67.1 308.5 -65.2 3.96E-05 001.8 009.3 -26.3 0.067834 0.086349 0.077786 hargrave 2018-01-08 18:22:43 
TT 670 325.4 -69.1 305.2 -66.9 3.98E-05 002.4 008.0 -28.1 0.063444 0.130923 0.099038 hargrave 2018-01-11 10:28:09 
TT 672 324.6 -70.6 303.0 -68.2 3.99E-05 002.5 007.2 -29.5 0.071101 0.148085 0.074305 hargrave 2018-01-12 10:24:57 
TT 674 322.7 -72.3 299.5 -69.5 3.96E-05 003.4 006.1 -31.0 0.075860 0.219341 0.073103 hargrave 2018-01-16 17:31:59 
TT 676 321.8 -74.3 296.4 -71.2 3.84E-05 002.0 005.3 -32.8 0.068988 0.102551 0.070671 hargrave 2018-01-17 17:33:25 
TT 678 305.3 -76.1 282.2 -71.0 3.35E-05 002.2 360.0 -34.1 0.086332 0.095212 0.061362 hargrave 2018-01-24 14:16:19 
TT 680 319.8 -78.2 288.4 -74.4 2.40E-05 004.4 003.6 -36.5 0.074259 0.167373 0.048761 hargrave 2018-01-27 11:04:54 
TT 682 318.9 -79.7 284.7 -75.5 1.37E-05 004.1 003.1 -38.0 0.028191 0.091958 0.022760 hargrave 2018-01-31 18:43:33 
TT 684 356.0 -61.6 340.3 -64.2 4.03E-06 003.9 024.4 -26.8 0.018369 0.019282 0.014164 hargrave 2018-02-05 21:18:00 
TT 686 274.4 -32.8 271.9 -25.7 1.22E-06 005.0 334.4  04.6 0.003598 0.007806 0.007010 hargrave 2018-02-12 12:04:17 
TT 688 128.9  16.7 126.8  13.5 9.07E-07 003.8 183.8 -25.2 0.006060 0.002309 0.003384 hargrave 2018-02-26 12:20:12 
