TR042 -Ea mag compass orientation (IGRF corrected)
   0.47  25.3  58.0 330.2   8.4   1.0
NRM    073.9 -61.1 079.0 -69.2 4.53E-05 004.0 030.1 -50.5 0.145916 0.269200 0.097155 hargrave 2017-10-13 20:44:27 
TT 100 076.4 -58.8 081.7 -66.8 4.81E-05 006.0 032.4 -52.7 0.158580 0.467413 0.121804 hargrave 2017-10-15 20:36:30 
TT 200 079.2 -60.0 085.7 -67.8 4.80E-05 004.8 029.5 -53.2 0.161016 0.359947 0.104832 hargrave 2017-10-16 14:49:14 
TT 300 081.1 -62.3 089.1 -69.9 4.80E-05 003.6 025.6 -52.7 0.146093 0.263166 0.083809 hargrave 2017-10-17 11:38:54 
TT 350 082.1 -62.6 090.5 -70.1 4.83E-05 002.4 024.7 -52.9 0.159534 0.126428 0.068437 hargrave 2017-10-18 09:45:24 
TT 400 080.4 -60.8 087.6 -68.5 4.80E-05 002.9 027.8 -53.3 0.129674 0.191654 0.086239 hargrave 2017-10-20 17:20:57 
TT 450 082.2 -62.4 090.6 -69.9 4.77E-05 003.1 024.9 -53.0 0.109106 0.219947 0.098354 hargrave 2017-10-23 12:01:05 
TT 475 083.4 -63.0 092.6 -70.4 4.73E-05 002.5 023.5 -53.1 0.123358 0.163518 0.065949 hargrave 2017-10-24 09:25:48 
TT 500 083.6 -62.9 092.8 -70.4 4.69E-05 002.8 023.5 -53.2 0.117896 0.193121 0.062523 hargrave 2017-10-25 09:03:00 
TT 525 084.5 -63.4 094.2 -70.8 4.65E-05 002.9 022.5 -53.1 0.101629 0.201377 0.084994 hargrave 2017-10-26 19:33:32 
TT 550 085.3 -63.5 095.3 -70.8 4.56E-05 003.1 021.9 -53.3 0.105561 0.211802 0.086457 hargrave 2017-10-27 17:28:06 
TT 555 084.6 -62.3 093.8 -69.7 4.40E-05 001.7 023.8 -53.9 0.088374 0.080684 0.152622 hargrave 2017-10-28 19:51:02 
TT 560 079.4 -61.5 086.6 -69.3 4.30E-05 004.1 027.3 -52.5 0.133227 0.247963 0.133747 hargrave 2017-11-03 15:38:32 
TT 565 081.3 -62.7 089.6 -70.3 4.23E-05 005.1 024.9 -52.5 0.132183 0.328650 0.134992 hargrave 2017-11-05 14:29:46 
TT 570 083.7 -63.3 093.1 -70.8 4.21E-05 003.4 023.0 -52.9 0.127939 0.180109 0.128207 hargrave 2017-11-09 12:02:57 
TT 575 084.4 -63.4 094.0 -70.8 4.15E-05 003.3 022.5 -53.1 0.132017 0.183204 0.100491 hargrave 2017-11-09 20:52:36 
TT 580 082.1 -63.0 090.8 -70.5 4.12E-05 003.7 024.2 -52.6 0.135585 0.191741 0.132325 hargrave 2017-11-14 16:40:11 
TT 600 084.6 -62.9 094.1 -70.2 4.23E-05 003.5 023.1 -53.5 0.121034 0.227473 0.079342 hargrave 2017-11-17 15:52:54 
TT 620 083.5 -62.0 092.1 -69.5 4.17E-05 002.8 024.7 -53.7 0.103946 0.151790 0.094663 hargrave 2017-11-19 15:10:47 
TT 630 086.0 -62.9 095.9 -70.1 4.14E-05 003.1 022.3 -54.0 0.104446 0.181053 0.089376 hargrave 2017-11-21 14:23:38 
TT 640 085.2 -62.6 094.7 -69.9 4.11E-05 003.1 023.1 -54.0 0.111586 0.190998 0.074400 hargrave 2017-11-27 13:42:22 
TT 645 086.0 -62.8 096.0 -70.1 4.11E-05 002.6 022.3 -54.0 0.103291 0.149439 0.069621 hargrave 2017-11-28 12:36:14 
TT 650 087.8 -63.3 098.5 -70.4 4.22E-05 003.0 020.8 -54.2 0.127058 0.153626 0.118500 hargrave 2017-12-08 18:18:15 
TT 655 088.2 -63.4 099.1 -70.5 4.21E-05 002.3 020.4 -54.2 0.088903 0.125986 0.085993 hargrave 2017-12-11 19:01:00 
TT 660 089.3 -63.3 100.5 -70.3 4.20E-05 001.9 019.9 -54.7 0.075030 0.098071 0.069789 hargrave 2017-12-12 19:41:23 
TT 665 090.8 -63.4 102.5 -70.2 4.16E-05 003.0 018.9 -55.0 0.109529 0.170540 0.092682 hargrave 2018-01-08 18:17:00 
TT 670 096.1 -63.6 109.4 -69.9 4.16E-05 003.7 015.2 -56.2 0.123763 0.215418 0.111305 hargrave 2018-01-11 10:22:24 
TT 672 097.1 -63.6 110.6 -69.7 4.12E-05 002.5 014.5 -56.4 0.122508 0.114261 0.088982 hargrave 2018-01-12 10:19:14 
TT 674 101.9 -64.1 116.9 -69.7 4.00E-05 002.9 010.7 -56.8 0.122046 0.146581 0.088817 hargrave 2018-01-16 17:26:14 
TT 676 104.7 -64.8 120.9 -70.0 3.59E-05 003.1 008.1 -56.5 0.112400 0.148317 0.086182 hargrave 2018-01-17 17:27:32 
TT 678 114.9 -66.0 133.5 -69.7 2.32E-05 002.6 000.3 -56.0 0.061707 0.075028 0.056917 hargrave 2018-01-24 14:11:45 
TT 680 111.7 -66.6 130.6 -70.8 1.29E-05 003.6 002.5 -55.3 0.028703 0.072783 0.022570 hargrave 2018-01-27 10:59:06 
TT 682 119.3 -62.2 135.1 -65.5 8.15E-06 002.7 356.3 -59.7 0.020231 0.030948 0.014380 hargrave 2018-01-31 18:37:55 
TT 684 138.9 -19.0 141.8 -20.5 2.11E-06 003.5 244.2 -65.2 0.012204 0.005605 0.009994 hargrave 2018-02-05 21:12:16 
TT 686 103.5 -63.5 118.2 -68.9 5.60E-07 005.9 009.9 -57.6 0.007294 0.005006 0.009086 hargrave 2018-02-12 11:58:34 
TT 688 154.7 -22.7 158.1 -21.8 6.65E-07 005.9 265.1 -54.0 0.004950 0.004625 0.002403 hargrave 2018-02-26 12:12:40 
