TR042 -Pa mag compass orientation (IGRF corrected)
   1.34  34.3  73.0 330.2   8.4   1.0
NRM    078.2 -52.2 082.5 -60.1 5.11E-05 004.0 035.0 -39.6 0.242079 0.237210 0.146156 hargrave 2017-10-13 20:59:01 
TT 100 082.9 -53.6 088.5 -61.1 5.36E-05 006.0 031.6 -41.4 0.294615 0.473831 0.130711 hargrave 2017-10-15 20:51:33 
TT 200 082.6 -53.4 088.2 -61.0 5.40E-05 002.3 031.9 -41.3 0.140249 0.136690 0.125065 hargrave 2017-10-16 15:03:48 
TT 300 084.9 -55.3 091.5 -62.8 5.42E-05 002.6 028.8 -41.4 0.166637 0.118192 0.170266 hargrave 2017-10-17 11:53:16 
TT 350 082.3 -53.4 087.8 -61.0 5.43E-05 002.9 032.1 -41.2 0.191581 0.167276 0.139068 hargrave 2017-10-18 09:59:36 
TT 400 083.8 -54.3 089.8 -61.8 5.43E-05 002.6 030.4 -41.5 0.167602 0.134897 0.146085 hargrave 2017-10-20 17:35:19 
TT 450 083.4 -54.0 089.3 -61.5 5.37E-05 002.1 030.9 -41.4 0.128220 0.127921 0.105383 hargrave 2017-10-23 12:15:28 
TT 475 084.5 -54.6 090.8 -62.1 5.36E-05 002.6 029.7 -41.6 0.170425 0.124613 0.137388 hargrave 2017-10-24 09:39:29 
TT 500 085.2 -55.2 091.8 -62.6 5.34E-05 002.0 028.8 -41.5 0.125547 0.087014 0.143365 hargrave 2017-10-25 09:15:54 
TT 525 086.1 -55.8 093.1 -63.1 5.28E-05 001.7 027.7 -41.7 0.101736 0.065398 0.119382 hargrave 2017-10-26 19:48:01 
TT 550 083.6 -54.1 089.6 -61.6 5.17E-05 002.3 030.7 -41.5 0.171143 0.095985 0.102988 hargrave 2017-10-27 17:41:48 
TT 555 082.2 -52.5 087.5 -60.1 5.05E-05 002.5 033.1 -41.6 0.171908 0.115600 0.122899 hargrave 2017-10-28 20:01:51 
TT 560 085.4 -56.5 092.4 -63.9 4.88E-05 003.9 027.3 -40.9 0.218788 0.228883 0.127713 hargrave 2017-11-03 15:52:13 
TT 565 084.4 -55.8 090.9 -63.2 4.81E-05 002.7 028.5 -40.9 0.156066 0.117953 0.138160 hargrave 2017-11-05 14:43:22 
TT 570 084.0 -55.7 090.5 -63.2 4.79E-05 002.6 028.7 -40.7 0.150062 0.122556 0.123809 hargrave 2017-11-09 12:16:40 
TT 575 083.3 -55.1 089.4 -62.6 4.74E-05 003.1 029.8 -40.8 0.186748 0.105718 0.154641 hargrave 2017-11-09 21:05:19 
TT 580 082.6 -55.3 088.6 -62.9 4.69E-05 003.1 029.7 -40.3 0.170145 0.151332 0.127125 hargrave 2017-11-14 16:53:44 
TT 600 083.8 -55.0 090.1 -62.5 4.83E-05 002.6 029.6 -41.1 0.180214 0.105426 0.106976 hargrave 2017-11-17 16:06:24 
TT 620 084.4 -55.1 090.8 -62.6 4.81E-05 001.8 029.2 -41.2 0.116827 0.074516 0.086006 hargrave 2017-11-19 15:24:20 
TT 630 084.4 -55.0 090.8 -62.5 4.81E-05 001.5 029.3 -41.3 0.101001 0.065391 0.072030 hargrave 2017-11-21 14:37:16 
TT 640 085.3 -55.7 092.1 -63.1 4.82E-05 002.1 028.2 -41.3 0.133256 0.070803 0.113539 hargrave 2017-11-27 13:56:02 
TT 645 085.1 -55.3 091.8 -62.8 4.83E-05 002.1 028.6 -41.5 0.142889 0.070883 0.121119 hargrave 2017-11-28 12:50:00 
TT 650 085.3 -55.0 091.9 -62.4 4.90E-05 001.6 028.9 -41.7 0.093682 0.100016 0.061724 hargrave 2017-12-08 18:31:20 
TT 655 084.9 -54.8 091.4 -62.2 4.90E-05 002.3 029.3 -41.7 0.092769 0.154514 0.092304 hargrave 2017-12-11 19:14:16 
TT 660 089.0 -57.4 097.2 -64.4 4.90E-05 003.2 024.7 -41.8 0.083677 0.251341 0.092704 hargrave 2017-12-12 19:56:06 
TT 665 086.9 -56.0 094.1 -63.2 4.86E-05 002.4 027.2 -41.9 0.154540 0.105057 0.103356 hargrave 2018-01-08 18:30:34 
TT 670 088.0 -55.9 095.4 -63.1 4.83E-05 001.7 026.7 -42.4 0.105469 0.076524 0.081950 hargrave 2018-01-11 10:36:38 
TT 672 090.5 -57.6 099.2 -64.5 4.82E-05 002.3 023.8 -42.3 0.159131 0.092548 0.106155 hargrave 2018-01-12 10:33:27 
TT 674 092.8 -58.2 102.3 -64.9 4.76E-05 002.4 022.0 -42.7 0.152068 0.105808 0.105994 hargrave 2018-01-16 17:41:25 
TT 676 094.2 -58.0 103.9 -64.6 4.61E-05 002.7 021.4 -43.3 0.174866 0.116398 0.099413 hargrave 2018-01-17 17:42:57 
TT 678 098.2 -59.0 109.1 -65.1 4.06E-05 002.4 018.3 -43.9 0.126234 0.100933 0.092125 hargrave 2018-01-24 14:22:44 
TT 680 093.0 -59.4 103.0 -66.0 2.95E-05 005.1 020.8 -41.9 0.174925 0.193633 0.082091 hargrave 2018-01-27 11:12:40 
TT 682 103.3 -57.2 114.2 -62.8 1.59E-05 003.9 016.5 -46.8 0.074069 0.081355 0.027985 hargrave 2018-01-31 18:52:03 
TT 684 101.2 -55.7 111.1 -61.6 7.30E-06 003.7 019.1 -47.5 0.032833 0.022309 0.028181 hargrave 2018-02-05 21:27:21 
TT 686 128.7 -34.9 134.5 -37.6 1.98E-06 003.3 348.6 -71.6 0.007676 0.008152 0.003917 hargrave 2018-02-12 12:11:57 
TT 688 030.0 -26.6 027.4 -33.7 2.17E-06 003.6 063.4 -03.8 0.005822 0.007056 0.011770 hargrave 2018-02-26 12:26:30 
