TR042 -Ga mag compass orientation (IGRF corrected)
   0.38  29.3  59.0 330.2   8.4   1.0
NRM    097.2 -55.5 106.3 -61.8 5.82E-05 002.4 026.1 -61.0 0.172133 0.174871 0.081067 hargrave 2017-10-13 20:47:29 
TT 100 105.9 -56.7 117.0 -62.0 6.20E-05 002.5 016.0 -62.6 0.168545 0.197762 0.093232 hargrave 2017-10-15 20:38:43 
TT 200 105.9 -56.9 117.1 -62.2 6.25E-05 003.4 015.9 -62.4 0.170825 0.331925 0.099221 hargrave 2017-10-16 14:52:39 
TT 300 105.2 -56.8 116.2 -62.2 6.21E-05 003.2 016.7 -62.4 0.192871 0.291804 0.097494 hargrave 2017-10-17 11:41:31 
TT 350 105.4 -56.1 116.1 -61.5 6.30E-05 005.5 017.2 -63.1 0.287681 0.540591 0.035846 hargrave 2017-10-18 09:48:00 
TT 400 109.5 -57.7 121.6 -62.5 6.21E-05 002.8 011.3 -62.4 0.198960 0.224914 0.078618 hargrave 2017-10-20 17:23:34 
TT 450 107.2 -56.9 118.5 -62.0 6.20E-05 002.8 014.5 -62.8 0.129297 0.279804 0.076593 hargrave 2017-10-23 12:03:56 
TT 475 110.0 -57.7 122.2 -62.4 6.15E-05 002.7 010.7 -62.5 0.154608 0.243592 0.084372 hargrave 2017-10-24 09:28:36 
TT 500 107.5 -57.2 119.1 -62.3 6.09E-05 003.4 013.9 -62.5 0.163387 0.322839 0.066438 hargrave 2017-10-25 09:05:36 
TT 525 111.1 -57.9 123.4 -62.5 6.03E-05 002.3 009.5 -62.5 0.144085 0.199431 0.043989 hargrave 2017-10-26 19:36:11 
TT 550 113.6 -58.1 126.3 -62.4 5.91E-05 004.0 006.6 -62.6 0.193468 0.362378 0.069915 hargrave 2017-10-27 17:30:47 
TT 555 114.5 -56.7 126.6 -60.9 5.70E-05 002.6 006.1 -64.1 0.210054 0.177742 0.095147 hargrave 2017-10-28 19:53:13 
TT 560 109.6 -58.1 121.8 -62.9 5.56E-05 003.5 011.0 -62.1 0.176224 0.285658 0.071636 hargrave 2017-11-03 15:41:20 
TT 565 112.8 -58.0 125.4 -62.3 5.45E-05 004.9 007.5 -62.7 0.176230 0.428627 0.079743 hargrave 2017-11-05 14:32:33 
TT 570 111.1 -58.0 123.6 -62.6 5.43E-05 002.6 009.3 -62.4 0.161520 0.167665 0.078382 hargrave 2017-11-09 12:05:46 
TT 575 103.6 -57.8 114.9 -63.4 5.39E-05 002.7 017.3 -61.1 0.190096 0.175625 0.056135 hargrave 2017-11-09 20:55:11 
TT 580 106.2 -58.2 118.0 -63.4 5.34E-05 004.5 014.5 -61.4 0.176562 0.387946 0.072169 hargrave 2017-11-14 16:42:59 
TT 600 107.0 -57.1 118.4 -62.3 5.48E-05 003.4 014.5 -62.5 0.175061 0.272306 0.036458 hargrave 2017-11-17 15:55:42 
TT 620 107.6 -57.5 119.3 -62.6 5.43E-05 003.0 013.5 -62.3 0.139772 0.248805 0.039997 hargrave 2017-11-19 15:13:36 
TT 630 111.4 -58.5 124.2 -63.0 5.43E-05 002.3 008.8 -62.0 0.132067 0.180085 0.038072 hargrave 2017-11-21 14:26:35 
TT 640 112.2 -58.1 124.8 -62.6 5.41E-05 002.9 008.1 -62.5 0.161928 0.221959 0.041666 hargrave 2017-11-27 13:45:11 
TT 645 110.2 -57.8 122.4 -62.5 5.40E-05 003.1 010.5 -62.5 0.150219 0.257387 0.041754 hargrave 2017-11-28 12:39:03 
TT 650 111.4 -57.6 123.6 -62.2 5.57E-05 002.6 009.3 -62.8 0.107816 0.237531 0.105004 hargrave 2017-12-08 18:20:58 
TT 655 113.3 -57.8 125.8 -62.1 5.58E-05 001.4 007.1 -62.9 0.095842 0.085688 0.106627 hargrave 2017-12-11 19:03:45 
TT 660 113.6 -57.7 126.1 -62.0 5.56E-05 001.9 006.7 -63.0 0.122703 0.133049 0.076756 hargrave 2017-12-12 19:44:06 
TT 665 113.1 -58.2 125.9 -62.5 5.49E-05 003.1 007.0 -62.5 0.142267 0.264602 0.057578 hargrave 2018-01-08 18:19:48 
TT 670 114.3 -58.1 127.1 -62.3 5.51E-05 002.4 005.8 -62.7 0.142021 0.182319 0.064003 hargrave 2018-01-11 10:25:12 
TT 672 120.6 -58.0 133.9 -61.3 5.46E-05 002.7 358.5 -62.9 0.139578 0.208568 0.065792 hargrave 2018-01-12 10:22:02 
TT 674 116.7 -58.3 129.8 -62.1 5.36E-05 003.2 003.0 -62.7 0.137494 0.268516 0.064171 hargrave 2018-01-16 17:29:03 
TT 676 122.1 -58.0 135.4 -61.1 4.99E-05 002.9 356.8 -62.9 0.118167 0.218593 0.058180 hargrave 2018-01-17 17:30:25 
TT 678 123.1 -58.2 136.7 -61.2 3.73E-05 002.2 355.6 -62.6 0.123356 0.083366 0.036433 hargrave 2018-01-24 14:13:59 
TT 680 119.8 -57.9 133.0 -61.4 2.19E-05 003.2 359.4 -63.1 0.057266 0.105588 0.021966 hargrave 2018-01-27 11:01:55 
TT 682 129.7 -54.3 141.5 -56.4 1.35E-05 009.3 345.2 -65.5 0.064092 0.210748 0.018902 hargrave 2018-01-31 18:40:38 
TT 682 116.8 -57.8 129.6 -61.6 1.32E-05 003.2 003.0 -63.1 0.053872 0.050378 0.023639 hargrave 2018-02-02 11:56:43 
TT 684 111.2 -36.2 116.6 -41.1 2.73E-06 003.9 050.6 -81.5 0.012856 0.014074 0.004104 hargrave 2018-02-05 21:15:04 
TT 686 177.1  46.9 168.3  50.1 7.88E-07 005.7 215.4  03.7 0.004951 0.005643 0.003595 hargrave 2018-02-12 12:01:23 
TT 688 055.9 -10.2 055.8 -18.6 6.75E-07 009.6 094.9 -28.0 0.003216 0.003925 0.011268 hargrave 2018-02-26 12:17:53 
TT 688 054.6 -08.3 054.4 -16.7 6.52E-07 011.8 095.9 -25.9 0.003587 0.006433 0.011679 hargrave 2018-02-26 14:50:07 
