TR042 -Ha mag compass orientation (IGRF corrected)
   0.43  23.3  48.0 330.2   8.4   1.0
NRM    061.5 -53.3 061.8 -61.7 2.35E-05 004.9 053.5 -54.2 0.130613 0.155811 0.019182 hargrave 2017-10-13 20:49:01 
TT 100 073.5 -59.8 078.1 -67.9 2.56E-05 002.8 040.0 -59.9 0.074238 0.099693 0.033883 hargrave 2017-10-15 20:39:51 
TT 200 072.7 -58.6 076.7 -66.7 2.58E-05 003.8 042.5 -59.9 0.085421 0.148181 0.033381 hargrave 2017-10-16 14:54:48 
TT 300 072.7 -59.5 077.0 -67.6 2.57E-05 003.7 040.9 -59.7 0.087664 0.145318 0.017499 hargrave 2017-10-17 11:42:55 
TT 350 073.6 -58.3 077.8 -66.4 2.59E-05 004.6 042.9 -60.4 0.115089 0.176610 0.026456 hargrave 2017-10-18 09:49:21 
TT 400 072.4 -57.3 076.2 -65.5 2.56E-05 003.6 045.1 -60.1 0.091132 0.136681 0.017788 hargrave 2017-10-20 17:24:55 
TT 450 075.7 -59.3 080.9 -67.3 2.55E-05 003.0 040.2 -61.1 0.063075 0.121380 0.018702 hargrave 2017-10-23 12:05:22 
TT 475 076.4 -59.7 082.0 -67.6 2.53E-05 003.9 039.2 -61.4 0.097450 0.147800 0.014164 hargrave 2017-10-24 09:30:06 
TT 500 076.4 -58.6 081.7 -66.6 2.50E-05 004.0 041.4 -61.7 0.102653 0.146246 0.016595 hargrave 2017-10-25 09:06:57 
TT 525 078.7 -60.6 085.2 -68.5 2.49E-05 003.1 036.4 -62.0 0.079539 0.109782 0.039827 hargrave 2017-10-26 19:38:23 
TT 550 077.9 -60.0 084.0 -67.8 2.46E-05 005.3 038.0 -61.9 0.110345 0.196893 0.048164 hargrave 2017-10-27 17:32:08 
TT 555 079.6 -59.6 086.1 -67.3 2.39E-05 003.7 038.1 -62.9 0.117542 0.107526 0.060083 hargrave 2017-10-28 19:54:20 
TT 560 077.0 -59.4 082.7 -67.3 2.34E-05 004.1 039.6 -61.8 0.088409 0.137737 0.043469 hargrave 2017-11-03 15:42:45 
TT 565 076.5 -59.3 082.0 -67.3 2.31E-05 004.1 039.8 -61.5 0.084636 0.138749 0.040970 hargrave 2017-11-05 14:33:59 
TT 570 076.8 -58.8 082.2 -66.8 2.32E-05 003.8 040.7 -61.9 0.080576 0.127444 0.043594 hargrave 2017-11-09 12:07:12 
TT 575 078.0 -59.4 084.0 -67.3 2.30E-05 004.5 039.1 -62.2 0.110840 0.144445 0.037012 hargrave 2017-11-09 20:56:31 
TT 580 076.6 -59.6 082.2 -67.6 2.28E-05 004.1 039.3 -61.5 0.088784 0.131602 0.040508 hargrave 2017-11-14 16:44:25 
TT 600 079.6 -59.9 086.2 -67.7 2.35E-05 003.4 037.3 -62.7 0.087226 0.112328 0.036873 hargrave 2017-11-17 15:57:07 
TT 620 079.0 -59.1 085.1 -66.9 2.30E-05 003.0 039.4 -62.8 0.066511 0.100584 0.024573 hargrave 2017-11-19 15:15:02 
TT 630 079.9 -59.5 086.4 -67.2 2.29E-05 003.4 038.1 -63.0 0.069255 0.119395 0.021801 hargrave 2017-11-21 14:28:00 
TT 640 081.3 -60.2 088.5 -67.9 2.26E-05 003.6 035.9 -63.3 0.086366 0.115542 0.020632 hargrave 2017-11-27 13:46:37 
TT 645 080.8 -60.2 087.9 -67.9 2.24E-05 003.6 036.2 -63.2 0.078296 0.121656 0.020067 hargrave 2017-11-28 12:40:37 
TT 650 082.6 -60.6 090.4 -68.2 2.27E-05 003.3 034.5 -63.7 0.056467 0.114303 0.046327 hargrave 2017-12-08 18:22:22 
TT 655 080.4 -59.9 087.2 -67.6 2.26E-05 003.1 037.0 -63.1 0.073718 0.098250 0.027506 hargrave 2017-12-11 19:05:10 
TT 660 082.8 -61.8 091.1 -69.3 2.22E-05 002.1 032.2 -63.2 0.041897 0.068396 0.020295 hargrave 2017-12-12 19:45:31 
TT 665 081.1 -60.8 088.4 -68.4 2.16E-05 003.5 035.0 -63.0 0.079360 0.105067 0.021846 hargrave 2018-01-08 18:21:14 
TT 670 084.0 -61.8 092.7 -69.3 2.12E-05 003.0 031.4 -63.6 0.062997 0.088706 0.027455 hargrave 2018-01-11 10:26:39 
TT 672 083.3 -61.4 091.7 -68.9 2.10E-05 002.7 032.5 -63.6 0.057262 0.079206 0.019240 hargrave 2018-01-12 10:23:28 
TT 674 089.4 -61.8 099.8 -68.8 2.00E-05 003.2 027.6 -65.6 0.068051 0.089792 0.019930 hargrave 2018-01-16 17:30:29 
TT 676 087.4 -62.0 097.2 -69.1 1.83E-05 003.4 028.8 -64.8 0.070579 0.085084 0.014225 hargrave 2018-01-17 17:31:53 
TT 678 096.9 -60.1 108.1 -66.3 1.35E-05 003.5 023.5 -69.3 0.048680 0.066300 0.015355 hargrave 2018-01-24 14:15:08 
TT 680 079.0 -63.1 086.7 -70.9 8.29E-06 004.0 031.6 -61.0 0.048298 0.038501 0.020761 hargrave 2018-01-27 11:03:25 
TT 682 094.6 -51.4 102.0 -58.0 3.85E-06 003.5 047.1 -74.2 0.017805 0.016132 0.016101 hargrave 2018-01-31 18:42:04 
TT 684 044.0 -34.5 042.0 -42.5 2.22E-06 006.9 073.7 -36.5 0.025174 0.009153 0.005484 hargrave 2018-02-05 21:16:31 
TT 686 156.6  03.3 156.0  04.2 1.29E-06 004.8 232.3 -30.1 0.004805 0.004853 0.010423 hargrave 2018-02-12 12:02:48 
TT 688 100.7  04.3 100.6 -02.1 8.47E-07 005.6 162.9 -42.3 0.003105 0.004384 0.008495 hargrave 2018-02-26 12:19:01 
