TR042 -Ba mag compass orientation (IGRF corrected)
   0.14  25.3  56.0 330.2   8.4   1.0
NRM    099.1 -63.7 113.2 -69.6 5.19E-05 002.3 013.7 -58.6 0.130017 0.151557 0.074595 hargrave 2017-10-13 20:39:44 
TT 100 114.2 -62.7 130.0 -66.7 5.67E-05 002.0 001.0 -61.3 0.137301 0.118384 0.089187 hargrave 2017-10-15 20:33:03 
TT 200 119.7 -62.9 136.0 -66.1 5.71E-05 002.3 355.9 -61.0 0.112860 0.193528 0.077472 hargrave 2017-10-16 14:45:12 
TT 300 117.9 -62.9 134.2 -66.4 5.67E-05 002.4 357.5 -61.0 0.135717 0.179873 0.088585 hargrave 2017-10-17 11:34:52 
TT 350 116.4 -62.5 132.3 -66.2 5.71E-05 002.1 358.9 -61.5 0.126224 0.140542 0.124307 hargrave 2017-10-18 09:41:24 
TT 400 118.9 -62.8 135.1 -66.1 5.68E-05 002.3 356.6 -61.1 0.123400 0.181615 0.074957 hargrave 2017-10-20 17:16:55 
TT 450 120.4 -62.9 136.8 -66.0 5.64E-05 002.2 355.2 -60.9 0.084441 0.199794 0.059140 hargrave 2017-10-23 11:56:44 
TT 475 119.0 -62.9 135.3 -66.2 5.59E-05 003.5 356.5 -61.0 0.109631 0.315381 0.061186 hargrave 2017-10-24 09:21:30 
TT 500 121.7 -62.6 137.9 -65.5 5.53E-05 002.6 353.9 -61.1 0.122060 0.212376 0.075237 hargrave 2017-10-25 08:58:58 
TT 525 122.9 -62.8 139.4 -65.6 5.47E-05 002.5 352.9 -60.8 0.114781 0.200901 0.073951 hargrave 2017-10-26 19:29:23 
TT 550 125.9 -62.0 141.9 -64.4 5.34E-05 002.1 349.7 -61.2 0.100613 0.163608 0.066125 hargrave 2017-10-27 17:24:00 
TT 555 124.2 -61.6 140.0 -64.3 5.14E-05 002.8 351.0 -61.8 0.181183 0.179969 0.070150 hargrave 2017-10-28 19:47:39 
TT 560 124.6 -62.8 141.2 -65.3 4.98E-05 003.1 351.3 -60.7 0.130410 0.230295 0.078091 hargrave 2017-11-03 15:34:09 
TT 565 124.2 -62.7 140.7 -65.3 4.88E-05 003.4 351.6 -60.8 0.134500 0.246721 0.086844 hargrave 2017-11-05 14:25:25 
TT 570 124.9 -62.6 141.3 -65.1 4.86E-05 003.4 351.0 -60.8 0.125461 0.248108 0.074936 hargrave 2017-11-09 11:58:39 
TT 575 125.5 -62.7 142.0 -65.1 4.79E-05 003.0 350.5 -60.6 0.154116 0.187225 0.085951 hargrave 2017-11-09 20:48:32 
TT 580 125.4 -62.2 141.6 -64.7 4.74E-05 003.2 350.3 -61.0 0.136099 0.208679 0.081325 hargrave 2017-11-14 16:35:51 
TT 600 125.8 -62.0 141.9 -64.4 4.90E-05 002.5 349.8 -61.2 0.137872 0.155589 0.077268 hargrave 2017-11-17 15:48:36 
TT 620 126.2 -62.1 142.3 -64.4 4.86E-05 003.2 349.4 -61.1 0.096159 0.255568 0.044773 hargrave 2017-11-19 15:06:29 
TT 630 127.1 -62.3 143.4 -64.5 4.85E-05 003.0 348.8 -60.7 0.100616 0.229842 0.052816 hargrave 2017-11-21 14:19:14 
TT 640 126.7 -62.3 143.0 -64.6 4.83E-05 002.7 349.2 -60.8 0.139518 0.172196 0.082281 hargrave 2017-11-27 13:37:53 
TT 645 126.3 -62.5 142.7 -64.8 4.81E-05 002.6 349.7 -60.7 0.140378 0.150215 0.085982 hargrave 2017-11-28 12:31:54 
TT 650 127.0 -62.0 143.1 -64.2 4.90E-05 002.3 348.6 -61.0 0.085953 0.175979 0.068584 hargrave 2017-12-08 18:14:03 
TT 655 126.7 -61.9 142.7 -64.2 4.86E-05 001.5 348.9 -61.2 0.101078 0.058884 0.069272 hargrave 2017-12-11 18:56:47 
TT 660 123.3 -62.5 139.6 -65.2 4.82E-05 002.6 352.4 -61.1 0.142610 0.159175 0.067100 hargrave 2017-12-12 19:37:09 
TT 665 129.5 -61.7 145.5 -63.6 4.75E-05 002.0 346.2 -60.8 0.115973 0.100981 0.071364 hargrave 2018-01-08 18:12:41 
TT 670 127.3 -62.0 143.4 -64.2 4.64E-05 002.4 348.4 -61.0 0.083344 0.167442 0.056762 hargrave 2018-01-11 10:18:06 
TT 672 126.9 -61.8 142.8 -64.0 4.46E-05 002.3 348.6 -61.2 0.111743 0.124887 0.068960 hargrave 2018-01-12 10:14:56 
TT 674 129.0 -61.8 144.9 -63.7 3.90E-05 002.5 346.7 -60.9 0.115146 0.113031 0.065961 hargrave 2018-01-16 17:21:51 
TT 676 126.9 -62.5 143.4 -64.7 2.95E-05 002.2 349.1 -60.5 0.074630 0.074415 0.045888 hargrave 2018-01-17 17:23:08 
TT 678 129.6 -61.8 145.7 -63.7 1.05E-05 003.4 346.2 -60.7 0.053411 0.019979 0.029064 hargrave 2018-01-24 14:07:36 
TT 680 135.1 -64.1 152.8 -65.0 6.11E-06 003.7 344.0 -57.5 0.017102 0.031785 0.017625 hargrave 2018-01-27 10:54:42 
TT 682 119.2 -56.7 131.7 -60.3 4.72E-06 004.6 354.5 -67.1 0.014835 0.033941 0.009708 hargrave 2018-01-31 18:33:38 
TT 684 130.7  04.3 130.3  01.5 6.93E-07 004.9 203.8 -49.0 0.006931 0.003173 0.007399 hargrave 2018-02-05 21:08:00 
TT 686 161.0  11.9 159.1  13.3 1.49E-06 002.7 231.7 -26.9 0.006012 0.006358 0.007873 hargrave 2018-02-12 11:54:16 
TT 688 033.8  21.8 035.0  14.2 1.53E-06 003.0 112.7  05.4 0.004804 0.003982 0.006563 hargrave 2018-02-26 12:09:15 
