TR042 -Ta mag compass orientation (IGRF corrected)
   0.41   8.3  51.0 330.2   8.4   1.0
NRM    251.0 -73.1 247.6 -64.8 6.90E-05 003.3 351.6 -23.7 0.151103 0.350274 0.124773 hargrave 2017-10-13 21:00:36 
TT 100 240.3 -73.4 240.3 -65.0 7.17E-05 002.6 348.8 -25.4 0.181523 0.243070 0.161492 hargrave 2017-10-15 20:52:43 
TT 200 243.8 -73.5 242.6 -65.1 7.18E-05 001.8 349.8 -25.0 0.137218 0.118017 0.151730 hargrave 2017-10-16 15:05:11 
TT 300 237.6 -72.5 238.4 -64.1 7.17E-05 001.3 347.5 -25.1 0.118687 0.079626 0.124553 hargrave 2017-10-17 11:54:38 
TT 350 241.3 -73.2 241.0 -64.8 7.18E-05 002.3 348.9 -25.0 0.151271 0.233194 0.112485 hargrave 2017-10-18 10:00:57 
TT 400 239.1 -72.8 239.4 -64.4 7.15E-05 001.6 348.1 -25.0 0.128331 0.122664 0.120672 hargrave 2017-10-20 17:36:41 
TT 450 239.0 -72.9 239.4 -64.5 7.12E-05 001.7 348.1 -25.1 0.136139 0.135937 0.116180 hargrave 2017-10-23 12:16:55 
TT 475 234.1 -71.9 236.0 -63.5 7.08E-05 002.0 346.2 -25.2 0.130272 0.200299 0.093813 hargrave 2017-10-24 09:40:57 
TT 500 239.1 -72.9 239.5 -64.5 7.01E-05 001.9 348.2 -25.2 0.128521 0.179671 0.095914 hargrave 2017-10-25 09:17:16 
TT 525 234.6 -72.0 236.3 -63.6 6.93E-05 001.9 346.3 -25.1 0.142037 0.171057 0.101728 hargrave 2017-10-26 19:50:12 
TT 550 233.1 -71.6 235.2 -63.2 6.77E-05 004.0 345.7 -25.1 0.165891 0.441961 0.094329 hargrave 2017-10-27 17:43:11 
TT 555 227.6 -70.7 231.2 -62.5 6.62E-05 001.3 343.5 -25.6 0.091486 0.096320 0.143006 hargrave 2017-10-28 20:03:00 
TT 560 244.8 -73.5 243.3 -65.1 6.40E-05 004.3 350.1 -24.8 0.193790 0.414930 0.165920 hargrave 2017-11-03 15:53:40 
TT 565 242.1 -72.9 241.5 -64.5 6.28E-05 005.4 349.0 -24.7 0.233115 0.520962 0.166276 hargrave 2017-11-05 14:44:50 
TT 570 235.6 -71.3 237.0 -63.0 6.27E-05 002.4 346.2 -24.4 0.160509 0.158245 0.155229 hargrave 2017-11-09 12:18:11 
TT 575 235.7 -71.3 237.0 -62.9 6.20E-05 003.3 346.2 -24.3 0.160551 0.302886 0.140722 hargrave 2017-11-09 21:06:41 
TT 580 238.2 -71.9 238.8 -63.5 6.15E-05 002.1 347.3 -24.5 0.136303 0.084142 0.171998 hargrave 2017-11-14 16:56:03 
TT 600 239.1 -72.0 239.4 -63.6 6.29E-05 002.6 347.6 -24.3 0.128830 0.252395 0.089814 hargrave 2017-11-17 16:08:42 
TT 620 242.1 -72.7 241.5 -64.3 6.21E-05 002.2 348.9 -24.5 0.128167 0.174110 0.123121 hargrave 2017-11-19 15:25:47 
TT 630 237.0 -71.7 238.0 -63.3 6.23E-05 001.6 346.9 -24.5 0.115766 0.076224 0.123967 hargrave 2017-11-21 14:38:43 
TT 640 233.4 -70.9 235.3 -62.6 6.22E-05 001.1 345.3 -24.5 0.089935 0.062274 0.085697 hargrave 2017-11-27 13:57:30 
TT 645 228.2 -69.6 231.5 -61.3 6.19E-05 002.1 342.9 -24.6 0.138927 0.170285 0.088477 hargrave 2017-11-28 12:51:28 
TT 650 237.5 -72.5 238.3 -64.1 6.32E-05 002.1 347.5 -25.0 0.148119 0.108449 0.160887 hargrave 2017-12-08 18:32:46 
TT 655 231.2 -71.2 233.9 -62.9 6.31E-05 002.1 344.9 -25.2 0.117054 0.185262 0.090138 hargrave 2017-12-11 19:15:43 
TT 660 231.6 -71.2 234.1 -62.9 6.32E-05 001.9 345.0 -25.1 0.107760 0.165432 0.075596 hargrave 2017-12-12 19:57:33 
TT 665 229.6 -71.3 232.7 -63.0 6.25E-05 002.4 344.5 -25.6 0.133583 0.203627 0.103379 hargrave 2018-01-08 18:32:53 
TT 670 226.8 -71.1 230.7 -62.8 6.30E-05 002.7 343.6 -26.0 0.171552 0.207240 0.138176 hargrave 2018-01-11 10:38:06 
TT 672 228.8 -71.8 232.3 -63.5 6.30E-05 002.2 344.7 -26.1 0.137317 0.182104 0.103816 hargrave 2018-01-12 10:34:55 
TT 674 223.2 -70.6 228.1 -62.4 6.27E-05 002.6 342.2 -26.4 0.150623 0.227670 0.102549 hargrave 2018-01-16 17:42:53 
TT 676 220.5 -70.3 226.1 -62.3 6.11E-05 002.1 341.4 -26.9 0.142573 0.164178 0.103640 hargrave 2018-01-17 17:44:26 
TT 678 216.2 -69.4 222.7 -61.5 5.51E-05 002.2 339.4 -27.4 0.099518 0.158724 0.102052 hargrave 2018-01-24 14:23:54 
TT 680 214.7 -69.6 221.7 -61.8 3.86E-05 003.5 339.3 -28.0 0.114450 0.200653 0.068814 hargrave 2018-01-27 11:14:08 
TT 682 211.1 -70.2 219.3 -62.6 2.10E-05 003.4 339.0 -29.3 0.069858 0.101367 0.041451 hargrave 2018-01-31 18:53:30 
TT 684 238.1 -72.4 238.8 -64.0 6.55E-06 005.0 347.6 -24.8 0.018775 0.052679 0.018949 hargrave 2018-02-05 21:28:50 
TT 686 241.1 -76.7 240.8 -68.3 2.53E-06 004.5 351.0 -28.1 0.007175 0.017369 0.008262 hargrave 2018-02-12 12:13:24 
TT 688 227.3 -53.4 229.3 -45.2 6.15E-07 003.9 331.7 -12.3 0.002738 0.002514 0.002539 hargrave 2018-02-26 12:27:40 
