TR042 -Ca mag compass orientation (IGRF corrected)
   0.32  23.3  59.0 330.2   8.4   1.0
NRM    036.5 -57.7 029.4 -65.2 2.36E-05 003.7 038.1 -32.7 0.091203 0.129018 0.039390 hargrave 2017-10-13 20:41:24 
TT 100 046.3 -62.2 040.8 -70.3 2.42E-05 003.2 032.8 -37.7 0.083896 0.105924 0.043456 hargrave 2017-10-15 20:34:14 
TT 200 046.0 -61.8 040.6 -69.8 2.45E-05 002.3 033.4 -37.6 0.073968 0.071769 0.039974 hargrave 2017-10-16 14:46:36 
TT 300 046.6 -61.5 041.4 -69.6 2.44E-05 002.7 033.7 -37.9 0.079033 0.094718 0.044740 hargrave 2017-10-17 11:36:16 
TT 350 047.9 -62.4 042.9 -70.6 2.46E-05 002.3 032.5 -38.4 0.078989 0.067900 0.056479 hargrave 2017-10-18 09:42:47 
TT 400 046.7 -60.4 041.9 -68.5 2.44E-05 001.8 035.1 -38.0 0.054205 0.054745 0.033606 hargrave 2017-10-20 17:18:19 
TT 450 047.5 -61.4 042.7 -69.5 2.42E-05 002.4 033.8 -38.3 0.062018 0.085300 0.033601 hargrave 2017-10-23 11:58:14 
TT 475 047.4 -60.6 042.8 -68.7 2.40E-05 002.5 034.9 -38.4 0.077971 0.080442 0.033673 hargrave 2017-10-24 09:22:59 
TT 500 048.5 -61.3 044.1 -69.5 2.37E-05 002.8 033.9 -38.9 0.071696 0.094375 0.037744 hargrave 2017-10-25 09:00:21 
TT 525 048.4 -61.3 044.0 -69.4 2.35E-05 002.9 033.9 -38.8 0.069758 0.099878 0.021523 hargrave 2017-10-26 19:30:47 
TT 550 048.3 -62.4 043.6 -70.5 2.32E-05 002.9 032.5 -38.6 0.074926 0.098630 0.020896 hargrave 2017-10-27 17:25:28 
TT 555 048.8 -60.1 044.8 -68.3 2.26E-05 002.2 035.4 -39.1 0.072953 0.058767 0.036371 hargrave 2017-10-28 19:48:49 
TT 560 045.8 -60.3 040.6 -68.3 2.22E-05 003.0 035.3 -37.6 0.081811 0.087275 0.039736 hargrave 2017-11-03 15:35:38 
TT 565 045.3 -60.7 039.9 -68.7 2.19E-05 004.1 034.8 -37.3 0.094035 0.126803 0.040532 hargrave 2017-11-05 14:26:55 
TT 570 045.7 -60.2 040.6 -68.3 2.19E-05 002.6 035.4 -37.5 0.077900 0.064119 0.040191 hargrave 2017-11-09 12:00:08 
TT 575 045.1 -61.5 039.4 -69.5 2.16E-05 002.7 033.7 -37.2 0.077278 0.075848 0.037855 hargrave 2017-11-09 20:49:55 
TT 580 043.8 -60.9 037.8 -68.9 2.14E-05 003.0 034.5 -36.6 0.073528 0.090484 0.041437 hargrave 2017-11-14 16:37:20 
TT 600 044.5 -60.9 038.8 -68.9 2.19E-05 002.6 034.5 -36.9 0.079650 0.080046 0.016020 hargrave 2017-11-17 15:50:06 
TT 620 044.0 -61.3 038.0 -69.2 2.11E-05 003.8 034.1 -36.7 0.080374 0.122018 0.023877 hargrave 2017-11-19 15:07:58 
TT 630 044.6 -62.2 038.6 -70.2 2.10E-05 002.1 032.9 -36.9 0.061685 0.063149 0.021508 hargrave 2017-11-21 14:20:46 
TT 640 043.8 -61.0 037.9 -69.0 2.09E-05 002.5 034.4 -36.6 0.072896 0.076329 0.016595 hargrave 2017-11-27 13:39:29 
TT 645 044.2 -61.7 038.2 -69.6 2.07E-05 002.2 033.6 -36.8 0.070654 0.066087 0.016742 hargrave 2017-11-28 12:33:24 
TT 650 044.3 -61.1 038.4 -69.0 2.07E-05 002.9 034.3 -36.8 0.051236 0.090438 0.038277 hargrave 2017-12-08 18:15:30 
TT 655 044.0 -62.9 037.4 -70.8 2.06E-05 002.1 032.1 -36.6 0.053866 0.066166 0.024443 hargrave 2017-12-11 18:58:14 
TT 660 046.0 -62.8 040.3 -70.9 2.03E-05 001.3 032.1 -37.6 0.044092 0.034872 0.016820 hargrave 2017-12-12 19:38:36 
TT 665 044.5 -62.5 038.3 -70.5 2.03E-05 002.6 032.5 -36.9 0.075264 0.077128 0.020625 hargrave 2018-01-08 18:14:11 
TT 670 052.9 -65.6 049.2 -73.9 1.93E-05 002.4 027.9 -40.1 0.062851 0.059675 0.025773 hargrave 2018-01-11 10:19:35 
TT 672 056.7 -64.3 055.1 -72.7 1.85E-05 002.1 029.1 -42.0 0.052627 0.047479 0.021051 hargrave 2018-01-12 10:16:25 
TT 674 067.0 -66.6 070.6 -74.9 1.66E-05 002.7 024.0 -45.0 0.060649 0.059551 0.021383 hargrave 2018-01-16 17:23:24 
TT 676 065.6 -63.6 068.0 -72.0 1.34E-05 002.1 028.1 -45.9 0.041235 0.038244 0.018216 hargrave 2018-01-17 17:24:38 
TT 678 087.7 -65.4 099.8 -72.4 5.07E-06 002.0 017.1 -52.2 0.013481 0.009833 0.011456 hargrave 2018-01-24 14:08:47 
TT 680 046.1 -36.0 044.2 -44.1 2.80E-06 003.3 065.3 -34.8 0.011079 0.009367 0.012647 hargrave 2018-01-27 10:56:12 
TT 682 086.5 -30.0 089.1 -37.5 1.71E-06 003.9 085.4 -66.9 0.006050 0.008344 0.006552 hargrave 2018-01-31 18:35:07 
TT 684 039.6  44.9 042.1  37.0 9.54E-07 007.5 136.2  11.1 0.005122 0.008840 0.008568 hargrave 2018-02-05 21:09:28 
TT 686 213.9  01.4 213.5  08.9 1.64E-06 003.5 274.3  09.8 0.005166 0.007725 0.007413 hargrave 2018-02-12 11:55:45 
TT 688 133.7  67.9 116.4  64.3 1.04E-06 004.9 187.6  10.1 0.003846 0.004002 0.007527 hargrave 2018-02-26 12:10:26 
