TR042 -Ka mag compass orientation (IGRF corrected)
   0.55  31.3  57.0 330.2   8.4   1.0
NRM    067.2 -24.8 067.8 -33.1 8.16E-06 005.8 085.3 -42.4 0.078093 0.028282 0.034210 hargrave 2017-10-13 20:54:11 
TT 100 082.8 -42.3 086.5 -49.9 9.10E-06 006.3 061.7 -58.5 0.091086 0.038212 0.040002 hargrave 2017-10-15 20:47:48 
TT 200 084.6 -42.5 088.5 -50.0 9.33E-06 004.5 060.9 -59.7 0.063738 0.034080 0.034560 hargrave 2017-10-16 14:59:25 
TT 300 087.2 -43.9 091.7 -51.2 9.52E-06 005.4 057.6 -61.4 0.079671 0.038304 0.043959 hargrave 2017-10-17 11:47:28 
TT 350 089.0 -43.8 093.7 -51.0 9.73E-06 004.3 057.2 -62.7 0.059804 0.033005 0.055535 hargrave 2017-10-18 09:53:51 
TT 400 089.4 -42.6 094.0 -49.8 9.76E-06 002.6 059.6 -63.2 0.030482 0.034790 0.016750 hargrave 2017-10-20 17:29:27 
TT 450 091.1 -44.0 096.2 -51.0 9.55E-06 003.9 056.0 -64.1 0.057163 0.029652 0.034468 hargrave 2017-10-23 12:10:10 
TT 475 091.7 -44.9 097.1 -51.9 9.60E-06 004.2 053.7 -64.3 0.061878 0.032505 0.038035 hargrave 2017-10-24 09:34:55 
TT 500 092.6 -45.1 098.1 -52.0 9.54E-06 004.0 052.8 -64.8 0.058674 0.030144 0.038969 hargrave 2017-10-25 09:11:38 
TT 525 092.7 -44.6 098.1 -51.5 9.53E-06 003.5 053.8 -65.0 0.056542 0.028651 0.020058 hargrave 2017-10-26 19:43:44 
TT 550 094.0 -44.0 099.5 -50.8 9.52E-06 004.7 054.6 -66.1 0.072846 0.037373 0.019674 hargrave 2017-10-27 17:37:32 
TT 555 096.4 -44.2 102.2 -50.8 9.35E-06 003.1 052.5 -67.7 0.052144 0.019360 0.025569 hargrave 2017-10-28 19:58:12 
TT 560 096.8 -45.2 102.8 -51.7 9.07E-06 004.4 049.9 -67.5 0.064391 0.035546 0.014965 hargrave 2017-11-03 15:47:35 
TT 565 096.8 -43.6 102.5 -50.1 8.96E-06 004.1 053.8 -68.2 0.056803 0.035620 0.017281 hargrave 2017-11-05 14:38:49 
TT 570 097.9 -44.9 104.0 -51.3 8.92E-06 004.1 049.7 -68.3 0.055831 0.036120 0.016337 hargrave 2017-11-09 12:12:08 
TT 575 098.2 -43.5 104.0 -49.9 8.89E-06 005.8 053.1 -69.1 0.083478 0.041999 0.018329 hargrave 2017-11-09 21:01:03 
TT 580 097.9 -45.1 104.0 -51.5 8.69E-06 004.0 049.3 -68.3 0.055077 0.034658 0.016788 hargrave 2017-11-14 16:49:14 
TT 600 099.6 -45.4 106.1 -51.6 9.06E-06 004.9 047.0 -69.3 0.070869 0.038944 0.023442 hargrave 2017-11-17 16:01:55 
TT 620 100.7 -44.9 107.1 -51.0 9.00E-06 003.9 047.3 -70.1 0.056158 0.030482 0.018959 hargrave 2017-11-19 15:19:50 
TT 630 101.1 -45.0 107.6 -51.0 9.04E-06 003.3 046.5 -70.3 0.049269 0.027700 0.019381 hargrave 2017-11-21 14:32:47 
TT 640 102.3 -45.1 108.9 -51.0 8.97E-06 004.3 044.9 -71.0 0.063443 0.031045 0.022538 hargrave 2017-11-27 13:51:27 
TT 645 102.2 -44.8 108.8 -50.7 9.04E-06 003.7 045.8 -71.1 0.057141 0.026737 0.021867 hargrave 2017-11-28 12:45:28 
TT 650 102.9 -45.1 109.6 -51.0 9.08E-06 003.0 044.1 -71.3 0.038052 0.029653 0.019933 hargrave 2017-12-08 18:27:04 
TT 655 100.2 -43.5 106.3 -49.7 9.10E-06 002.7 051.2 -70.5 0.031029 0.034424 0.020253 hargrave 2017-12-11 19:09:55 
TT 660 102.6 -44.6 109.2 -50.5 9.23E-06 003.2 045.8 -71.4 0.049548 0.024508 0.021218 hargrave 2017-12-12 19:50:15 
TT 665 102.9 -44.5 109.5 -50.3 9.20E-06 003.9 045.8 -71.7 0.054771 0.031883 0.021840 hargrave 2018-01-08 18:26:04 
TT 670 107.6 -43.6 114.4 -49.0 9.01E-06 003.4 041.3 -74.9 0.047687 0.030430 0.018555 hargrave 2018-01-11 10:31:28 
TT 672 107.1 -44.1 114.0 -49.5 9.05E-06 003.5 040.6 -74.3 0.047970 0.028609 0.020722 hargrave 2018-01-12 10:28:18 
TT 674 106.6 -41.8 112.9 -47.2 8.98E-06 003.7 048.8 -75.4 0.050349 0.029883 0.021106 hargrave 2018-01-16 17:35:23 
TT 676 108.2 -43.5 115.0 -48.8 8.21E-06 003.8 040.5 -75.3 0.044872 0.033113 0.020184 hargrave 2018-01-17 17:36:48 
TT 678 121.2 -42.8 128.7 -46.4 6.87E-06 002.3 000.4 -80.2 0.024075 0.015351 0.022079 hargrave 2018-01-24 14:19:07 
TT 680 115.7 -43.2 123.0 -47.5 5.57E-06 003.3 021.8 -78.9 0.032418 0.013253 0.022756 hargrave 2018-01-27 11:08:19 
TT 682 127.6 -20.6 130.8 -23.6 3.04E-06 002.6 205.8 -76.4 0.012115 0.008293 0.005622 hargrave 2018-01-31 18:46:52 
TT 684 069.6 -07.9 069.9 -16.2 1.19E-06 009.3 105.7 -36.1 0.018645 0.005354 0.005437 hargrave 2018-02-05 21:21:19 
TT 684 070.8 -08.0 071.1 -16.2 1.19E-06 006.2 106.5 -37.1 0.011907 0.004578 0.005666 hargrave 2018-02-06 13:11:31 
TT 686 126.3  39.9 120.4  36.1 4.51E-07 010.8 184.0 -17.0 0.004424 0.008115 0.002231 hargrave 2018-02-12 12:07:36 
TT 686 128.9  40.0 122.8  36.5 4.51E-07 010.1 186.1 -16.7 0.003317 0.007620 0.002062 hargrave 2018-02-12 15:43:18 
TT 686 127.2  40.8 121.1  37.1 4.54E-07 007.9 184.6 -16.0 0.003888 0.005790 0.002313 hargrave 2018-02-12 18:09:28 
TT 688 187.5  02.1 187.0  07.2 5.88E-07 004.0 254.7 -18.5 0.001605 0.001507 0.003814 hargrave 2018-02-26 12:22:57 
