TR042 -Ja mag compass orientation (IGRF corrected)
   0.49  33.3  40.0 330.2   8.4   1.0
NRM    053.7 -12.3 053.4 -20.6 3.85E-05 001.8 097.7 -22.5 0.049303 0.088659 0.084054 hargrave 2017-10-13 20:52:17 
TT 100 056.8 -24.1 056.5 -32.5 3.52E-05 023.2 091.1 -33.1 1.347176 0.693247 0.051578 hargrave 2017-10-15 20:46:18 
TT 100 057.0 -19.7 056.8 -28.1 3.76E-05 002.7 094.8 -30.1 0.147738 0.064650 0.085053 hargrave 2017-10-15 21:39:51 
TT 200 055.4 -22.1 055.1 -30.5 3.75E-05 003.1 091.7 -30.9 0.185543 0.074370 0.062943 hargrave 2017-10-16 14:57:38 
TT 300 057.4 -21.6 057.2 -30.0 3.71E-05 004.2 093.7 -31.8 0.260074 0.068300 0.060795 hargrave 2017-10-17 11:45:46 
TT 350 058.0 -22.0 057.8 -30.4 3.72E-05 003.6 093.8 -32.4 0.229169 0.063251 0.046656 hargrave 2017-10-18 09:52:10 
TT 400 056.4 -24.2 056.1 -32.6 3.69E-05 006.0 090.7 -33.0 0.379960 0.070327 0.067614 hargrave 2017-10-20 17:27:45 
TT 450 057.8 -23.5 057.6 -31.9 3.64E-05 001.7 092.4 -33.4 0.081109 0.066428 0.050823 hargrave 2017-10-23 12:08:23 
TT 475 059.7 -22.9 059.7 -31.3 3.59E-05 003.1 094.4 -34.2 0.179673 0.060763 0.055353 hargrave 2017-10-24 09:33:08 
TT 500 058.4 -24.9 058.2 -33.3 3.55E-05 003.0 091.6 -34.7 0.170447 0.079400 0.053183 hargrave 2017-10-25 09:09:56 
TT 525 059.1 -24.7 059.0 -33.1 3.51E-05 002.2 092.4 -35.1 0.087659 0.078663 0.075806 hargrave 2017-10-26 19:42:02 
TT 550 059.5 -24.3 059.5 -32.7 3.44E-05 001.9 093.1 -35.0 0.063757 0.084155 0.072669 hargrave 2017-10-27 17:35:49 
TT 555 058.1 -25.4 058.0 -33.8 3.31E-05 003.1 091.0 -35.0 0.150966 0.054156 0.107852 hargrave 2017-10-28 19:56:43 
TT 560 059.1 -24.0 059.0 -32.4 3.24E-05 003.1 093.0 -34.6 0.111617 0.080363 0.107049 hargrave 2017-11-03 15:45:47 
TT 565 059.7 -23.5 059.6 -31.9 3.18E-05 004.6 093.9 -34.5 0.214246 0.080544 0.114748 hargrave 2017-11-05 14:37:01 
TT 570 060.4 -23.3 060.5 -31.7 3.16E-05 004.4 094.7 -34.9 0.208300 0.072698 0.101356 hargrave 2017-11-09 12:10:16 
TT 575 059.0 -24.2 059.0 -32.6 3.13E-05 004.7 092.8 -34.7 0.221138 0.083532 0.113286 hargrave 2017-11-09 20:59:21 
TT 580 058.3 -23.9 058.2 -32.3 3.10E-05 004.0 092.5 -33.9 0.168320 0.087870 0.108835 hargrave 2017-11-14 16:47:26 
TT 600 060.4 -24.3 060.4 -32.7 3.19E-05 002.6 093.8 -35.6 0.112777 0.066008 0.071079 hargrave 2017-11-17 16:00:08 
TT 620 061.6 -23.9 061.7 -32.3 3.14E-05 002.2 095.1 -36.1 0.068530 0.078527 0.073007 hargrave 2017-11-19 15:18:02 
TT 630 061.4 -25.3 061.5 -33.7 3.12E-05 002.7 093.7 -36.9 0.114581 0.064897 0.065677 hargrave 2017-11-21 14:31:00 
TT 640 061.8 -26.3 061.9 -34.7 3.09E-05 003.6 093.1 -37.9 0.177523 0.060627 0.063030 hargrave 2017-11-27 13:49:38 
TT 645 062.0 -26.8 062.2 -35.2 3.09E-05 002.8 092.8 -38.4 0.123477 0.065025 0.063363 hargrave 2017-11-28 12:43:40 
TT 650 061.9 -28.1 062.1 -36.5 3.13E-05 003.4 091.5 -39.2 0.158561 0.073538 0.071174 hargrave 2017-12-08 18:25:18 
TT 655 062.7 -28.7 062.9 -37.1 3.14E-05 002.3 091.6 -40.1 0.099947 0.064364 0.056981 hargrave 2017-12-11 19:08:09 
TT 660 064.7 -29.8 065.2 -38.2 3.12E-05 002.0 092.1 -42.2 0.080535 0.065367 0.052488 hargrave 2017-12-12 19:48:29 
TT 665 066.0 -31.9 066.6 -40.3 3.06E-05 003.2 090.9 -44.4 0.141721 0.071879 0.067586 hargrave 2018-01-08 18:24:16 
TT 670 068.8 -37.0 070.0 -45.3 3.05E-05 003.5 087.2 -49.4 0.161502 0.077614 0.067558 hargrave 2018-01-11 10:29:41 
TT 672 070.4 -40.4 071.9 -48.7 3.06E-05 002.3 083.9 -52.3 0.079034 0.076588 0.058464 hargrave 2018-01-12 10:26:31 
TT 674 075.2 -42.0 077.6 -50.0 3.03E-05 003.2 084.9 -56.2 0.153357 0.056601 0.056734 hargrave 2018-01-16 17:33:32 
TT 676 079.1 -44.3 082.4 -52.1 2.94E-05 003.0 083.7 -59.8 0.139178 0.066528 0.053787 hargrave 2018-01-17 17:34:59 
TT 678 083.1 -47.5 087.5 -55.1 2.54E-05 003.0 079.9 -63.7 0.101587 0.080295 0.056393 hargrave 2018-01-24 14:17:33 
TT 680 084.4 -50.0 089.6 -57.5 1.74E-05 003.7 074.8 -65.3 0.096286 0.063773 0.039162 hargrave 2018-01-27 11:06:27 
TT 682 085.1 -52.7 091.0 -60.1 9.44E-06 003.5 068.7 -66.3 0.046580 0.031401 0.020987 hargrave 2018-01-31 18:45:05 
TT 684 073.4 -41.4 075.5 -49.5 3.33E-06 003.1 084.6 -54.8 0.013105 0.011666 0.005482 hargrave 2018-02-05 21:19:31 
TT 686 144.0 -55.2 156.2 -55.2 1.36E-06 004.2 300.5 -76.4 0.005583 0.008358 0.002926 hargrave 2018-02-12 12:05:49 
TT 688 165.1 -01.0 165.1  01.1 7.19E-07 004.0 230.0 -29.5 0.003979 0.003470 0.002039 hargrave 2018-02-26 12:21:27 
