TR042 -Da mag compass orientation (IGRF corrected)
   0.43  23.3  50.0 330.2   8.4   1.0
NRM    240.5 -80.5 240.3 -72.1 5.37E-05 003.2 350.9 -33.9 0.073859 0.271961 0.119500 hargrave 2017-10-13 20:42:57 
TT 100 232.1 -81.8 236.1 -73.4 5.61E-05 003.7 351.1 -35.7 0.081278 0.341741 0.112999 hargrave 2017-10-15 20:35:23 
TT 200 221.1 -77.9 228.7 -69.7 5.66E-05 002.4 345.8 -35.4 0.084394 0.202446 0.098009 hargrave 2017-10-16 14:47:56 
TT 300 226.4 -79.5 232.4 -71.2 5.67E-05 001.6 348.1 -35.2 0.099434 0.100541 0.096047 hargrave 2017-10-17 11:37:36 
TT 350 227.8 -80.7 233.6 -72.4 5.69E-05 002.2 349.5 -35.6 0.102333 0.182870 0.098279 hargrave 2017-10-18 09:44:08 
TT 400 230.6 -81.6 235.4 -73.3 5.68E-05 001.6 350.8 -35.8 0.101274 0.092758 0.098665 hargrave 2017-10-20 17:19:39 
TT 450 225.0 -79.8 231.7 -71.5 5.69E-05 001.4 348.3 -35.6 0.073904 0.106921 0.063780 hargrave 2017-10-23 11:59:43 
TT 475 226.9 -81.1 233.3 -72.8 5.65E-05 001.5 349.9 -36.0 0.109051 0.093539 0.090710 hargrave 2017-10-24 09:24:26 
TT 500 224.3 -80.4 231.6 -72.1 5.61E-05 001.5 348.9 -36.0 0.104202 0.089884 0.096153 hargrave 2017-10-25 09:01:42 
TT 525 222.9 -80.0 230.7 -71.9 5.57E-05 001.5 348.4 -36.1 0.099191 0.101219 0.071797 hargrave 2017-10-26 19:32:11 
TT 550 223.5 -80.6 231.3 -72.4 5.48E-05 001.3 349.1 -36.2 0.089037 0.092505 0.063547 hargrave 2017-10-27 17:26:48 
TT 555 226.9 -82.1 233.7 -73.8 5.35E-05 003.7 350.9 -36.5 0.157633 0.301469 0.103306 hargrave 2017-10-28 19:49:57 
TT 560 222.2 -79.6 230.1 -71.5 5.21E-05 001.8 347.9 -36.0 0.090848 0.095752 0.112795 hargrave 2017-11-03 15:37:04 
TT 565 221.0 -78.8 229.1 -70.7 5.14E-05 001.9 346.9 -35.8 0.090920 0.109456 0.115184 hargrave 2017-11-05 14:28:21 
TT 570 216.8 -77.6 226.0 -69.6 5.14E-05 001.8 345.0 -36.1 0.083207 0.097654 0.110315 hargrave 2017-11-09 12:01:34 
TT 575 220.2 -78.3 228.4 -70.2 5.09E-05 002.1 346.2 -35.8 0.119475 0.111457 0.113652 hargrave 2017-11-09 20:51:15 
TT 580 217.5 -77.7 226.5 -69.7 5.06E-05 002.6 345.2 -36.0 0.103152 0.167213 0.128745 hargrave 2017-11-14 16:38:46 
TT 600 223.9 -80.0 231.2 -71.7 5.19E-05 001.6 348.4 -35.9 0.092076 0.123477 0.070103 hargrave 2017-11-17 15:51:32 
TT 620 217.1 -77.1 226.0 -69.1 5.10E-05 001.4 344.5 -35.9 0.070580 0.093583 0.070022 hargrave 2017-11-19 15:09:24 
TT 630 213.9 -76.0 223.5 -68.2 5.07E-05 001.5 342.9 -36.1 0.070533 0.099445 0.071292 hargrave 2017-11-21 14:22:15 
TT 640 215.4 -76.2 224.5 -68.3 5.04E-05 002.3 343.2 -35.9 0.115797 0.165091 0.067185 hargrave 2017-11-27 13:40:55 
TT 645 215.0 -76.7 224.5 -68.8 5.03E-05 001.6 343.8 -36.1 0.092625 0.104057 0.071246 hargrave 2017-11-28 12:34:51 
TT 650 211.0 -76.3 221.7 -68.6 5.12E-05 001.7 342.9 -36.9 0.102723 0.123275 0.049798 hargrave 2017-12-08 18:16:54 
TT 655 209.9 -76.3 221.1 -68.7 5.11E-05 001.7 342.9 -37.1 0.071424 0.124904 0.053500 hargrave 2017-12-11 18:59:39 
TT 660 204.5 -73.3 215.9 -66.0 5.09E-05 004.2 338.7 -37.7 0.193826 0.312787 0.061695 hargrave 2017-12-12 19:40:01 
TT 665 207.0 -77.1 219.7 -69.6 5.15E-05 001.5 343.6 -38.0 0.068867 0.098567 0.075178 hargrave 2018-01-08 18:15:37 
TT 670 200.4 -74.1 213.5 -67.0 5.16E-05 001.3 339.4 -39.0 0.056296 0.090539 0.070765 hargrave 2018-01-11 10:21:01 
TT 672 198.3 -74.3 212.2 -67.4 5.11E-05 002.3 339.6 -39.6 0.087176 0.188711 0.056266 hargrave 2018-01-12 10:17:51 
TT 674 195.6 -72.4 209.1 -65.7 4.94E-05 001.9 337.0 -40.1 0.075197 0.138822 0.055136 hargrave 2018-01-16 17:24:51 
TT 676 192.5 -71.7 206.5 -65.2 4.33E-05 004.2 335.9 -40.9 0.104755 0.295247 0.050489 hargrave 2018-01-17 17:26:09 
TT 678 190.5 -70.7 204.4 -64.4 2.65E-05 004.5 334.4 -41.5 0.129797 0.178337 0.038035 hargrave 2018-01-24 14:09:56 
TT 680 184.2 -68.5 198.3 -62.9 1.37E-05 001.7 331.4 -43.6 0.030939 0.025092 0.019713 hargrave 2018-01-27 10:57:43 
TT 682 181.0 -62.0 192.5 -57.0 8.24E-06 004.7 322.3 -44.7 0.056359 0.039096 0.012484 hargrave 2018-01-31 18:36:32 
TT 684 176.5 -67.1 191.4 -62.4 1.51E-06 005.2 329.7 -46.6 0.006927 0.015411 0.006448 hargrave 2018-02-05 21:10:54 
TT 686 193.7 -40.4 198.2 -34.3 1.74E-06 002.8 298.9 -30.9 0.006787 0.008048 0.007683 hargrave 2018-02-12 11:57:11 
TT 688 199.1  12.6 197.5  18.9 8.16E-07 009.4 257.6  04.9 0.002504 0.008364 0.012249 hargrave 2018-02-26 12:11:34 
TT 688 199.8  13.3 198.1  19.6 8.04E-07 014.9 257.5  05.9 0.006033 0.013027 0.019427 hargrave 2018-02-26 14:42:56 
