TR042 -Ma mag compass orientation (IGRF corrected)
   0.72  35.3  52.0 330.2   8.4   1.0
NRM    202.6 -77.3 217.1 -69.9 6.41E-05 005.0 343.8 -39.7 0.104942 0.520311 0.190730 hargrave 2017-10-13 20:57:24 
TT 100 197.3 -74.4 211.6 -67.5 6.87E-05 003.4 340.1 -41.2 0.111842 0.360106 0.176836 hargrave 2017-10-15 20:50:20 
TT 200 197.0 -75.5 212.2 -68.6 6.98E-05 003.1 341.6 -41.2 0.098831 0.335098 0.136914 hargrave 2017-10-16 15:02:20 
TT 300 197.9 -70.8 209.9 -64.0 7.03E-05 002.8 335.4 -41.2 0.173132 0.215165 0.228241 hargrave 2017-10-17 11:51:51 
TT 350 197.6 -70.7 209.6 -63.9 7.06E-05 002.5 335.2 -41.3 0.180502 0.167417 0.205463 hargrave 2017-10-18 09:58:12 
TT 400 196.8 -72.3 209.9 -65.5 7.06E-05 002.8 337.3 -41.5 0.144782 0.257251 0.181851 hargrave 2017-10-20 17:33:53 
TT 450 196.3 -73.2 210.1 -66.5 7.02E-05 002.0 338.6 -41.6 0.114480 0.180762 0.137297 hargrave 2017-10-23 12:13:09 
TT 475 195.8 -70.9 208.4 -64.3 6.98E-05 003.3 335.6 -41.9 0.090704 0.355198 0.194057 hargrave 2017-10-24 09:37:54 
TT 500 196.2 -70.8 208.6 -64.1 6.94E-05 002.5 335.3 -41.8 0.217323 0.127485 0.198920 hargrave 2017-10-25 09:14:28 
TT 525 196.7 -69.4 208.3 -62.7 6.87E-05 002.4 333.5 -41.7 0.169342 0.152954 0.196161 hargrave 2017-10-26 19:46:36 
TT 550 195.5 -69.5 207.5 -62.9 6.74E-05 004.9 333.6 -42.1 0.102499 0.539401 0.189086 hargrave 2017-10-27 17:40:23 
TT 555 190.9 -75.6 208.2 -69.1 6.59E-05 004.8 342.1 -42.6 0.362740 0.395845 0.169968 hargrave 2017-10-28 20:00:40 
TT 560 197.3 -73.5 211.0 -66.7 6.43E-05 004.8 339.0 -41.3 0.137958 0.489705 0.183499 hargrave 2017-11-03 15:50:42 
TT 565 197.9 -71.4 210.2 -64.6 6.37E-05 003.0 336.1 -41.2 0.203463 0.182378 0.208899 hargrave 2017-11-05 14:41:49 
TT 570 197.4 -68.6 208.5 -61.9 6.38E-05 003.0 332.4 -41.4 0.164218 0.229072 0.199756 hargrave 2017-11-09 12:15:09 
TT 575 196.7 -70.6 208.9 -63.9 6.36E-05 004.0 335.1 -41.6 0.325722 0.208222 0.234431 hargrave 2017-11-09 21:03:54 
TT 580 196.2 -69.0 207.7 -62.4 6.28E-05 004.1 333.0 -41.9 0.152236 0.376628 0.209943 hargrave 2017-11-14 16:52:14 
TT 600 195.0 -70.9 207.8 -64.3 6.54E-05 002.8 335.5 -42.2 0.188867 0.193413 0.196826 hargrave 2017-11-17 16:04:54 
TT 620 195.5 -67.8 206.7 -61.2 6.51E-05 003.3 331.3 -42.1 0.096604 0.331826 0.153777 hargrave 2017-11-19 15:22:50 
TT 630 195.7 -67.7 206.8 -61.1 6.54E-05 001.8 331.2 -42.1 0.141901 0.112787 0.124509 hargrave 2017-11-21 14:35:46 
TT 640 195.2 -67.4 206.2 -60.8 6.56E-05 002.7 330.8 -42.3 0.198042 0.159376 0.204371 hargrave 2017-11-27 13:54:28 
TT 645 194.9 -66.5 205.6 -60.1 6.54E-05 002.9 329.7 -42.4 0.132108 0.247030 0.206245 hargrave 2017-11-28 12:48:29 
TT 650 194.4 -66.8 205.4 -60.4 6.65E-05 002.6 330.1 -42.6 0.115075 0.276258 0.105371 hargrave 2017-12-08 18:29:52 
TT 655 193.8 -65.6 204.4 -59.2 6.63E-05 001.9 328.3 -42.8 0.124585 0.106053 0.145618 hargrave 2017-12-11 19:12:45 
TT 660 194.7 -64.3 204.6 -57.8 6.68E-05 002.2 326.6 -42.4 0.198118 0.071434 0.160067 hargrave 2017-12-12 19:54:37 
TT 665 193.0 -66.4 204.1 -60.1 6.61E-05 002.6 329.5 -43.1 0.145903 0.190422 0.183850 hargrave 2018-01-08 18:29:03 
TT 670 191.6 -65.8 202.7 -59.7 6.62E-05 001.9 328.7 -43.7 0.143542 0.105182 0.142093 hargrave 2018-01-11 10:35:08 
TT 672 192.1 -64.2 202.5 -58.1 6.62E-05 002.6 326.5 -43.6 0.187284 0.132473 0.199777 hargrave 2018-01-12 10:31:57 
TT 674 190.7 -63.8 201.2 -57.7 6.58E-05 002.6 325.9 -44.2 0.148227 0.205271 0.186742 hargrave 2018-01-16 17:39:54 
TT 676 189.4 -62.8 199.7 -56.9 6.37E-05 002.9 324.5 -44.8 0.098816 0.269557 0.157191 hargrave 2018-01-17 17:41:23 
TT 678 190.2 -63.2 200.6 -57.2 5.76E-05 002.8 325.1 -44.4 0.089292 0.218556 0.171674 hargrave 2018-01-24 14:21:31 
TT 680 187.0 -66.5 199.4 -60.7 4.08E-05 003.4 329.9 -45.5 0.113556 0.157414 0.162412 hargrave 2018-01-27 11:11:10 
TT 682 181.7 -62.5 193.3 -57.4 2.11E-05 004.0 324.6 -48.4 0.035622 0.130654 0.070614 hargrave 2018-01-31 18:50:33 
TT 684 143.7 -78.5 181.7 -76.6 6.56E-06 004.3 354.5 -48.8 0.031427 0.018605 0.037848 hargrave 2018-02-05 21:25:48 
TT 686 144.5 -63.2 161.1 -62.8 2.18E-06 004.4 341.4 -62.2 0.007508 0.013041 0.009090 hargrave 2018-02-12 12:10:27 
TT 688 216.7 -19.9 217.7 -12.2 2.01E-06 003.1 286.7 -11.0 0.003121 0.003669 0.010488 hargrave 2018-02-26 12:25:17 
