TR016 -Da mag compass orientation (IGRF corrected)
 766.72 260.3  30.0  41.0  43.5   1.0
NRM    043.2 -09.8 035.8 -08.6 1.14E-05 005.1 241.3 -26.4 0.087085 0.057533 0.044305 hargrave 2018-05-11 14:15:15 
TT 100 050.2 -18.7 034.3 -19.6 1.12E-05 003.9 252.9 -31.0 0.063387 0.032030 0.034192 hargrave 2018-05-14 12:58:59 
TT 200 052.7 -20.6 034.5 -22.7 1.11E-05 005.2 256.4 -31.4 0.084098 0.049808 0.053673 hargrave 2018-05-15 10:54:25 
TT 300 053.9 -22.2 034.0 -24.6 1.10E-05 004.2 258.6 -32.3 0.056437 0.048040 0.054050 hargrave 2018-05-16 09:30:41 
TT 350 055.4 -23.7 033.8 -26.6 1.10E-05 004.7 260.9 -32.8 0.069371 0.056275 0.055267 hargrave 2018-05-16 17:18:11 
TT 400 057.6 -25.4 033.9 -29.3 1.08E-05 005.0 264.0 -33.1 0.076177 0.055400 0.054347 hargrave 2018-05-18 10:22:55 
TT 450 059.6 -27.6 033.3 -32.0 1.08E-05 005.5 267.3 -33.9 0.084817 0.056159 0.054748 hargrave 2018-05-18 16:40:51 
TT 475 061.9 -29.9 032.6 -35.1 1.07E-05 005.3 270.8 -34.7 0.079945 0.054364 0.054533 hargrave 2018-05-21 14:52:04 
TT 500 062.2 -30.9 031.8 -35.9 1.06E-05 004.5 271.8 -35.3 0.071661 0.028156 0.033739 hargrave 2018-07-31 09:34:31 
TT 525 062.7 -35.1 027.9 -38.7 1.07E-05 003.2 275.4 -38.5 0.055088 0.042562 0.024725 hargrave 2018-07-31 16:17:28 
TT 550 063.4 -37.8 025.4 -40.7 1.05E-05 003.5 278.1 -40.3 0.060429 0.041990 0.015372 hargrave 2018-08-01 14:22:08 
TT 555 067.0 -35.6 030.0 -41.9 9.96E-06 007.3 279.3 -36.7 0.069168 0.053477 0.113628 hargrave 2018-08-02 11:31:24 
TT 560 065.5 -39.1 025.1 -42.8 1.01E-05 004.4 280.9 -40.2 0.060975 0.041164 0.044684 hargrave 2018-08-03 14:38:59 
TT 565 067.1 -41.3 023.4 -45.0 1.03E-05 005.3 284.0 -41.1 0.073283 0.050157 0.057129 hargrave 2018-08-13 12:59:33 
TT 570 066.0 -42.9 020.8 -45.0 1.02E-05 003.5 284.5 -42.8 0.048020 0.036783 0.035962 hargrave 2018-08-14 09:47:57 
TT 575 067.7 -44.2 020.0 -46.7 1.02E-05 003.6 286.9 -43.0 0.049749 0.037056 0.034669 hargrave 2018-08-14 16:36:21 
TT 580 066.8 -44.4 019.4 -46.2 1.02E-05 004.6 286.4 -43.5 0.071242 0.037039 0.037275 hargrave 2018-08-15 13:10:44 
TT 600 069.1 -45.4 019.0 -48.1 9.99E-06 003.8 289.0 -43.2 0.055491 0.035329 0.032434 hargrave 2018-08-16 09:38:10 
TT 620 070.0 -46.3 018.1 -49.0 1.01E-05 005.0 290.5 -43.5 0.072365 0.048362 0.035971 hargrave 2018-08-16 16:33:02 
TT 630 071.7 -48.2 016.0 -50.8 1.00E-05 003.8 293.5 -44.1 0.055652 0.033878 0.032202 hargrave 2018-08-17 14:39:44 
TT 640 075.3 -49.4 015.4 -53.4 1.01E-05 003.4 297.0 -43.3 0.044035 0.029409 0.033533 hargrave 2018-08-28 16:15:36 
TT 645 079.3 -49.1 017.3 -55.9 9.76E-06 002.8 299.3 -41.3 0.038416 0.032610 0.018549 hargrave 2018-09-10 15:07:04 
TT 650 080.6 -47.5 020.4 -56.2 9.73E-06 004.1 298.8 -39.6 0.055086 0.046414 0.022636 hargrave 2018-09-11 17:00:38 
TT 655 082.8 -49.1 018.4 -58.1 9.60E-06 005.4 301.6 -39.8 0.053631 0.030718 0.067929 hargrave 2018-09-12 17:32:33 
TT 660 084.0 -49.2 018.5 -58.8 9.44E-06 005.1 302.5 -39.4 0.071011 0.046355 0.028616 hargrave 2018-09-20 17:00:06 
TT 665 116.2 -68.9 324.2 -66.4 4.38E-06 001.9 335.9 -44.6 0.012795 0.009445 0.004952 hargrave 2018-09-21 15:40:21 
TT 670 058.6 -42.8 017.3 -40.2 2.58E-06 003.1 278.7 -46.4 0.013156 0.005230 0.003695 hargrave 2018-09-24 16:52:33 
TT 672 207.3 -31.7 235.6 -31.3 1.48E-06 005.5 031.0 -06.6 0.012862 0.006692 0.008753 hargrave 2018-09-25 15:13:50 
TT 674 059.5  05.9 058.6 -08.2 2.22E-06 002.2 249.0 -05.0 0.004124 0.003349 0.007509 hargrave 2018-09-26 11:34:31 
TT 676 343.0  22.5 009.1  54.7 1.18E-06 005.1 173.2 -07.3 0.002487 0.007855 0.006573 hargrave 2018-10-04 11:30:08 
TT 678 050.6  00.4 048.3 -06.3 2.68E-06 001.9 243.5 -14.0 0.006562 0.005812 0.004354 hargrave 2018-10-05 09:17:19 
TT 680 234.2  37.0 201.0  34.2 1.28E-06 003.1 089.7  44.2 0.002606 0.005877 0.003797 hargrave 2018-10-09 11:28:46 
TT 682 031.4 -20.3 020.1 -08.3 1.68E-06 004.0 234.6 -40.9 0.006300 0.004288 0.009972 hargrave 2018-10-11 11:21:47 
TT 684 333.0 -06.6 337.5  33.4 8.29E-07 006.1 158.9 -35.0 0.008544 0.004440 0.005152 hargrave 2018-10-12 09:28:01 
TT 686 050.4  15.3 058.3  04.7 1.89E-06 002.7 236.8 -00.7 0.005337 0.005102 0.006790 hargrave 2018-10-12 17:40:00 
TT 688 314.9  06.1 317.0  49.5 1.63E-06 007.0 142.7 -18.3 0.002947 0.005943 0.021083 hargrave 2018-10-19 17:09:35 
TT 690 055.7 -02.8 049.9 -12.1 1.39E-06 005.2 249.7 -14.5 0.004247 0.004869 0.011227 hargrave 2018-10-20 16:12:29 
