TR016 -Ba mag compass orientation (IGRF corrected)
 766.23 325.3  54.0  41.0  43.5   1.0
NRM    335.8 -88.3 312.0 -45.0 5.27E-05 002.8 002.0 -36.3 0.169997 0.095535 0.192546 hargrave 2018-05-11 14:12:24 
TT 100 274.2 -89.5 310.5 -46.1 5.37E-05 002.0 000.4 -35.6 0.126675 0.081317 0.133408 hargrave 2018-05-14 12:55:10 
TT 200 298.5 -88.8 310.6 -45.3 5.39E-05 002.0 001.3 -35.4 0.124000 0.086978 0.132646 hargrave 2018-05-15 10:51:26 
TT 300 262.0 -88.9 309.8 -45.8 5.42E-05 002.1 000.6 -35.0 0.132021 0.098479 0.135143 hargrave 2018-05-16 09:27:43 
TT 350 260.6 -88.5 309.3 -45.5 5.46E-05 002.2 000.8 -34.6 0.139570 0.105272 0.140087 hargrave 2018-05-16 17:15:15 
TT 400 231.4 -88.3 308.6 -46.2 5.48E-05 002.2 359.9 -34.3 0.138424 0.089480 0.143885 hargrave 2018-05-18 10:20:01 
TT 450 216.6 -87.8 307.7 -46.6 5.51E-05 002.2 359.1 -33.9 0.133120 0.120753 0.139264 hargrave 2018-05-18 16:37:57 
TT 475 210.7 -87.5 307.4 -46.9 5.50E-05 002.4 358.8 -33.7 0.142130 0.139151 0.137038 hargrave 2018-05-21 14:49:11 
TT 500 227.6 -87.4 307.3 -46.1 5.51E-05 001.3 359.6 -33.4 0.089557 0.064737 0.080482 hargrave 2018-07-31 09:30:28 
TT 525 235.7 -86.9 306.7 -45.6 5.46E-05 002.2 000.0 -32.9 0.087719 0.116939 0.162074 hargrave 2018-07-31 16:14:22 
TT 550 206.9 -86.3 305.8 -47.3 5.43E-05 001.6 357.9 -32.8 0.106822 0.087951 0.089815 hargrave 2018-08-01 14:18:55 
TT 555 232.8 -87.5 307.4 -45.9 5.46E-05 001.3 359.9 -33.5 0.116741 0.059850 0.074548 hargrave 2018-08-02 11:28:16 
TT 560 230.8 -85.8 305.1 -45.6 5.34E-05 002.0 359.6 -31.8 0.084528 0.078998 0.164878 hargrave 2018-08-03 14:35:49 
TT 565 229.6 -86.7 306.2 -45.9 5.39E-05 002.2 359.6 -32.7 0.096458 0.133656 0.134835 hargrave 2018-08-13 12:56:30 
TT 570 249.5 -86.4 306.6 -44.7 5.37E-05 001.5 001.0 -32.5 0.070752 0.112442 0.078915 hargrave 2018-08-14 09:44:49 
TT 575 253.7 -86.2 306.5 -44.3 5.37E-05 001.2 001.4 -32.4 0.067608 0.077430 0.079581 hargrave 2018-08-14 16:33:13 
TT 580 248.8 -86.1 306.2 -44.6 5.32E-05 001.3 001.1 -32.2 0.067423 0.081818 0.074262 hargrave 2018-08-15 13:07:35 
TT 600 253.6 -85.5 305.8 -44.0 5.27E-05 001.2 001.7 -31.7 0.072478 0.072157 0.075094 hargrave 2018-08-16 09:35:04 
TT 620 247.5 -85.5 305.4 -44.3 5.21E-05 001.2 001.1 -31.6 0.075243 0.061611 0.070945 hargrave 2018-08-16 16:30:00 
TT 630 246.5 -85.0 304.7 -44.2 5.19E-05 001.4 001.1 -31.1 0.074653 0.094562 0.067332 hargrave 2018-08-17 14:36:36 
TT 640 235.8 -85.9 305.3 -45.3 5.20E-05 001.2 000.0 -31.9 0.036130 0.077160 0.077016 hargrave 2018-08-28 16:12:30 
TT 645 042.9 -87.2 315.1 -46.5 5.50E-05 003.3 000.8 -38.7 0.073166 0.231681 0.256281 hargrave 2018-09-10 15:03:56 
TT 650 206.6 -83.9 302.2 -47.7 5.16E-05 002.1 356.6 -30.6 0.070611 0.124241 0.149847 hargrave 2018-09-11 16:57:33 
TT 655 211.8 -83.6 301.7 -47.1 4.84E-05 001.9 357.1 -30.1 0.052941 0.085209 0.161208 hargrave 2018-09-12 17:29:35 
TT 660 188.9 -80.3 297.9 -50.9 4.13E-05 001.6 352.0 -29.0 0.058598 0.091687 0.081836 hargrave 2018-09-20 16:57:15 
TT 665 320.7 -81.2 312.9 -37.8 2.38E-05 002.6 010.8 -34.8 0.058521 0.061452 0.081846 hargrave 2018-09-21 15:37:28 
TT 670 046.9 -54.5 359.1 -39.2 5.87E-06 003.6 014.8 -70.6 0.017402 0.027575 0.058433 hargrave 2018-09-24 16:49:39 
TT 672 003.4 -08.7 006.3  17.8 4.05E-06 006.2 106.9 -35.6 0.009773 0.030546 0.030917 hargrave 2018-09-25 15:10:49 
TT 674 123.2  02.8 120.8 -40.2 5.45E-06 003.2 254.3 -15.9 0.011051 0.036463 0.034132 hargrave 2018-09-26 11:31:28 
TT 676 066.6  35.1 082.5  10.0 5.27E-06 004.8 189.7 -18.1 0.014718 0.028356 0.032379 hargrave 2018-10-04 11:27:01 
TT 678 096.2  31.6 101.7 -05.8 5.12E-06 003.6 214.8 -12.3 0.057418 0.007520 0.007431 hargrave 2018-10-05 09:14:19 
TT 680 013.7  53.7 075.2  50.5 4.93E-06 010.9 156.7  06.7 0.031987 0.105386 0.031325 hargrave 2018-10-09 11:25:42 
TT 680 013.8  58.0 081.9  51.4 4.46E-06 003.2 159.1  10.2 0.014829 0.011894 0.022678 hargrave 2018-10-09 13:49:48 
TT 682 150.1  08.4 153.5 -32.5 4.78E-06 005.1 265.9  08.8 0.017310 0.009905 0.038249 hargrave 2018-10-11 11:18:43 
TT 684 026.1  28.9 052.4  30.4 3.84E-06 013.1 153.1 -19.5 0.041027 0.061070 0.052386 hargrave 2018-10-12 09:25:07 
TT 684 022.0  20.9 042.6  27.9 3.90E-06 003.6 145.6 -25.0 0.014446 0.011429 0.017620 hargrave 2018-10-12 11:16:56 
TT 686 162.5  00.2 171.1 -35.8 4.50E-06 003.2 280.1  13.9 0.016845 0.010128 0.017328 hargrave 2018-10-12 17:37:03 
TT 688 022.2  44.8 066.4  41.9 3.76E-06 008.2 157.2 -03.8 0.037596 0.031234 0.041575 hargrave 2018-10-19 17:07:07 
TT 690 149.3  32.4 146.6 -09.4 7.16E-06 014.6 244.7  21.3 0.042873 0.025975 0.195665 hargrave 2018-10-20 16:09:57 
