TR016 -Ia mag compass orientation (IGRF corrected)
 767.68 335.3  71.0  41.0  43.5   1.0
NRM    070.9 -43.6 022.3 -48.5 4.85E-05 003.0 350.3 -64.9 0.167211 0.183011 0.075270 hargrave 2018-05-11 14:19:50 
TT 100 072.8 -44.7 021.6 -50.2 4.90E-05 002.6 347.9 -63.5 0.127438 0.176648 0.045692 hargrave 2018-05-14 13:03:34 
TT 200 072.0 -44.7 021.3 -49.6 4.89E-05 002.4 349.3 -63.7 0.126603 0.154679 0.051046 hargrave 2018-05-15 10:59:02 
TT 300 071.3 -45.4 019.9 -49.5 4.87E-05 002.2 350.7 -63.1 0.115072 0.148901 0.047325 hargrave 2018-05-16 09:35:17 
TT 350 071.9 -45.7 019.8 -50.0 4.86E-05 001.9 349.8 -62.7 0.105012 0.111993 0.052961 hargrave 2018-05-16 17:22:46 
TT 400 072.7 -46.0 019.7 -50.7 4.85E-05 002.2 348.9 -62.3 0.117075 0.137734 0.044155 hargrave 2018-05-18 10:27:33 
TT 450 073.1 -46.6 019.0 -51.1 4.82E-05 002.0 348.7 -61.7 0.116067 0.118520 0.050979 hargrave 2018-05-18 16:45:28 
TT 475 072.8 -46.9 018.4 -51.1 4.80E-05 002.2 349.2 -61.4 0.116989 0.141597 0.049469 hargrave 2018-05-21 14:56:43 
TT 500 074.0 -47.1 018.5 -51.9 4.81E-05 001.9 347.8 -61.0 0.113470 0.124368 0.050890 hargrave 2018-07-31 09:39:35 
TT 525 073.2 -47.2 018.1 -51.4 4.80E-05 002.0 348.8 -61.0 0.118426 0.112594 0.074474 hargrave 2018-07-31 16:22:23 
TT 550 075.0 -47.8 018.0 -52.8 4.74E-05 002.1 346.8 -60.2 0.129844 0.131617 0.062195 hargrave 2018-08-01 14:27:01 
TT 555 074.3 -48.0 017.3 -52.4 4.72E-05 001.7 347.9 -60.0 0.087067 0.112122 0.042181 hargrave 2018-08-02 11:36:18 
TT 560 073.7 -48.5 016.3 -52.2 4.68E-05 001.7 348.9 -59.7 0.085930 0.118559 0.060598 hargrave 2018-08-03 14:43:59 
TT 565 072.1 -49.0 015.1 -51.3 4.66E-05 002.0 351.2 -59.5 0.061895 0.140505 0.054269 hargrave 2018-08-13 13:04:26 
TT 570 073.4 -48.9 015.6 -52.1 4.62E-05 002.0 349.6 -59.4 0.070599 0.143746 0.058335 hargrave 2018-08-14 09:52:52 
TT 575 072.2 -49.4 014.4 -51.5 4.61E-05 002.1 351.3 -59.1 0.072091 0.152665 0.061775 hargrave 2018-08-14 16:41:27 
TT 580 073.0 -49.4 014.7 -52.0 4.57E-05 002.4 350.3 -59.0 0.068071 0.174297 0.070422 hargrave 2018-08-15 13:15:38 
TT 600 071.5 -49.8 013.6 -51.2 4.52E-05 002.0 352.3 -58.8 0.079859 0.131014 0.053137 hargrave 2018-08-16 09:43:03 
TT 620 071.6 -50.2 013.0 -51.4 4.39E-05 002.0 352.3 -58.4 0.066030 0.133206 0.065282 hargrave 2018-08-16 16:38:01 
TT 630 070.0 -51.0 011.4 -50.7 4.25E-05 002.2 354.4 -57.8 0.067130 0.148349 0.062511 hargrave 2018-08-17 14:44:43 
TT 640 068.9 -51.3 010.5 -50.1 4.17E-05 002.3 355.8 -57.6 0.054415 0.159641 0.054891 hargrave 2018-08-28 16:20:35 
TT 645 068.7 -51.4 010.3 -50.0 4.02E-05 002.9 356.1 -57.5 0.126596 0.104072 0.136191 hargrave 2018-09-10 15:11:53 
TT 650 074.7 -51.3 012.3 -53.6 3.86E-05 002.4 349.2 -56.9 0.131122 0.100404 0.071318 hargrave 2018-09-11 17:05:28 
TT 655 075.3 -54.9 006.3 -54.7 3.46E-05 004.8 350.4 -53.3 0.069093 0.098024 0.503269 hargrave 2018-09-12 17:37:12 
TT 660 079.0 -50.8 014.2 -56.1 3.74E-05 002.0 344.3 -56.4 0.070619 0.104511 0.052557 hargrave 2018-09-20 17:04:46 
TT 665 076.3 -50.4 014.2 -54.3 3.73E-05 001.5 347.0 -57.5 0.054742 0.076346 0.049797 hargrave 2018-09-21 15:44:54 
TT 670 077.7 -50.6 014.2 -55.2 3.58E-05 002.2 345.6 -56.9 0.086638 0.075863 0.092987 hargrave 2018-09-24 16:57:17 
TT 672 075.0 -50.4 013.8 -53.6 3.43E-05 002.4 348.4 -57.6 0.064497 0.105664 0.087091 hargrave 2018-09-25 15:18:47 
TT 674 089.5 -51.0 016.2 -62.7 3.22E-05 002.5 334.7 -52.7 0.057624 0.087405 0.098286 hargrave 2018-09-26 11:39:23 
TT 676 083.9 -55.4 006.6 -59.7 2.85E-05 001.8 343.3 -51.0 0.039346 0.075403 0.051746 hargrave 2018-10-04 11:35:07 
TT 678 111.5 -47.6 029.1 -76.7 1.98E-05 002.3 318.3 -43.0 0.027119 0.074229 0.036210 hargrave 2018-10-05 09:21:57 
TT 680 079.9 -44.9 024.5 -54.9 8.99E-06 007.8 338.2 -61.4 0.053600 0.108254 0.029051 hargrave 2018-10-09 11:34:35 
TT 682 130.9  06.4 130.8 -37.1 5.48E-06 003.8 255.2 -20.6 0.021819 0.032785 0.020540 hargrave 2018-10-11 11:26:34 
TT 684 008.0 -13.6 007.2  11.2 4.30E-06 007.0 086.4 -35.0 0.037820 0.039615 0.016774 hargrave 2018-10-12 09:32:46 
TT 686 144.5  02.8 148.5 -39.3 2.78E-06 003.9 263.8 -09.3 0.012662 0.017656 0.012081 hargrave 2018-10-12 17:44:40 
TT 688 357.4 -15.3 357.5  15.4 3.26E-06 017.1 081.7 -25.4 0.010568 0.030696 0.096278 hargrave 2018-10-19 17:13:32 
TT 690 096.7  12.5 094.2 -23.5 3.83E-06 041.5 227.0 -45.8 0.024296 0.033762 0.354425 hargrave 2018-10-20 16:16:32 
