TR016 -Fa mag compass orientation (IGRF corrected)
    767 261.3  29.0  41.0  43.5   1.0
NRM    018.5 -23.4 009.1 -02.6 3.53E-05 001.9 218.8 -48.0 0.058055 0.112240 0.041000 hargrave 2018-05-11 14:18:19 
TT 100 018.7 -27.3 006.7 -05.8 3.48E-05 002.1 221.1 -51.6 0.059493 0.118675 0.048508 hargrave 2018-05-14 13:02:03 
TT 200 018.3 -27.7 006.2 -05.9 3.51E-05 002.1 220.9 -52.1 0.059545 0.119941 0.055319 hargrave 2018-05-15 10:57:30 
TT 300 017.4 -28.5 005.1 -06.0 3.53E-05 002.0 220.2 -53.1 0.059298 0.117863 0.049302 hargrave 2018-05-16 09:33:46 
TT 350 017.2 -29.6 004.2 -06.7 3.51E-05 002.6 220.4 -54.2 0.076820 0.141959 0.053054 hargrave 2018-05-16 17:21:15 
TT 400 017.3 -30.7 003.6 -07.6 3.50E-05 002.3 221.4 -55.2 0.069693 0.125969 0.051195 hargrave 2018-05-18 10:26:01 
TT 450 016.7 -32.0 002.4 -08.3 3.49E-05 002.3 221.4 -56.6 0.062436 0.128624 0.051353 hargrave 2018-05-18 16:43:56 
TT 475 017.0 -32.9 002.0 -09.2 3.48E-05 002.2 222.5 -57.3 0.059455 0.125097 0.048916 hargrave 2018-05-21 14:55:11 
TT 500 017.1 -33.2 001.9 -09.4 3.47E-05 002.6 222.8 -57.6 0.086527 0.109971 0.104981 hargrave 2018-07-31 09:37:50 
TT 525 017.5 -34.2 001.4 -10.4 3.49E-05 002.8 224.1 -58.4 0.108974 0.122286 0.082195 hargrave 2018-07-31 16:20:45 
TT 550 016.1 -34.5 000.3 -09.9 3.44E-05 002.4 222.3 -59.1 0.078669 0.110529 0.074984 hargrave 2018-08-01 14:25:24 
TT 555 017.0 -35.4 000.3 -11.1 3.40E-05 002.4 224.3 -59.6 0.081039 0.110385 0.089891 hargrave 2018-08-02 11:34:40 
TT 560 015.0 -37.5 357.8 -11.6 3.67E-05 002.9 223.1 -62.2 0.115129 0.099835 0.172442 hargrave 2018-08-03 14:42:18 
TT 565 016.3 -36.6 359.1 -11.6 3.41E-05 002.8 224.3 -61.0 0.079245 0.140142 0.064960 hargrave 2018-08-13 13:02:49 
TT 570 015.8 -36.8 358.6 -11.5 3.41E-05 002.1 223.7 -61.3 0.074766 0.086675 0.077732 hargrave 2018-08-14 09:51:14 
TT 575 015.4 -37.0 358.3 -11.4 3.40E-05 002.4 223.2 -61.6 0.090705 0.099826 0.078645 hargrave 2018-08-14 16:39:45 
TT 580 015.4 -37.1 358.3 -11.6 3.37E-05 002.4 223.5 -61.7 0.088910 0.095569 0.075991 hargrave 2018-08-15 13:14:00 
TT 600 016.0 -37.7 358.2 -12.3 3.34E-05 002.2 224.9 -62.1 0.096062 0.076748 0.072030 hargrave 2018-08-16 09:41:26 
TT 620 015.9 -38.7 357.5 -13.0 3.30E-05 002.3 225.6 -63.0 0.107090 0.068109 0.072152 hargrave 2018-08-16 16:36:20 
TT 630 015.6 -38.9 357.2 -13.1 3.23E-05 002.1 225.4 -63.3 0.091390 0.064419 0.067094 hargrave 2018-08-17 14:43:01 
TT 640 014.6 -38.3 357.0 -12.0 3.18E-05 001.7 223.2 -63.1 0.081160 0.051704 0.052200 hargrave 2018-08-28 16:18:53 
TT 645 015.4 -39.1 356.9 -13.1 3.14E-05 002.9 225.2 -63.5 0.158006 0.070614 0.055651 hargrave 2018-09-10 15:10:18 
TT 650 017.1 -38.7 358.3 -13.6 3.07E-05 003.4 227.4 -62.5 0.158064 0.077324 0.090084 hargrave 2018-09-11 17:03:52 
TT 655 016.4 -39.0 357.6 -13.5 3.11E-05 004.5 226.7 -63.1 0.132419 0.082362 0.348221 hargrave 2018-09-12 17:35:36 
TT 660 018.2 -39.5 358.4 -14.8 3.08E-05 002.5 230.0 -62.9 0.114433 0.077727 0.043801 hargrave 2018-09-20 17:03:16 
TT 665 016.4 -41.0 356.3 -15.0 2.99E-05 002.2 228.8 -64.8 0.098810 0.064420 0.044470 hargrave 2018-09-21 15:43:23 
TT 670 014.3 -43.5 353.4 -16.0 2.94E-05 003.3 228.6 -67.8 0.148327 0.078649 0.046843 hargrave 2018-09-24 16:55:42 
TT 672 014.9 -45.5 352.3 -17.8 2.58E-05 002.8 232.4 -69.3 0.111982 0.057380 0.033157 hargrave 2018-09-25 15:17:06 
TT 674 020.4 -45.4 355.5 -20.3 2.31E-05 003.1 240.7 -66.9 0.111419 0.052159 0.031075 hargrave 2018-09-26 11:37:46 
TT 676 013.5 -51.1 347.7 -21.4 1.71E-05 002.1 241.1 -74.3 0.050937 0.035687 0.018568 hargrave 2018-10-04 11:33:29 
TT 678 034.3 -38.7 008.4 -23.1 8.95E-06 002.3 249.9 -55.5 0.030638 0.017023 0.016838 hargrave 2018-10-05 09:20:25 
TT 680 029.3 -36.3 007.3 -18.4 3.47E-06 006.2 241.5 -55.6 0.010568 0.040688 0.005413 hargrave 2018-10-09 11:32:57 
TT 682 038.3 -10.7 031.7 -06.0 2.62E-06 003.6 235.4 -29.2 0.013047 0.006738 0.010548 hargrave 2018-10-11 11:24:57 
TT 684 328.5  15.1 341.7  55.4 1.61E-06 003.6 157.5 -11.7 0.011595 0.005491 0.007148 hargrave 2018-10-12 09:31:10 
TT 686 051.6  09.5 055.2 -00.3 4.00E-06 002.5 239.4 -05.3 0.008606 0.009157 0.014375 hargrave 2018-10-12 17:43:08 
TT 688 333.4 -13.4 335.6  26.8 1.52E-06 015.1 156.8 -40.7 0.009776 0.009184 0.052398 hargrave 2018-10-19 17:12:13 
TT 690 053.3  03.9 052.6 -05.6 2.62E-06 003.4 243.3 -09.7 0.008573 0.012221 0.011628 hargrave 2018-10-20 16:15:14 
