TR016 -Ja mag compass orientation (IGRF corrected)
 767.89 334.3  54.0  41.0  43.5   1.0
NRM    094.9 -53.7 010.3 -66.0 1.09E-04 002.3 319.4 -62.4 0.354638 0.283122 0.205511 hargrave 2018-05-11 14:21:17 
TT 100 095.4 -54.3 008.8 -66.3 1.09E-04 001.7 320.3 -61.9 0.258527 0.236369 0.129900 hargrave 2018-05-14 13:05:01 
TT 200 095.2 -54.0 009.5 -66.2 1.09E-04 002.0 319.8 -62.1 0.203807 0.345215 0.146172 hargrave 2018-05-15 11:00:28 
TT 300 094.3 -55.2 006.6 -65.6 1.08E-04 001.9 322.7 -61.9 0.318785 0.191257 0.138319 hargrave 2018-05-16 09:36:46 
TT 350 094.4 -55.4 006.1 -65.7 1.07E-04 001.9 322.9 -61.8 0.223602 0.271297 0.151755 hargrave 2018-05-16 17:24:13 
TT 400 094.0 -56.3 004.1 -65.3 1.07E-04 001.6 324.8 -61.5 0.237781 0.206750 0.131367 hargrave 2018-05-18 10:29:01 
TT 450 095.4 -55.6 005.5 -66.1 1.06E-04 001.8 322.7 -61.2 0.213771 0.278761 0.139571 hargrave 2018-05-18 16:46:57 
TT 475 095.8 -55.5 005.6 -66.4 1.05E-04 001.7 322.3 -61.0 0.267932 0.189930 0.127123 hargrave 2018-05-21 14:58:10 
TT 500 096.7 -55.2 006.2 -67.0 1.04E-04 001.5 321.3 -60.7 0.174938 0.212922 0.101459 hargrave 2018-07-31 09:41:08 
TT 525 096.1 -56.2 003.8 -66.4 1.04E-04 001.4 323.5 -60.6 0.178417 0.182264 0.115486 hargrave 2018-07-31 16:23:55 
TT 550 096.4 -56.0 004.4 -66.7 1.03E-04 001.3 322.8 -60.6 0.175935 0.152805 0.175532 hargrave 2018-08-01 14:28:33 
TT 555 097.3 -55.7 004.9 -67.2 1.03E-04 001.8 321.8 -60.2 0.158968 0.293519 0.100695 hargrave 2018-08-02 11:37:51 
TT 560 096.1 -56.7 002.7 -66.4 1.03E-04 001.6 324.2 -60.3 0.180509 0.201146 0.100840 hargrave 2018-08-03 14:45:30 
TT 565 095.9 -56.9 002.3 -66.2 1.02E-04 001.9 324.7 -60.3 0.136551 0.275984 0.172975 hargrave 2018-08-13 13:05:58 
TT 570 096.6 -56.9 002.1 -66.6 1.01E-04 001.7 324.3 -60.0 0.164378 0.228543 0.139705 hargrave 2018-08-14 09:54:30 
TT 575 096.7 -56.9 002.0 -66.7 1.00E-04 001.6 324.2 -59.9 0.168793 0.208328 0.124835 hargrave 2018-08-14 16:43:00 
TT 580 096.2 -57.3 001.1 -66.3 9.94E-05 001.6 325.3 -60.0 0.142104 0.210669 0.130442 hargrave 2018-08-15 13:17:11 
TT 600 096.2 -57.8 359.9 -66.2 9.79E-05 001.4 326.1 -59.7 0.142161 0.162855 0.117148 hargrave 2018-08-16 09:44:35 
TT 620 096.3 -58.4 358.5 -66.1 9.56E-05 001.8 327.0 -59.3 0.164304 0.234880 0.122587 hargrave 2018-08-16 16:39:33 
TT 630 095.8 -59.4 356.3 -65.6 9.32E-05 001.5 328.9 -59.0 0.135653 0.189036 0.114270 hargrave 2018-08-17 14:46:15 
TT 640 096.0 -59.3 356.3 -65.7 9.13E-05 001.4 328.7 -58.9 0.118607 0.182818 0.124124 hargrave 2018-08-28 16:22:08 
TT 645 092.8 -57.8 000.9 -64.5 9.60E-05 002.4 328.1 -61.2 0.292828 0.300700 0.156667 hargrave 2018-09-10 15:13:24 
TT 650 101.8 -58.5 355.8 -68.8 8.49E-05 002.9 324.5 -56.8 0.263197 0.317188 0.264680 hargrave 2018-09-11 17:06:59 
TT 655 097.5 -59.3 355.9 -66.4 8.35E-05 002.7 327.9 -58.3 0.231922 0.290560 0.266979 hargrave 2018-09-12 17:38:39 
TT 660 101.7 -58.6 355.6 -68.7 8.17E-05 002.1 324.7 -56.8 0.158329 0.294762 0.141712 hargrave 2018-09-20 17:06:14 
TT 665 099.5 -57.4 359.7 -68.0 7.97E-05 002.3 323.7 -58.3 0.113968 0.332189 0.141689 hargrave 2018-09-21 15:46:23 
TT 670 103.4 -59.2 353.0 -69.3 7.86E-05 002.0 325.0 -55.7 0.115185 0.258399 0.118760 hargrave 2018-09-24 16:58:45 
TT 672 092.4 -64.1 347.3 -62.6 7.77E-05 002.1 337.7 -57.2 0.110236 0.270926 0.112690 hargrave 2018-09-25 15:20:21 
TT 674 092.4 -61.1 353.5 -63.5 7.12E-05 001.9 333.6 -59.3 0.081103 0.231477 0.102067 hargrave 2018-09-26 11:40:57 
TT 676 098.1 -65.6 341.9 -64.1 6.61E-05 001.4 336.7 -54.4 0.106840 0.162783 0.076380 hargrave 2018-10-04 11:36:40 
TT 678 093.6 -56.3 004.2 -65.1 4.40E-05 002.1 325.0 -61.7 0.110985 0.137398 0.042887 hargrave 2018-10-05 09:23:26 
TT 680 087.4 -65.7 345.6 -60.0 3.02E-05 006.6 342.6 -57.3 0.121890 0.346357 0.049918 hargrave 2018-10-09 11:36:09 
TT 682 047.2 -43.2 011.2 -33.4 9.86E-06 006.4 056.1 -75.0 0.050345 0.104310 0.042575 hargrave 2018-10-11 11:28:03 
TT 684 345.0 -64.2 326.4 -23.9 8.75E-06 008.7 032.1 -36.5 0.103664 0.088015 0.032150 hargrave 2018-10-12 09:34:17 
TT 684 338.4 -69.1 321.7 -27.3 9.06E-06 005.3 025.7 -34.7 0.028988 0.074031 0.034089 hargrave 2018-10-12 11:20:00 
TT 686 049.4  25.1 064.5  12.5 6.57E-06 004.4 164.8 -27.3 0.026473 0.048261 0.022964 hargrave 2018-10-12 17:46:08 
TT 688 324.2 -41.4 320.9  01.3 8.38E-06 007.3 050.3 -16.4 0.029085 0.062098 0.083657 hargrave 2018-10-19 17:14:47 
TT 690 036.9  08.8 044.1  09.2 6.01E-06 023.1 144.5 -38.3 0.028889 0.034755 0.298976 hargrave 2018-10-20 16:17:47 
