TR016 -Aa mag compass orientation (IGRF corrected)
    766 341.3  61.0  41.0  43.5   1.0
NRM    171.5 -43.7 230.3 -61.6 2.02E-05 002.9 313.1 -12.9 0.051192 0.040902 0.082187 hargrave 2018-05-11 14:10:57 
TT 100 171.4 -43.9 230.6 -61.7 2.12E-05 002.2 313.3 -13.0 0.035909 0.042699 0.063665 hargrave 2018-05-14 12:53:39 
TT 200 171.7 -43.9 230.8 -61.5 2.15E-05 002.1 313.4 -12.8 0.037678 0.042761 0.059233 hargrave 2018-05-15 10:49:54 
TT 300 173.6 -44.4 232.6 -60.4 2.18E-05 001.9 314.5 -11.9 0.036520 0.042117 0.055606 hargrave 2018-05-16 09:26:15 
TT 350 174.3 -43.6 231.5 -59.6 2.23E-05 002.7 314.0 -11.0 0.062098 0.065878 0.059497 hargrave 2018-05-16 17:13:47 
TT 400 174.4 -43.5 231.4 -59.6 2.26E-05 002.4 314.0 -11.0 0.047802 0.061523 0.057428 hargrave 2018-05-18 10:18:34 
TT 450 173.9 -41.6 227.6 -59.1 2.27E-05 003.1 312.1 -10.3 0.073440 0.082196 0.060520 hargrave 2018-05-18 16:36:29 
TT 475 174.3 -42.1 228.8 -59.1 2.26E-05 002.1 312.7 -10.3 0.042574 0.050943 0.057441 hargrave 2018-05-21 14:47:44 
TT 500 174.2 -43.5 231.2 -59.6 2.26E-05 001.8 313.9 -11.0 0.041397 0.050066 0.042473 hargrave 2018-07-31 09:28:53 
TT 525 050.7 -34.6 021.3 -30.5 1.35E-04 003.3 066.9 -71.6 0.877486 0.798378 1.602479 hargrave 2018-07-31 16:11:52 
TT 550 078.4 -52.4 011.3 -56.1 3.88E-05 040.7 349.4 -66.0 0.110190 1.493733 3.339523 hargrave 2018-08-01 14:17:22 
TT 550 060.3 -48.5 011.3 -43.9 6.33E-05 003.9 020.5 -68.7 0.237619 0.485687 1.013526 hargrave 2018-08-01 15:58:03 
TT 555 058.4 -42.1 018.0 -39.7 7.51E-05 003.1 035.2 -73.3 0.380968 0.496857 0.855975 hargrave 2018-08-02 11:26:42 
TT 560 150.1 -47.8 233.8 -77.0 2.21E-05 017.8 311.6 -28.3 0.160171 0.244188 0.654319 hargrave 2018-08-03 14:34:17 
TT 560 054.6 -35.0 023.2 -33.3 1.12E-04 003.0 062.6 -74.6 0.619289 0.606532 1.210131 hargrave 2018-08-03 16:15:05 
TT 565 174.3 -41.0 226.9 -58.6 2.32E-05 001.7 311.8 -09.8 0.031685 0.054604 0.051603 hargrave 2018-08-13 12:54:56 
TT 570 173.3 -43.5 230.8 -60.3 2.24E-05 001.8 313.5 -11.6 0.043801 0.054018 0.032176 hargrave 2018-08-14 09:43:12 
TT 575 177.3 -45.0 235.6 -58.2 2.31E-05 001.6 316.4 -10.0 0.038544 0.053476 0.032778 hargrave 2018-08-14 16:31:37 
TT 580 174.3 -43.7 231.7 -59.7 2.22E-05 002.5 314.1 -11.1 0.071402 0.067070 0.034759 hargrave 2018-08-15 13:06:00 
TT 600 178.3 -46.0 237.8 -57.8 2.30E-05 001.6 317.6 -09.9 0.038934 0.054578 0.030256 hargrave 2018-08-16 09:33:31 
TT 620 178.1 -45.3 236.4 -57.7 2.21E-05 001.6 316.9 -09.6 0.032973 0.052013 0.031679 hargrave 2018-08-16 16:28:23 
TT 630 181.1 -46.4 239.5 -56.0 2.21E-05 001.9 319.0 -08.4 0.054162 0.056871 0.033145 hargrave 2018-08-17 14:35:03 
TT 640 177.3 -40.6 228.1 -56.4 2.05E-05 001.8 312.6 -07.6 0.044301 0.059846 0.022884 hargrave 2018-08-28 16:10:52 
TT 645 216.6  00.5 217.5 -02.6 4.65E-05 030.6 304.5  46.3 0.164680 1.357626 3.516942 hargrave 2018-09-10 15:02:24 
TT 645 058.0 -42.2 017.7 -39.5 7.92E-05 002.9 035.6 -73.0 0.572489 0.522728 1.404315 hargrave 2018-09-10 17:15:17 
TT 650 217.9  07.8 213.4  03.5 5.45E-05 038.2 297.4  52.1 0.404971 1.683632 4.961976 hargrave 2018-09-11 16:55:58 
TT 650 063.1 -42.8 019.5 -43.0 5.96E-05 005.8 023.5 -74.7 0.408199 0.734525 2.162109 hargrave 2018-09-12 09:59:55 
TT 655 144.3 -70.1 300.1 -65.5 2.52E-05 007.6 337.2 -32.9 0.183136 0.176691 0.349380 hargrave 2018-09-12 17:28:08 
TT 660 186.7 -47.0 242.7 -52.7 1.90E-05 003.0 321.7 -05.7 0.081330 0.071390 0.052404 hargrave 2018-09-20 16:55:47 
TT 665 180.3 -29.8 215.0 -48.6 2.19E-05 002.2 304.9  00.3 0.072137 0.054334 0.053269 hargrave 2018-09-21 15:36:01 
TT 670 129.0 -62.6 314.3 -73.9 3.89E-06 005.7 329.3 -40.2 0.036996 0.013045 0.018233 hargrave 2018-09-24 16:48:11 
TT 672 296.4 -47.2 301.1 -04.5 5.15E-06 004.8 028.8  03.7 0.029512 0.040722 0.019244 hargrave 2018-09-25 15:09:13 
TT 674 344.0 -34.2 337.9  04.0 5.68E-06 001.9 060.3 -17.8 0.014052 0.014474 0.007894 hargrave 2018-09-26 11:29:56 
TT 676 306.7 -34.6 307.5  08.8 4.84E-06 005.1 043.1  07.6 0.010519 0.021344 0.038734 hargrave 2018-10-04 11:25:26 
TT 678 026.8  17.3 043.1  22.1 5.48E-06 005.3 131.4 -26.9 0.056128 0.015487 0.023897 hargrave 2018-10-05 09:12:51 
TT 680 339.0 -08.0 343.5  30.1 3.98E-06 012.9 081.9 -01.9 0.052266 0.101502 0.059661 hargrave 2018-10-09 11:24:08 
TT 680 332.0 -13.0 334.2  27.6 3.80E-06 002.7 074.2  01.7 0.009893 0.013237 0.015507 hargrave 2018-10-09 13:48:10 
TT 682 359.2 -00.9 007.5  26.5 3.68E-06 003.7 098.1 -16.1 0.014118 0.015814 0.020432 hargrave 2018-10-11 11:17:13 
TT 684 327.6 -21.1 327.6  20.8 5.27E-06 006.4 065.0  01.1 0.065425 0.022826 0.027914 hargrave 2018-10-12 09:23:39 
TT 686 006.6  05.0 018.0  26.8 5.16E-06 009.8 107.4 -19.3 0.076013 0.027921 0.042334 hargrave 2018-10-12 17:35:36 
TT 686 006.2 -06.9 009.8  17.6 5.05E-06 023.3 096.2 -25.1 0.027960 0.070634 0.251095 hargrave 2018-10-19 10:29:35 
TT 686 022.1 -13.9 017.8  02.4 7.81E-06 010.8 097.6 -42.2 0.031045 0.104974 0.274449 hargrave 2018-10-19 11:23:37 
TT 688 043.3 -31.6 019.5 -23.8 4.18E-05 004.7 076.9 -65.8 0.162284 0.565807 1.740081 hargrave 2018-10-19 17:05:52 
TT 690 015.5  18.9 036.1  31.0 4.12E-06 021.1 124.6 -18.0 0.032559 0.044840 0.175410 hargrave 2018-10-20 16:08:37 
