TR016 -Ca mag compass orientation (IGRF corrected)
  766.3 336.3  61.0  41.0  43.5   1.0
NRM    156.5 -47.1 232.4 -72.6 3.66E-05 003.8 313.3 -20.7 0.154867 0.090266 0.191804 hargrave 2018-05-11 14:13:49 
TT 100 157.7 -46.7 231.5 -71.7 3.77E-05 003.0 313.3 -19.8 0.121679 0.082031 0.157681 hargrave 2018-05-14 12:56:36 
TT 200 158.0 -46.6 231.2 -71.5 3.76E-05 002.9 313.2 -19.5 0.083934 0.099607 0.158135 hargrave 2018-05-15 10:52:57 
TT 300 159.3 -47.0 232.7 -70.7 3.78E-05 003.0 313.9 -18.9 0.052896 0.136135 0.156193 hargrave 2018-05-16 09:29:12 
TT 350 161.0 -48.1 236.4 -69.7 3.80E-05 003.7 315.5 -18.2 0.180487 0.094362 0.156954 hargrave 2018-05-16 17:16:41 
TT 400 160.4 -46.5 231.8 -69.9 3.83E-05 002.8 313.8 -18.0 0.057834 0.120772 0.158205 hargrave 2018-05-18 10:21:28 
TT 450 160.9 -45.3 228.7 -69.3 3.86E-05 002.9 312.8 -17.2 0.085281 0.097064 0.168159 hargrave 2018-05-18 16:39:24 
TT 475 161.7 -46.1 231.2 -68.9 3.86E-05 002.9 313.8 -17.0 0.102894 0.086943 0.164954 hargrave 2018-05-21 14:50:38 
TT 500 162.9 -46.5 232.8 -68.2 3.87E-05 002.2 314.6 -16.4 0.091729 0.057970 0.120869 hargrave 2018-07-31 09:32:01 
TT 525 161.1 -48.4 237.5 -69.7 3.90E-05 002.1 315.9 -18.3 0.054684 0.082296 0.128493 hargrave 2018-07-31 16:15:54 
TT 550 163.3 -44.5 227.9 -67.4 3.85E-05 002.5 312.8 -15.3 0.117971 0.058944 0.125782 hargrave 2018-08-01 14:20:27 
TT 555 161.4 -45.1 228.4 -68.9 3.85E-05 003.2 312.8 -16.8 0.051083 0.112607 0.188359 hargrave 2018-08-02 11:29:48 
TT 560 164.3 -45.2 230.1 -66.9 3.83E-05 002.2 313.8 -15.0 0.055500 0.094282 0.121842 hargrave 2018-08-03 14:37:25 
TT 565 163.0 -44.3 227.2 -67.6 3.82E-05 002.9 312.5 -15.4 0.055808 0.091168 0.172785 hargrave 2018-08-13 12:58:00 
TT 570 165.4 -46.4 233.3 -66.5 3.78E-05 002.2 315.2 -14.8 0.077577 0.056138 0.131804 hargrave 2018-08-14 09:46:23 
TT 575 165.7 -46.7 234.4 -66.4 3.75E-05 002.2 315.6 -14.8 0.076260 0.047540 0.130035 hargrave 2018-08-14 16:34:48 
TT 580 165.6 -46.3 233.3 -66.4 3.72E-05 002.4 315.2 -14.7 0.098366 0.047680 0.134092 hargrave 2018-08-15 13:09:09 
TT 600 164.6 -45.1 229.8 -66.7 3.65E-05 002.2 313.7 -14.7 0.049551 0.082519 0.122279 hargrave 2018-08-16 09:36:35 
TT 620 165.3 -44.6 228.9 -66.1 3.55E-05 002.0 313.5 -14.1 0.061133 0.061236 0.115511 hargrave 2018-08-16 16:31:30 
TT 630 167.0 -44.1 228.7 -64.8 3.47E-05 001.9 313.6 -12.7 0.055618 0.070131 0.104393 hargrave 2018-08-17 14:38:07 
TT 640 167.1 -42.3 225.0 -64.1 3.51E-05 001.6 312.1 -11.9 0.043548 0.074149 0.077260 hargrave 2018-08-28 16:14:02 
TT 645 158.6 -46.9 232.2 -71.2 3.48E-05 003.6 313.6 -19.3 0.056345 0.150155 0.168418 hargrave 2018-09-10 15:05:30 
TT 650 167.8 -38.4 217.6 -62.0 3.37E-05 001.7 308.9 -09.5 0.052077 0.110117 0.068396 hargrave 2018-09-11 16:59:05 
TT 655 168.0 -40.9 222.7 -62.9 3.18E-05 001.7 311.2 -10.5 0.078470 0.090967 0.085720 hargrave 2018-09-12 17:31:02 
TT 660 169.8 -36.4 215.8 -59.6 2.88E-05 001.4 308.0 -07.1 0.062555 0.074403 0.057407 hargrave 2018-09-20 16:58:40 
TT 665 175.4 -66.4 277.6 -59.5 9.68E-06 004.1 336.4 -19.3 0.036691 0.028182 0.078397 hargrave 2018-09-21 15:38:54 
TT 670 155.4 -10.5 168.8 -48.4 5.25E-06 005.8 278.8 -05.8 0.024616 0.014709 0.049561 hargrave 2018-09-24 16:51:06 
TT 672 010.9  21.8 035.2  36.2 3.43E-06 005.9 127.2 -16.3 0.009701 0.019534 0.029988 hargrave 2018-09-25 15:12:19 
TT 674 139.3  22.6 139.1 -20.5 4.13E-06 004.3 242.1 -02.9 0.013420 0.026835 0.021529 hargrave 2018-09-26 11:33:00 
TT 676 070.1  57.2 099.4  25.4 3.59E-06 004.1 182.1 -03.7 0.028380 0.014649 0.019643 hargrave 2018-10-04 11:28:34 
TT 678 117.8  32.8 119.8 -09.8 2.24E-06 006.3 222.1 -11.2 0.035068 0.004624 0.006722 hargrave 2018-10-05 09:15:50 
TT 680 015.9  26.4 043.2  35.7 4.08E-06 005.7 134.0 -16.5 0.025856 0.074196 0.028265 hargrave 2018-10-09 11:27:13 
TT 682 160.8  19.4 160.7 -18.8 4.15E-06 003.7 254.8  13.1 0.022129 0.014164 0.016363 hargrave 2018-10-11 11:20:14 
TT 684 019.0  35.1 053.9  38.9 4.67E-06 009.7 142.1 -11.9 0.066077 0.023019 0.047638 hargrave 2018-10-12 09:26:34 
TT 684 016.7  28.2 045.4  36.4 4.41E-06 004.1 135.8 -15.7 0.013603 0.014599 0.026400 hargrave 2018-10-12 11:18:25 
TT 686 143.6  09.3 145.9 -33.1 3.05E-06 003.5 255.6 -06.4 0.014511 0.012403 0.008791 hargrave 2018-10-12 17:38:33 
TT 688 029.5  28.9 054.5  28.1 4.65E-06 021.6 145.5 -22.3 0.015301 0.018104 0.192401 hargrave 2018-10-19 17:08:20 
TT 690 136.1 -02.0 138.2 -45.3 2.09E-06 005.9 261.7 -18.6 0.019398 0.013908 0.005888 hargrave 2018-10-20 16:11:14 
