TR016 -Ea mag compass orientation (IGRF corrected)
 766.88 258.3  32.0  41.0  43.5   1.0
NRM    082.2 -42.7 029.1 -55.6 2.39E-05 002.7 298.7 -33.3 0.082483 0.036906 0.075687 hargrave 2018-05-11 14:16:46 
TT 100 086.2 -45.6 026.1 -59.3 2.45E-05 003.1 303.6 -33.7 0.110093 0.045093 0.067260 hargrave 2018-05-14 13:00:30 
TT 200 084.3 -45.1 026.1 -57.9 2.43E-05 002.6 301.9 -34.2 0.081781 0.044005 0.069112 hargrave 2018-05-15 10:55:57 
TT 300 083.6 -45.2 025.6 -57.5 2.43E-05 003.1 301.6 -34.6 0.104207 0.038176 0.070954 hargrave 2018-05-16 09:32:12 
TT 350 085.9 -46.4 024.5 -59.3 2.44E-05 002.7 304.0 -34.4 0.087643 0.037657 0.069696 hargrave 2018-05-16 17:19:42 
TT 400 086.5 -46.3 024.9 -59.8 2.47E-05 003.1 304.3 -34.1 0.098807 0.078409 0.070009 hargrave 2018-05-18 10:24:27 
TT 450 087.4 -47.3 023.2 -60.6 2.45E-05 002.8 305.6 -34.5 0.089198 0.038513 0.074082 hargrave 2018-05-18 16:42:22 
TT 475 088.8 -48.1 022.2 -61.7 2.44E-05 003.0 307.1 -34.5 0.104443 0.040527 0.068452 hargrave 2018-05-21 14:53:38 
TT 500 088.7 -47.7 022.8 -61.6 2.43E-05 001.9 306.8 -34.3 0.061444 0.041758 0.044846 hargrave 2018-07-31 09:36:09 
TT 525 087.0 -49.4 018.9 -60.8 2.45E-05 002.5 307.1 -36.3 0.074165 0.056968 0.066961 hargrave 2018-07-31 16:19:06 
TT 550 087.6 -47.6 022.7 -60.8 2.41E-05 001.7 306.0 -34.7 0.054090 0.040772 0.034470 hargrave 2018-08-01 14:23:45 
TT 555 088.7 -48.8 020.7 -61.8 2.43E-05 002.3 307.6 -35.1 0.079557 0.037964 0.048763 hargrave 2018-08-02 11:33:01 
TT 560 090.9 -48.5 021.9 -63.2 2.39E-05 002.3 308.8 -33.9 0.075200 0.042976 0.049433 hargrave 2018-08-03 14:40:39 
TT 565 090.3 -49.2 020.3 -62.9 2.41E-05 002.9 308.9 -34.7 0.083070 0.040551 0.086151 hargrave 2018-08-13 13:01:10 
TT 570 091.0 -49.4 020.0 -63.4 2.37E-05 002.5 309.5 -34.6 0.074951 0.051867 0.056612 hargrave 2018-08-14 09:49:34 
TT 575 090.5 -49.0 020.7 -63.0 2.36E-05 004.0 308.9 -34.5 0.135696 0.081084 0.063909 hargrave 2018-08-14 16:38:01 
TT 580 090.6 -49.3 020.0 -63.1 2.35E-05 002.3 309.2 -34.7 0.063944 0.049290 0.061225 hargrave 2018-08-15 13:12:21 
TT 600 092.5 -50.3 018.3 -64.4 2.33E-05 002.4 311.1 -34.7 0.073572 0.045826 0.054580 hargrave 2018-08-16 09:39:47 
TT 620 091.9 -51.2 016.1 -64.2 2.29E-05 002.6 311.5 -35.7 0.082753 0.047593 0.047558 hargrave 2018-08-16 16:34:38 
TT 630 093.0 -51.8 014.8 -64.9 2.26E-05 002.8 312.6 -35.7 0.087180 0.044402 0.052471 hargrave 2018-08-17 14:41:22 
TT 640 092.7 -51.6 015.2 -64.7 2.22E-05 002.7 312.2 -35.7 0.072709 0.064122 0.061588 hargrave 2018-08-28 16:17:14 
TT 645 089.0 -54.8 007.9 -62.5 2.26E-05 003.1 312.7 -39.5 0.059652 0.046571 0.111129 hargrave 2018-09-10 15:08:40 
TT 650 092.3 -51.9 014.5 -64.5 2.11E-05 002.1 312.2 -36.0 0.046903 0.057432 0.034579 hargrave 2018-09-11 17:02:14 
TT 655 090.2 -54.4 008.6 -63.3 2.15E-05 002.4 313.1 -38.8 0.061955 0.066892 0.025749 hargrave 2018-09-12 17:34:04 
TT 660 092.4 -51.5 015.4 -64.5 2.11E-05 002.3 312.0 -35.7 0.057078 0.048573 0.050490 hargrave 2018-09-20 17:01:40 
TT 665 098.8 -58.8 356.4 -67.2 1.89E-05 002.7 321.4 -39.0 0.040015 0.068855 0.047178 hargrave 2018-09-21 15:41:51 
TT 670 091.5 -55.0 007.5 -64.0 1.66E-05 002.2 314.3 -38.7 0.032132 0.050393 0.036178 hargrave 2018-09-24 16:54:08 
TT 672 094.1 -59.0 357.8 -64.9 8.89E-06 003.5 319.1 -40.7 0.046138 0.029384 0.025947 hargrave 2018-09-25 15:15:28 
TT 674 057.1 -51.1 006.8 -43.2 4.37E-06 003.1 290.6 -51.3 0.011515 0.026872 0.004526 hargrave 2018-09-26 11:36:08 
TT 676 090.6 -54.6 008.3 -63.5 2.58E-06 001.6 313.5 -38.7 0.006646 0.007451 0.006615 hargrave 2018-10-04 11:31:47 
TT 678 042.1  03.7 044.4  02.0 1.99E-06 007.8 236.4 -14.9 0.027834 0.007586 0.006467 hargrave 2018-10-05 09:18:51 
TT 680 291.5 -34.4 294.9  07.2 1.09E-06 026.9 097.0 -45.9 0.016894 0.063068 0.004611 hargrave 2018-10-09 11:31:14 
TT 680 296.4 -41.4 300.1  01.1 9.74E-07 008.0 094.1 -53.8 0.005693 0.014818 0.004468 hargrave 2018-10-09 13:52:16 
TT 680 288.5 -27.0 290.5  13.7 1.42E-08 086.5 100.3 -38.3 0.004093 0.073735 0.085223 hargrave 2018-10-09 14:29:05 
TT 680 287.0 -40.4 293.0  00.5 1.03E-06 010.1 087.1 -48.1 0.007273 0.021243 0.003783 hargrave 2018-10-09 15:09:38 
TT 682 013.2  39.0 054.9  44.9 1.15E-06 012.3 199.4  09.2 0.014087 0.020055 0.009945 hargrave 2018-10-11 11:23:24 
TT 682 021.2  38.0 058.2  39.1 1.12E-06 007.0 205.7  09.8 0.008350 0.011867 0.009085 hargrave 2018-10-11 13:03:34 
TT 684 268.7  08.5 253.9  37.6 1.53E-06 005.2 103.3  01.7 0.014234 0.014772 0.008320 hargrave 2018-10-12 09:29:37 
TT 686 003.9  06.8 017.0  29.9 1.39E-06 007.5 197.0 -23.9 0.009221 0.015198 0.005802 hargrave 2018-10-12 17:41:31 
TT 688 315.7 -33.4 315.0  10.0 4.31E-06 018.7 124.2 -57.1 0.055463 0.034865 0.272758 hargrave 2018-10-19 17:10:53 
TT 690 002.8  21.2 028.0  41.2 1.47E-06 016.0 193.7 -09.9 0.005919 0.018076 0.040049 hargrave 2018-10-20 16:13:51 
