TR006 -Da mag compass orientation (IGRF corrected)
 252.01 198.3  83.0 302.6  44.3   1.0
NRM    351.9  33.4 359.6 -02.8 1.23E-05 001.5 231.7 -17.5 0.030768 0.010623 0.016606 hargrave 2017-07-20 12:07:49 
TT 100 345.4  29.9 353.0 -03.2 1.05E-05 003.0 232.9 -24.0 0.039717 0.038756 0.014762 hargrave 2017-07-21 13:21:49 
TT 200 345.1  29.3 352.5 -03.5 1.04E-05 001.9 233.2 -24.5 0.023610 0.021210 0.019644 hargrave 2017-07-24 08:48:35 
TT 300 343.0  29.9 351.2 -02.1 1.01E-05 002.3 231.9 -25.9 0.025511 0.025987 0.018991 hargrave 2017-07-24 16:43:49 
TT 350 343.6  28.3 350.9 -03.7 9.91E-06 001.8 233.7 -26.1 0.023717 0.013149 0.018347 hargrave 2017-07-31 12:22:01 
TT 400 343.5  25.9 349.5 -05.6 9.27E-06 001.5 236.1 -27.1 0.019916 0.011049 0.015353 hargrave 2017-08-01 10:46:30 
TT 450 342.6  23.9 347.7 -06.9 8.50E-06 002.1 237.8 -28.7 0.028436 0.012966 0.012079 hargrave 2017-08-02 10:13:03 
TT 475 341.3  24.0 346.8 -06.2 8.28E-06 002.0 237.1 -29.7 0.022522 0.011643 0.017275 hargrave 2017-08-03 17:10:20 
TT 500 341.3  23.4 346.4 -06.7 8.05E-06 002.1 237.8 -30.0 0.024735 0.011253 0.016889 hargrave 2017-08-04 13:46:17 
TT 525 341.0  22.3 345.6 -07.5 7.75E-06 002.2 238.8 -30.6 0.021761 0.009284 0.019473 hargrave 2017-08-07 10:44:00 
TT 550 340.2  20.2 343.7 -08.8 7.21E-06 003.0 240.8 -32.2 0.034464 0.009003 0.016571 hargrave 2017-08-08 09:57:28 
TT 555 340.2  19.7 343.5 -09.2 7.13E-06 002.5 241.3 -32.4 0.028471 0.008381 0.013160 hargrave 2017-08-09 09:50:20 
TT 560 340.0  20.3 343.7 -08.7 6.97E-06 002.3 240.6 -32.3 0.023709 0.009698 0.013432 hargrave 2017-08-16 11:13:54 
TT 565 340.4  21.4 344.6 -07.9 6.88E-06 002.3 239.6 -31.6 0.022729 0.010733 0.013018 hargrave 2017-08-16 19:35:31 
TT 570 340.4  20.8 344.3 -08.4 6.73E-06 003.5 240.2 -31.7 0.036861 0.013467 0.013387 hargrave 2017-08-17 16:18:51 
TT 575 340.1  20.4 343.8 -08.6 6.75E-06 003.5 240.5 -32.2 0.037424 0.011907 0.013832 hargrave 2017-08-18 11:57:54 
TT 580 339.5  17.8 341.9 -10.4 6.35E-06 003.5 243.2 -33.7 0.036127 0.007655 0.014569 hargrave 2017-08-21 09:14:30 
TT 600 336.4  20.7 341.2 -06.3 5.85E-06 002.7 238.5 -35.2 0.022328 0.007195 0.015535 hargrave 2017-08-21 18:01:53 
TT 620 340.3  23.6 345.8 -06.1 5.60E-06 002.6 237.2 -30.8 0.019079 0.006601 0.017140 hargrave 2017-08-22 17:02:16 
TT 630 337.8  22.4 343.3 -05.7 5.83E-06 003.4 237.3 -33.3 0.027761 0.011999 0.018852 hargrave 2017-08-23 16:03:14 
TT 640 342.1  17.7 344.0 -11.9 5.33E-06 004.2 244.3 -31.4 0.032600 0.018657 0.017797 hargrave 2017-08-24 12:43:13 
TT 645 333.9  23.1 340.7 -03.0 5.20E-06 005.3 234.6 -36.2 0.044752 0.014983 0.013052 hargrave 2017-08-25 09:02:51 
TT 650 341.0  18.2 343.3 -10.9 5.69E-06 003.9 243.3 -32.2 0.027694 0.030500 0.015776 hargrave 2017-08-29 11:50:44 
TT 655 319.8  14.5 324.9 -01.2 4.33E-06 004.9 235.4 -52.1 0.025378 0.028540 0.007704 hargrave 2017-08-30 08:27:34 
TT 660 345.6  19.2 347.6 -12.4 6.34E-06 003.1 244.0 -27.8 0.026100 0.019585 0.020610 hargrave 2017-09-01 21:46:35 
TT 665 340.0 -06.3 326.9 -30.0 4.95E-06 007.1 272.5 -38.6 0.024160 0.022863 0.080042 hargrave 2017-09-10 14:12:20 
TT 665 340.8 -06.5 327.4 -30.6 5.07E-06 007.9 272.7 -37.9 0.023884 0.018861 0.082591 hargrave 2017-09-10 15:35:59 
TT 665 340.9 -09.6 325.1 -33.1 5.18E-06 007.4 276.8 -38.0 0.020891 0.019767 0.079632 hargrave 2017-09-11 07:54:37 
TT 665 340.9 -08.8 325.8 -32.5 5.18E-06 007.5 275.7 -37.9 0.024106 0.019528 0.078736 hargrave 2017-09-11 08:16:08 
TT 670 349.4  02.5 341.5 -28.5 5.55E-06 007.9 263.4 -28.3 0.037837 0.017440 0.076569 hargrave 2017-09-12 20:23:37 
TT 670 350.0 -00.6 340.2 -31.5 5.44E-06 007.1 266.9 -28.1 0.018719 0.018378 0.074984 hargrave 2017-09-13 09:18:16 
TT 670 353.0  01.1 344.1 -31.6 5.75E-06 007.7 265.5 -25.0 0.024020 0.018259 0.080457 hargrave 2017-09-14 14:22:07 
TT 670 352.3  01.8 343.9 -30.6 5.67E-06 007.6 264.6 -25.6 0.026851 0.019155 0.079482 hargrave 2017-09-14 15:16:12 
TT 672 317.4 -02.6 311.5 -12.2 3.28E-06 005.3 262.7 -60.6 0.017644 0.021189 0.063943 hargrave 2017-09-15 12:38:01 
TT 674 334.0  09.5 332.5 -13.9 4.05E-06 007.4 250.6 -41.6 0.022841 0.018691 0.066588 hargrave 2017-09-16 19:31:49 
TT 674 339.2  11.1 337.7 -15.7 4.38E-06 008.1 250.7 -36.2 0.028324 0.018455 0.066935 hargrave 2017-09-19 09:30:13 
TT 676 311.2 -03.0 306.7 -08.1 3.07E-06 004.3 261.2 -66.9 0.014852 0.020731 0.062776 hargrave 2017-09-19 21:48:22 
TT 678 349.8  10.6 346.7 -21.8 5.11E-06 006.8 254.5 -26.2 0.031430 0.018911 0.059806 hargrave 2017-09-22 22:36:32 
TT 680 313.3  02.9 312.3 -05.3 2.09E-06 006.3 249.2 -63.2 0.012163 0.014990 0.048584 hargrave 2017-09-24 20:23:01 
TT 682 012.2 -25.7 346.4 -64.2 2.76E-06 012.2 295.1 -08.5 0.013922 0.010163 0.059261 hargrave 2017-09-26 14:02:59 
TT 682 011.9 -24.3 347.7 -62.9 2.74E-06 012.0 293.6 -08.7 0.013931 0.011201 0.057884 hargrave 2017-09-26 15:55:12 
TT 684 318.7  13.1 323.2 -01.5 8.72E-07 026.2 236.4 -53.7 0.011940 0.012649 0.055860 hargrave 2017-10-01 14:16:01 
TT 684 322.5  12.0 325.2 -04.8 9.23E-07 026.8 241.0 -51.1 0.013645 0.009706 0.057118 hargrave 2017-10-01 16:59:42 
TT 684 323.7  09.8 324.7 -07.3 9.28E-07 027.1 245.0 -50.9 0.015186 0.009028 0.056950 hargrave 2017-10-01 18:47:45 
TT 686 358.1  37.1 005.7 -01.6 2.11E-06 014.7 229.8 -11.6 0.027714 0.018765 0.046349 hargrave 2017-10-02 14:20:47 
TT 686 358.9  35.4 005.6 -03.4 2.10E-06 013.8 231.7 -11.4 0.024210 0.016220 0.044920 hargrave 2017-10-02 16:26:53 
TT 686 358.6  36.2 005.7 -02.5 2.12E-06 013.3 230.8 -11.4 0.023600 0.016755 0.043467 hargrave 2017-10-02 17:51:59 
TT 688 173.2 -31.2 179.6  05.2 2.43E-06 008.4 054.2  17.3 0.010733 0.013324 0.036512 hargrave 2017-10-03 17:20:29 
TT 688 172.6 -33.7 180.2  02.8 2.53E-06 008.8 051.6  16.9 0.014021 0.015177 0.035852 hargrave 2017-10-05 08:28:53 
TT 688 171.8 -35.0 180.3  01.3 2.58E-06 008.8 050.1  17.0 0.020883 0.014016 0.036417 hargrave 2017-10-05 10:29:44 
TT 690 018.0  42.6 021.9 -00.7 2.61E-06 009.2 227.6  04.5 0.031786 0.009415 0.037552 hargrave 2017-10-06 08:20:46 
TT 690 020.1  41.7 023.3 -01.9 2.45E-06 009.1 228.6  06.0 0.013583 0.010395 0.037373 hargrave 2017-10-06 09:31:04 
TT 690 019.8  41.9 023.1 -01.7 2.46E-06 009.5 228.4  05.8 0.014842 0.011894 0.038525 hargrave 2017-10-06 10:04:35 
TT 692 289.6  20.9 308.8  23.7 2.56E-06 006.8 182.5 -62.0 0.013440 0.013676 0.042432 hargrave 2017-10-08 11:09:39 
