TR006 -Pa mag compass orientation (IGRF corrected)
 259.31 208.3  82.0 302.6  44.3   1.0
NRM    288.0  43.8 329.4  38.5 1.49E-05 002.4 170.7 -37.4 0.038019 0.052064 0.031777 hargrave 2017-07-20 12:24:14 
TT 100 285.0  39.9 323.7  38.4 1.41E-05 003.2 166.5 -40.5 0.031777 0.073521 0.017591 hargrave 2017-07-21 13:38:40 
TT 200 285.8  39.8 324.0  37.8 1.39E-05 003.0 167.3 -40.8 0.031098 0.063466 0.024918 hargrave 2017-07-24 09:04:36 
TT 300 285.1  39.1 322.9  37.9 1.37E-05 003.3 166.4 -41.3 0.032591 0.068289 0.025746 hargrave 2017-07-24 17:00:01 
TT 350 283.4  38.7 321.6  38.8 1.36E-05 002.7 164.6 -41.3 0.042895 0.041632 0.026813 hargrave 2017-07-31 12:41:39 
TT 400 281.8  38.0 319.9  39.5 1.34E-05 001.9 162.6 -41.5 0.031133 0.031667 0.020440 hargrave 2017-08-01 11:06:03 
TT 450 279.0  37.4 317.7  41.1 1.31E-05 002.4 159.6 -41.1 0.039808 0.050448 0.015612 hargrave 2017-08-02 10:28:55 
TT 475 277.8  35.9 315.4  41.1 1.28E-05 002.2 157.6 -42.0 0.025761 0.040619 0.022514 hargrave 2017-08-03 17:26:31 
TT 500 278.2  35.8 315.5  40.7 1.27E-05 003.1 157.9 -42.3 0.044143 0.052133 0.020582 hargrave 2017-08-04 14:02:51 
TT 525 276.5  35.3 314.0  41.7 1.25E-05 002.8 155.9 -42.0 0.038839 0.043062 0.024578 hargrave 2017-08-07 11:03:27 
TT 550 274.6  33.6 310.9  42.0 1.23E-05 002.1 152.9 -42.7 0.029084 0.036457 0.017629 hargrave 2017-08-08 10:16:59 
TT 555 274.9  33.4 310.8  41.7 1.23E-05 001.6 153.0 -43.0 0.024781 0.028130 0.017067 hargrave 2017-08-09 10:09:07 
TT 560 274.0  32.3 309.0  41.7 1.19E-05 002.1 151.3 -43.5 0.030408 0.030175 0.017383 hargrave 2017-08-16 11:34:59 
TT 565 273.3  33.0 309.4  42.6 1.18E-05 002.0 151.3 -42.6 0.026828 0.031385 0.018277 hargrave 2017-08-16 19:54:45 
TT 570 273.4  33.5 310.0  42.7 1.17E-05 002.2 151.7 -42.3 0.025929 0.035253 0.017717 hargrave 2017-08-17 16:38:16 
TT 575 272.4  32.7 308.5  43.1 1.15E-05 002.6 150.1 -42.4 0.026301 0.044574 0.016499 hargrave 2017-08-18 12:18:05 
TT 580 271.9  32.5 307.9  43.3 1.12E-05 002.3 149.5 -42.3 0.024963 0.036597 0.015715 hargrave 2017-08-21 09:33:51 
TT 600 269.3  31.8 305.3  44.7 1.09E-05 001.9 146.6 -41.5 0.024448 0.027967 0.014922 hargrave 2017-08-21 18:21:19 
TT 620 268.7  34.0 307.6  46.3 1.06E-05 002.2 148.0 -39.5 0.027582 0.032001 0.016114 hargrave 2017-08-22 17:21:42 
TT 630 265.9  32.9 304.4  47.7 1.04E-05 001.9 144.8 -38.8 0.022178 0.027520 0.014950 hargrave 2017-08-23 16:22:48 
TT 640 265.8  31.5 302.5  46.9 1.01E-05 002.0 143.4 -39.7 0.022747 0.028467 0.016012 hargrave 2017-08-24 13:03:25 
TT 645 266.0  32.5 303.8  47.3 1.03E-05 002.0 144.4 -39.2 0.022277 0.029097 0.015747 hargrave 2017-08-25 09:22:10 
TT 650 263.6  30.5 299.8  47.9 1.01E-05 002.0 140.8 -39.1 0.021317 0.026225 0.017088 hargrave 2017-08-29 12:10:13 
TT 655 263.4  30.3 299.3  47.9 9.98E-06 002.0 140.5 -39.2 0.017574 0.031855 0.013233 hargrave 2017-08-30 08:43:09 
TT 660 266.0  31.4 302.5  46.7 9.74E-06 002.3 143.5 -39.9 0.025339 0.030420 0.015785 hargrave 2017-09-01 22:05:47 
TT 665 261.5  30.2 297.7  49.1 1.01E-05 002.0 138.9 -38.0 0.024555 0.027667 0.018966 hargrave 2017-09-10 14:31:40 
TT 670 264.2  31.5 301.4  48.0 9.57E-06 002.0 142.2 -38.8 0.024334 0.028928 0.017465 hargrave 2017-09-12 20:43:11 
TT 672 262.3  30.8 299.1  48.9 9.84E-06 002.8 140.1 -38.1 0.033143 0.037332 0.019390 hargrave 2017-09-15 12:57:56 
TT 674 263.1  30.5 299.4  48.3 9.49E-06 002.1 140.4 -38.8 0.024761 0.028352 0.016225 hargrave 2017-09-16 19:51:31 
TT 676 259.9  29.2 295.2  49.7 9.26E-06 002.2 136.8 -37.5 0.028412 0.028821 0.014477 hargrave 2017-09-19 22:08:05 
TT 678 263.8  31.6 301.2  48.4 8.91E-06 002.4 141.9 -38.5 0.024936 0.034642 0.014163 hargrave 2017-09-22 22:57:25 
TT 680 262.8  30.9 299.6  48.6 8.96E-06 002.5 140.6 -38.4 0.022981 0.036609 0.014611 hargrave 2017-09-24 20:42:52 
TT 682 270.8  30.8 305.2  43.1 7.56E-06 002.5 147.1 -43.1 0.018189 0.027875 0.015340 hargrave 2017-09-26 14:23:03 
TT 684 277.0  35.2 314.1  41.3 5.69E-06 002.5 156.3 -42.3 0.012395 0.018380 0.017469 hargrave 2017-10-01 14:36:56 
TT 686 311.8  49.3 345.8  28.0 2.54E-06 005.7 190.3 -31.5 0.008177 0.012719 0.024609 hargrave 2017-10-02 14:40:48 
TT 688 196.0  06.7 187.2  48.4 1.54E-06 004.4 095.1  13.1 0.008467 0.003215 0.008435 hargrave 2017-10-03 17:42:27 
TT 690 198.4  81.5 036.1  53.9 4.04E-07 013.0 171.5  09.4 0.007197 0.002594 0.009300 hargrave 2017-10-06 08:42:53 
TT 690 193.5  79.2 038.9  55.8 3.92E-07 015.6 169.4  10.6 0.004861 0.002510 0.011241 hargrave 2017-10-06 09:37:39 
TT 690 187.5  80.3 039.6  54.3 3.97E-07 014.8 170.8  11.3 0.004604 0.002836 0.010791 hargrave 2017-10-06 10:11:06 
TT 692 344.1  50.7 003.2  15.1 8.89E-07 010.4 208.7 -19.3 0.005095 0.008473 0.014248 hargrave 2017-10-08 11:29:15 
TT 692 345.8  51.7 004.7  15.4 8.79E-07 010.7 208.7 -17.8 0.003893 0.007413 0.015860 hargrave 2017-10-08 12:36:49 
TT 692 342.2  53.7 003.9  18.3 8.77E-07 008.4 205.6 -18.1 0.002700 0.001563 0.013755 hargrave 2017-10-08 13:39:42 
