TR006 -Wa mag compass orientation (IGRF corrected)
 262.78 221.3  98.0 302.6  44.3   1.0
NRM    080.7  04.0 087.3 -24.5 5.66E-05 002.3 258.5  38.1 0.187044 0.110429 0.126728 hargrave 2017-07-20 12:35:14 
TT 100 081.1  03.5 088.0 -24.7 5.58E-05 001.8 258.9  38.7 0.156811 0.113633 0.051508 hargrave 2017-07-21 13:50:09 
TT 200 081.6  04.2 087.9 -23.9 5.52E-05 002.8 257.9  38.9 0.233362 0.136093 0.096551 hargrave 2017-07-24 09:16:04 
TT 300 081.7  04.3 088.0 -23.7 5.48E-05 002.2 257.8  39.0 0.164699 0.144516 0.089833 hargrave 2017-07-24 17:11:32 
TT 350 081.9  03.3 088.8 -24.4 5.39E-05 002.4 258.9  39.4 0.184011 0.120867 0.098655 hargrave 2017-07-31 12:55:15 
TT 400 082.5  03.1 089.5 -24.3 5.39E-05 002.2 259.1  40.1 0.155733 0.117904 0.097757 hargrave 2017-08-01 11:19:42 
TT 450 082.9  00.8 091.3 -25.8 5.33E-05 002.4 261.9  40.9 0.176570 0.116577 0.096765 hargrave 2017-08-02 10:40:01 
TT 475 083.2  02.7 090.4 -24.1 5.35E-05 002.4 259.4  40.9 0.162793 0.149208 0.082401 hargrave 2017-08-03 17:37:56 
TT 500 083.8  03.6 090.3 -23.1 5.34E-05 003.2 258.1  41.2 0.249896 0.171033 0.083006 hargrave 2017-08-04 14:14:04 
TT 525 083.9  01.5 091.8 -24.6 5.28E-05 002.3 260.7  41.8 0.175201 0.107769 0.087234 hargrave 2017-08-07 11:16:57 
TT 550 083.9  00.2 092.6 -25.8 5.22E-05 001.8 262.5  42.0 0.111009 0.106236 0.082730 hargrave 2017-08-08 10:30:29 
TT 555 084.5  02.6 091.5 -23.4 5.29E-05 002.7 259.1  42.1 0.233997 0.095716 0.069318 hargrave 2017-08-09 10:22:13 
TT 560 084.3  01.6 092.0 -24.4 5.15E-05 002.0 260.5  42.1 0.118670 0.107994 0.093779 hargrave 2017-08-16 11:49:22 
TT 565 083.9  00.7 092.4 -25.3 5.10E-05 002.0 261.8  42.0 0.132243 0.105051 0.081521 hargrave 2017-08-16 20:08:05 
TT 570 084.1  01.3 092.1 -24.8 5.07E-05 001.8 261.0  42.0 0.107799 0.104986 0.084467 hargrave 2017-08-17 16:51:52 
TT 575 083.9  01.1 092.1 -25.0 5.05E-05 002.0 261.3  41.9 0.126379 0.110792 0.092506 hargrave 2017-08-18 12:31:31 
TT 580 084.4  00.8 092.7 -25.0 4.99E-05 001.7 261.6  42.4 0.079817 0.098787 0.097255 hargrave 2017-08-21 09:48:01 
TT 600 084.3 -00.4 093.4 -25.9 4.90E-05 001.7 263.1  42.6 0.092759 0.096940 0.085589 hargrave 2017-08-21 18:34:41 
TT 620 085.6 -01.3 095.2 -25.9 4.76E-05 002.1 264.1  44.0 0.128318 0.097790 0.083802 hargrave 2017-08-22 17:35:09 
TT 630 086.8  00.0 095.2 -24.1 4.65E-05 001.9 261.9  44.9 0.108389 0.096469 0.084074 hargrave 2017-08-23 16:36:26 
TT 640 087.0 -00.3 095.7 -24.2 4.59E-05 002.1 262.2  45.2 0.117956 0.101923 0.087333 hargrave 2017-08-24 13:16:56 
TT 645 087.3 -01.6 096.8 -25.1 4.52E-05 002.1 264.1  45.7 0.121083 0.095288 0.084379 hargrave 2017-08-25 09:35:35 
TT 650 087.1 -02.2 097.1 -25.6 4.50E-05 002.1 265.0  45.7 0.122327 0.091630 0.101313 hargrave 2017-08-29 12:23:49 
TT 655 087.1 -03.1 097.7 -26.3 4.45E-05 003.1 266.2  45.8 0.215494 0.119231 0.074165 hargrave 2017-08-30 08:54:08 
TT 660 086.8 -03.2 097.5 -26.6 4.39E-05 002.0 266.4  45.4 0.117570 0.096414 0.071615 hargrave 2017-09-01 22:19:05 
TT 665 087.4 -02.9 097.8 -26.0 4.43E-05 002.1 265.9  46.0 0.128929 0.094713 0.073353 hargrave 2017-09-10 14:45:01 
TT 670 086.7 -02.3 096.8 -25.9 4.40E-05 001.7 265.1  45.3 0.085479 0.113025 0.047626 hargrave 2017-09-12 20:56:40 
TT 672 087.1 -03.5 098.0 -26.6 4.36E-05 001.8 266.7  45.8 0.100669 0.110507 0.050748 hargrave 2017-09-15 13:20:57 
TT 674 086.9 -03.3 097.7 -26.6 4.37E-05 002.0 266.5  45.6 0.109877 0.114281 0.047633 hargrave 2017-09-16 20:05:04 
TT 676 087.3 -03.0 097.9 -26.1 4.34E-05 001.9 266.1  46.0 0.091071 0.118596 0.048882 hargrave 2017-09-19 22:22:40 
TT 678 087.3 -04.5 098.9 -27.3 4.31E-05 002.3 268.1  46.1 0.126324 0.125946 0.059593 hargrave 2017-09-23 14:23:31 
TT 680 087.2 -04.8 099.0 -27.6 4.28E-05 002.2 268.6  46.0 0.115261 0.122593 0.056600 hargrave 2017-09-24 20:56:34 
TT 682 087.3 -04.9 099.2 -27.6 4.15E-05 002.3 268.7  46.2 0.112023 0.129961 0.065460 hargrave 2017-09-26 14:48:07 
TT 684 087.6 -06.1 100.3 -28.3 3.95E-05 001.9 270.4  46.6 0.093273 0.097901 0.041046 hargrave 2017-10-01 14:51:52 
TT 686 089.2 -07.3 102.6 -28.2 3.55E-05 002.6 272.0  48.3 0.144586 0.087717 0.021537 hargrave 2017-10-02 14:55:52 
TT 688 089.8 -09.2 104.5 -29.2 2.36E-05 003.4 274.8  49.0 0.107487 0.088964 0.043256 hargrave 2017-10-03 17:58:11 
TT 690 094.0 -10.9 109.2 -27.6 1.14E-05 002.4 277.5  53.1 0.030804 0.038630 0.016241 hargrave 2017-10-06 08:57:16 
TT 692 080.1  09.9 083.2 -20.0 5.37E-06 003.1 251.6  36.0 0.021531 0.017151 0.015077 hargrave 2017-10-08 11:43:10 
