TR006 -Ga mag compass orientation (IGRF corrected)
 254.86 212.3  89.0 302.6  44.3   1.0
NRM    033.8  64.1 033.2  19.8 3.10E-05 002.4 205.9  01.6 0.097460 0.105430 0.041636 hargrave 2017-07-20 12:12:06 
TT 100 033.1  60.3 032.9  16.0 3.01E-05 004.6 209.7  01.3 0.121650 0.215573 0.037081 hargrave 2017-07-21 13:25:16 
TT 200 033.2  61.3 032.9  17.0 3.02E-05 002.5 208.7  01.3 0.054266 0.120955 0.047503 hargrave 2017-07-24 08:52:00 
TT 300 033.4  60.5 033.0  16.2 2.99E-05 003.3 209.5  01.4 0.075365 0.155394 0.047632 hargrave 2017-07-24 16:47:17 
TT 350 035.4  62.5 033.9  18.2 2.96E-05 001.3 207.5  02.3 0.068850 0.033450 0.054394 hargrave 2017-07-31 12:26:30 
TT 400 035.9  61.5 034.3  17.2 2.90E-05 001.5 208.5  02.6 0.071510 0.063994 0.044575 hargrave 2017-08-01 10:51:00 
TT 450 038.7  62.5 035.6  18.3 2.81E-05 002.8 207.4  03.9 0.108243 0.115332 0.040840 hargrave 2017-08-02 10:16:33 
TT 475 038.2  63.1 035.3  18.8 2.81E-05 002.6 206.9  03.5 0.059325 0.126242 0.046366 hargrave 2017-08-03 17:13:57 
TT 500 038.9  62.1 035.7  17.9 2.77E-05 002.5 207.8  04.0 0.076933 0.115454 0.047088 hargrave 2017-08-04 13:49:50 
TT 525 039.5  62.6 036.0  18.4 2.73E-05 002.3 207.2  04.2 0.071341 0.077469 0.063219 hargrave 2017-08-07 10:48:27 
TT 550 040.6  64.2 036.3  20.1 2.66E-05 002.7 205.6  04.5 0.081889 0.105569 0.046189 hargrave 2017-08-08 10:01:54 
TT 555 040.4  63.3 036.3  19.2 2.66E-05 002.2 206.5  04.5 0.082061 0.088913 0.030672 hargrave 2017-08-09 09:54:37 
TT 560 040.8  65.8 036.2  21.7 2.60E-05 001.7 204.0  04.4 0.077587 0.055359 0.047626 hargrave 2017-08-16 11:18:21 
TT 565 041.7  65.4 036.6  21.3 2.57E-05 001.8 204.4  04.8 0.075669 0.061105 0.050048 hargrave 2017-08-16 19:39:52 
TT 570 042.4  66.1 036.9  22.1 2.55E-05 001.6 203.6  05.0 0.070655 0.050669 0.048895 hargrave 2017-08-17 16:23:16 
TT 575 043.3  66.8 037.1  22.8 2.53E-05 002.7 202.8  05.2 0.080849 0.102274 0.047326 hargrave 2017-08-18 12:02:19 
TT 580 041.6  65.1 036.7  21.0 2.51E-05 002.7 204.7  04.8 0.074915 0.099425 0.044841 hargrave 2017-08-21 09:18:59 
TT 600 041.6  65.8 036.6  21.7 2.44E-05 001.8 204.0  04.7 0.068451 0.059403 0.042023 hargrave 2017-08-21 18:06:19 
TT 620 043.0  64.9 037.3  20.9 2.41E-05 002.3 204.7  05.4 0.071001 0.082089 0.042478 hargrave 2017-08-22 17:06:43 
TT 630 039.2  65.9 035.5  21.7 2.37E-05 003.7 204.0  03.7 0.081059 0.137509 0.043218 hargrave 2017-08-23 16:07:50 
TT 640 042.7  64.4 037.2  20.4 2.37E-05 003.8 205.3  05.4 0.085571 0.138086 0.042435 hargrave 2017-08-24 12:47:38 
TT 645 046.1  68.9 037.9  25.1 2.29E-05 002.5 200.5  05.9 0.078312 0.079467 0.042609 hargrave 2017-08-25 09:07:15 
TT 650 044.9  66.8 037.8  22.9 2.30E-05 003.3 202.8  05.8 0.072413 0.113295 0.051373 hargrave 2017-08-29 11:55:10 
TT 655 049.6  69.0 039.3  25.4 2.17E-05 003.6 200.2  07.1 0.073665 0.123919 0.041568 hargrave 2017-08-30 08:31:02 
TT 660 046.8  66.5 038.7  22.7 2.30E-05 003.8 202.9  06.7 0.093402 0.129764 0.045229 hargrave 2017-09-01 21:50:54 
TT 665 046.4  65.3 038.7  21.5 2.21E-05 003.6 204.1  06.7 0.058177 0.122956 0.047437 hargrave 2017-09-10 14:16:49 
TT 670 047.7  65.6 039.3  21.9 2.21E-05 002.1 203.7  07.2 0.042048 0.064301 0.046357 hargrave 2017-09-12 20:27:59 
TT 672 048.9  67.0 039.5  23.4 2.03E-05 002.9 202.2  07.3 0.047607 0.087485 0.044682 hargrave 2017-09-15 12:42:29 
TT 674 048.4  67.8 039.1  24.1 2.11E-05 002.0 201.5  07.0 0.039843 0.058929 0.044641 hargrave 2017-09-16 19:36:13 
TT 676 053.9  69.0 040.9  25.8 1.97E-05 002.4 199.7  08.5 0.045535 0.066727 0.043781 hargrave 2017-09-19 21:52:44 
TT 678 045.7  67.4 038.1  23.6 1.92E-05 002.4 202.0  06.0 0.069183 0.050091 0.046740 hargrave 2017-09-22 22:41:00 
TT 680 046.7  69.3 038.1  25.5 1.54E-05 003.6 200.1  06.0 0.045345 0.083047 0.038962 hargrave 2017-09-24 20:27:30 
TT 682 046.1  67.4 038.2  23.6 9.65E-06 003.0 202.0  06.2 0.022859 0.027558 0.041516 hargrave 2017-09-26 14:07:34 
TT 684 071.0  70.0 046.7  29.0 5.47E-06 006.4 195.9  13.3 0.010334 0.029819 0.054430 hargrave 2017-10-01 14:20:19 
TT 686 042.9  56.5 038.4  12.5 4.19E-06 004.4 213.2  06.7 0.013044 0.020722 0.022681 hargrave 2017-10-02 14:25:05 
TT 688 093.0  39.9 075.4  11.2 1.32E-06 007.8 210.8  42.8 0.008337 0.004595 0.023163 hargrave 2017-10-03 17:26:25 
TT 688 094.6  39.2 076.9  11.5 1.27E-06 006.3 210.1  44.2 0.008928 0.003098 0.021278 hargrave 2017-10-05 08:33:32 
TT 690 352.0  38.0 001.7  01.3 1.47E-06 011.6 223.9 -29.9 0.015347 0.005235 0.026161 hargrave 2017-10-06 08:25:20 
TT 690 351.2  37.2 000.8  00.9 1.40E-06 010.4 224.4 -30.9 0.007672 0.005523 0.026990 hargrave 2017-10-06 09:32:41 
TT 690 352.4  36.6 001.4 -00.1 1.39E-06 010.4 225.5 -30.3 0.009666 0.007796 0.025519 hargrave 2017-10-06 10:06:08 
TT 692 109.0  35.3 088.3  16.2 7.60E-07 012.2 198.5  53.5 0.009880 0.008691 0.025454 hargrave 2017-10-08 11:13:58 
TT 692 112.3  34.9 090.6  17.9 7.45E-07 011.7 194.3  54.8 0.007529 0.007608 0.024685 hargrave 2017-10-08 12:31:51 
TT 692 112.8  34.0 091.5  17.6 7.41E-07 011.5 194.0  55.8 0.008557 0.009453 0.022901 hargrave 2017-10-08 13:35:42 
