TR006 -Fa mag compass orientation (IGRF corrected)
 254.85 196.3  74.0 302.6  44.3   1.0
NRM    042.9  60.6 037.8  16.7 3.15E-05 001.9 209.4  26.8 0.053750 0.069570 0.065562 hargrave 2017-07-20 12:10:56 
TT 100 041.6  59.5 037.3  15.5 3.09E-05 003.4 210.8  26.5 0.100285 0.176592 0.057047 hargrave 2017-07-21 13:24:06 
TT 200 040.5  57.9 036.9  13.8 3.09E-05 001.8 212.7  26.3 0.085579 0.093381 0.067941 hargrave 2017-07-24 08:50:52 
TT 300 042.3  60.3 037.6  16.3 3.04E-05 004.4 209.9  26.6 0.134190 0.196042 0.077203 hargrave 2017-07-24 16:46:07 
TT 350 041.9  59.6 037.5  15.5 3.03E-05 002.7 210.7  26.6 0.085454 0.086196 0.075505 hargrave 2017-07-31 12:24:57 
TT 400 041.6  59.0 037.4  15.0 2.98E-05 002.2 211.4  26.6 0.066020 0.071982 0.064053 hargrave 2017-08-01 10:49:27 
TT 450 044.1  58.8 038.7  14.9 2.89E-05 001.8 211.3  27.9 0.071462 0.059178 0.057696 hargrave 2017-08-02 10:15:23 
TT 475 043.7  59.1 038.5  15.2 2.90E-05 002.2 211.0  27.6 0.075277 0.098158 0.075591 hargrave 2017-08-03 17:12:47 
TT 500 045.1  59.1 039.2  15.3 2.86E-05 002.9 210.7  28.3 0.110609 0.124859 0.071887 hargrave 2017-08-04 13:48:41 
TT 525 046.2  58.8 039.9  15.1 2.79E-05 002.6 210.9  29.0 0.067100 0.060281 0.088955 hargrave 2017-08-07 10:46:58 
TT 550 047.6  59.1 040.5  15.6 2.70E-05 002.3 210.2  29.5 0.061630 0.060648 0.070548 hargrave 2017-08-08 10:00:26 
TT 555 047.5  59.0 040.5  15.5 2.73E-05 001.8 210.4  29.5 0.047528 0.052579 0.056781 hargrave 2017-08-09 09:53:11 
TT 560 048.9  59.4 041.1  15.9 2.66E-05 002.3 209.7  30.1 0.066497 0.061770 0.067448 hargrave 2017-08-16 11:16:52 
TT 565 049.5  60.3 041.2  16.8 2.60E-05 002.3 208.7  30.0 0.061284 0.057209 0.068738 hargrave 2017-08-16 19:38:24 
TT 570 047.7  57.6 040.9  14.1 2.56E-05 002.3 211.9  30.1 0.061900 0.051459 0.068200 hargrave 2017-08-17 16:21:48 
TT 575 048.1  58.6 040.9  15.1 2.54E-05 002.2 210.7  29.9 0.053151 0.053065 0.069560 hargrave 2017-08-18 12:00:51 
TT 580 048.8  59.5 041.1  16.1 2.52E-05 002.9 209.6  30.0 0.054003 0.099201 0.067525 hargrave 2017-08-21 09:17:26 
TT 600 047.4  59.7 040.3  16.0 2.40E-05 002.2 209.7  29.3 0.046155 0.054702 0.065257 hargrave 2017-08-21 18:04:51 
TT 620 049.7  61.7 041.1  18.3 2.40E-05 002.4 207.1  29.6 0.042926 0.065248 0.065393 hargrave 2017-08-22 17:05:14 
TT 630 048.6  60.9 040.7  17.4 2.31E-05 003.1 208.1  29.4 0.056670 0.095900 0.068468 hargrave 2017-08-23 16:06:16 
TT 640 048.7  60.2 040.9  16.7 2.31E-05 002.4 208.9  29.7 0.045225 0.063738 0.066459 hargrave 2017-08-24 12:46:10 
TT 645 049.3  61.0 041.0  17.5 2.26E-05 002.0 207.9  29.7 0.044276 0.046206 0.062119 hargrave 2017-08-25 09:05:47 
TT 650 049.5  60.4 041.2  17.0 2.28E-05 002.8 208.5  30.0 0.041627 0.074258 0.080011 hargrave 2017-08-29 11:53:41 
TT 655 049.4  60.8 041.1  17.4 2.21E-05 002.6 208.1  29.8 0.043848 0.082195 0.060398 hargrave 2017-08-30 08:29:53 
TT 660 047.3  59.9 040.2  16.3 2.23E-05 002.9 209.5  29.1 0.067197 0.080968 0.061057 hargrave 2017-09-01 21:49:26 
TT 665 048.4  58.9 041.0  15.4 2.17E-05 003.5 210.3  30.0 0.064828 0.101996 0.062743 hargrave 2017-09-10 14:15:21 
TT 670 049.6  59.5 041.5  16.1 2.13E-05 002.3 209.5  30.4 0.061191 0.042918 0.058190 hargrave 2017-09-12 20:26:30 
TT 672 050.5  59.2 042.0  15.9 2.04E-05 003.2 209.6  30.9 0.060775 0.083186 0.055142 hargrave 2017-09-15 12:40:59 
TT 674 052.5  60.2 042.8  17.1 2.04E-05 002.8 208.0  31.4 0.060035 0.067498 0.056410 hargrave 2017-09-16 19:34:42 
TT 676 053.0  61.6 042.7  18.6 1.98E-05 002.7 206.4  31.0 0.042677 0.067704 0.055900 hargrave 2017-09-19 21:51:15 
TT 678 050.9  59.2 042.2  16.0 1.91E-05 002.5 209.4  31.1 0.043280 0.060255 0.052453 hargrave 2017-09-22 22:39:26 
TT 680 053.9  58.2 044.1  15.4 1.59E-05 002.4 209.8  32.9 0.037550 0.043150 0.047060 hargrave 2017-09-24 20:26:00 
TT 682 055.2  59.5 044.4  16.9 1.01E-05 002.8 208.0  32.9 0.027665 0.030570 0.038734 hargrave 2017-09-26 14:06:04 
TT 684 043.5  62.7 037.9  18.7 6.16E-06 002.8 207.1  26.5 0.014318 0.026204 0.019251 hargrave 2017-10-01 14:18:52 
TT 686 036.1  48.6 034.9  04.4 3.05E-06 004.3 223.3  24.9 0.015207 0.007843 0.023735 hargrave 2017-10-02 14:23:36 
TT 688 196.4  46.6 112.3  78.7 1.75E-06 004.7 135.5  11.5 0.008332 0.006957 0.011060 hargrave 2017-10-03 17:24:57 
TT 690 040.1  26.1 039.7 -17.9 2.02E-06 003.7 248.6  28.0 0.009816 0.007070 0.013809 hargrave 2017-10-06 08:23:50 
TT 692 010.7  30.8 013.6 -11.0 2.33E-06 008.0 238.9  03.5 0.020475 0.011553 0.023539 hargrave 2017-10-08 11:12:31 
TT 692 010.9  31.1 013.8 -10.7 2.32E-06 007.2 238.6  03.8 0.016770 0.010968 0.022141 hargrave 2017-10-08 12:30:25 
TT 692 010.2  32.7 013.6 -09.0 2.30E-06 007.1 236.9  03.6 0.016147 0.010403 0.021450 hargrave 2017-10-08 13:34:34 
