TR006 -Ka mag compass orientation (IGRF corrected)
 257.45 183.3  66.0 302.6  44.3   1.0
NRM    261.6 -02.9 268.8  25.0 5.58E-05 002.1 150.1 -66.0 0.131737 0.195352 0.163210 hargrave 2017-07-20 12:19:12 
TT 100 260.2 -06.1 265.6  23.1 5.62E-05 001.9 142.9 -68.1 0.141769 0.134939 0.044070 hargrave 2017-07-21 13:32:59 
TT 200 261.6 -05.1 267.5  23.1 5.55E-05 003.0 147.5 -68.0 0.215443 0.196078 0.115359 hargrave 2017-07-24 08:59:39 
TT 300 260.4 -06.3 265.6  22.8 5.53E-05 002.5 142.9 -68.4 0.155858 0.170899 0.113535 hargrave 2017-07-24 16:55:02 
TT 350 260.3 -06.2 265.6  23.0 5.52E-05 002.3 142.8 -68.2 0.158207 0.121589 0.122839 hargrave 2017-07-31 12:35:21 
TT 400 260.1 -06.5 265.2  22.9 5.54E-05 001.9 141.9 -68.3 0.127828 0.120294 0.105301 hargrave 2017-08-01 10:59:43 
TT 450 259.3 -06.0 264.8  23.7 5.55E-05 002.3 140.9 -67.5 0.187237 0.141543 0.124250 hargrave 2017-08-02 10:23:45 
TT 475 258.9 -06.5 264.1  23.5 5.52E-05 002.6 139.4 -67.7 0.169751 0.163827 0.122455 hargrave 2017-08-03 17:21:22 
TT 500 258.6 -07.0 263.6  23.3 5.50E-05 002.8 138.0 -67.9 0.182214 0.186247 0.114381 hargrave 2017-08-04 13:56:59 
TT 525 258.5 -06.5 263.8  23.7 5.48E-05 002.9 138.6 -67.5 0.213902 0.159632 0.126419 hargrave 2017-08-07 10:57:11 
TT 550 257.1 -07.8 261.7  23.4 5.39E-05 002.0 133.5 -67.6 0.123826 0.131419 0.119753 hargrave 2017-08-08 10:10:41 
TT 555 258.0 -07.2 262.9  23.4 5.44E-05 001.6 136.4 -67.6 0.101835 0.097965 0.079325 hargrave 2017-08-09 10:03:03 
TT 560 257.5 -07.9 262.0  23.1 5.32E-05 002.0 134.1 -67.9 0.122784 0.119744 0.112471 hargrave 2017-08-16 11:27:52 
TT 565 256.2 -08.6 260.4  23.1 5.26E-05 002.3 130.3 -67.5 0.154596 0.138646 0.107502 hargrave 2017-08-16 19:48:33 
TT 570 257.1 -07.8 261.8  23.4 5.22E-05 002.4 133.6 -67.6 0.156057 0.137886 0.106202 hargrave 2017-08-17 16:31:59 
TT 575 255.8 -08.6 260.1  23.4 5.20E-05 002.1 129.8 -67.2 0.133322 0.114356 0.101389 hargrave 2017-08-18 12:10:58 
TT 580 257.1 -07.3 262.0  23.7 5.14E-05 002.4 134.4 -67.2 0.148558 0.144506 0.106661 hargrave 2017-08-21 09:27:39 
TT 600 255.6 -07.8 260.4  24.1 5.05E-05 002.3 130.8 -66.6 0.142848 0.137102 0.089036 hargrave 2017-08-21 18:15:08 
TT 620 255.1 -08.1 259.8  24.1 4.89E-05 003.2 129.5 -66.4 0.200119 0.181840 0.090869 hargrave 2017-08-22 17:15:26 
TT 630 254.6 -08.7 259.0  23.9 4.83E-05 002.7 127.5 -66.5 0.161145 0.159996 0.094316 hargrave 2017-08-23 16:16:33 
TT 640 254.7 -08.2 259.3  24.2 4.76E-05 003.4 128.5 -66.2 0.198461 0.204016 0.097641 hargrave 2017-08-24 12:57:11 
TT 645 253.4 -09.7 257.2  23.6 4.73E-05 003.0 123.5 -66.2 0.186482 0.148227 0.103571 hargrave 2017-08-25 09:15:56 
TT 650 253.0 -10.1 256.7  23.4 4.72E-05 002.2 122.3 -66.2 0.128542 0.105876 0.118568 hargrave 2017-08-29 12:03:53 
TT 655 252.7 -10.2 256.4  23.5 4.69E-05 003.0 121.7 -66.0 0.188820 0.159292 0.086417 hargrave 2017-08-30 08:38:08 
TT 660 252.6 -09.9 256.4  23.8 4.66E-05 002.1 122.1 -65.7 0.117338 0.108877 0.094896 hargrave 2017-09-01 21:59:34 
TT 665 252.9 -10.2 256.5  23.4 4.70E-05 001.9 121.8 -66.2 0.124564 0.078362 0.083004 hargrave 2017-09-10 14:25:27 
TT 670 253.2 -10.0 256.9  23.4 4.66E-05 002.0 122.7 -66.3 0.136652 0.079233 0.086548 hargrave 2017-09-12 20:37:02 
TT 672 253.2 -10.0 256.9  23.5 4.60E-05 002.6 122.6 -66.2 0.187209 0.090904 0.092642 hargrave 2017-09-15 12:51:36 
TT 674 253.2 -10.7 256.6  22.8 4.55E-05 001.9 121.4 -66.7 0.126587 0.078214 0.088042 hargrave 2017-09-16 19:45:19 
TT 676 252.5 -10.4 256.0  23.4 4.48E-05 002.3 120.8 -66.0 0.140467 0.100695 0.093017 hargrave 2017-09-19 22:01:50 
TT 678 251.3 -09.9 255.2  24.4 4.24E-05 002.5 120.1 -64.8 0.150440 0.109912 0.091407 hargrave 2017-09-22 22:51:02 
TT 680 250.9 -08.1 255.7  26.2 3.71E-05 002.4 122.8 -63.3 0.109311 0.102987 0.096055 hargrave 2017-09-24 20:36:37 
TT 682 251.6 -11.8 254.5  22.6 2.37E-05 002.4 117.0 -66.1 0.063018 0.069887 0.058241 hargrave 2017-09-26 14:16:46 
TT 684 250.5 -07.3 255.8  27.1 1.46E-05 002.5 123.7 -62.5 0.034547 0.042134 0.042586 hargrave 2017-10-01 14:30:46 
TT 686 258.4  01.3 268.7  30.2 5.95E-06 002.2 148.2 -60.8 0.023175 0.015904 0.026594 hargrave 2017-10-02 14:34:40 
TT 688 215.8  09.3 217.9  53.5 4.06E-06 004.0 113.6 -24.7 0.018327 0.009117 0.024893 hargrave 2017-10-03 17:36:13 
TT 690 261.9 -10.3 264.6  18.6 1.73E-06 003.2 139.7 -72.6 0.005303 0.005684 0.016414 hargrave 2017-10-06 08:34:50 
TT 692 279.0 -14.0 275.9  05.6 1.03E-06 009.1 209.3 -78.7 0.011931 0.008946 0.012173 hargrave 2017-10-08 11:23:08 
TT 692 278.6 -14.0 275.6  05.8 9.93E-07 008.9 207.7 -78.8 0.010668 0.008701 0.013282 hargrave 2017-10-08 12:35:07 
TT 692 277.3 -12.7 275.5  07.7 9.89E-07 008.0 199.4 -78.1 0.009483 0.008084 0.012035 hargrave 2017-10-08 13:38:22 
