TR006 -Ia mag compass orientation (IGRF corrected)
 256.45 201.3  81.0 302.6  44.3   1.0
NRM    169.3  33.6 127.3  55.0 1.58E-04 002.6 124.1  31.5 0.540607 0.425939 0.239404 hargrave 2017-07-20 12:14:32 
TT 100 168.9  38.1 120.1  57.0 1.58E-04 002.4 129.3  30.9 0.521363 0.383984 0.232028 hargrave 2017-07-21 13:27:42 
TT 200 169.9  35.4 125.0  56.4 1.57E-04 003.4 126.1  30.7 0.692799 0.579372 0.235665 hargrave 2017-07-24 08:54:25 
TT 300 169.8  35.7 124.5  56.5 1.57E-04 001.8 126.4  30.7 0.308252 0.307618 0.248347 hargrave 2017-07-24 16:49:43 
TT 350 169.7  34.5 126.3  55.8 1.56E-04 001.4 125.1  31.0 0.203607 0.257131 0.219740 hargrave 2017-07-31 12:29:37 
TT 400 169.8  35.2 125.3  56.2 1.56E-04 001.4 125.8  30.8 0.251981 0.245950 0.211190 hargrave 2017-08-01 10:54:04 
TT 450 169.2  36.0 123.6  56.2 1.55E-04 001.4 126.8  31.1 0.178063 0.259801 0.260969 hargrave 2017-08-02 10:19:01 
TT 475 170.3  34.5 126.7  56.2 1.55E-04 001.7 125.0  30.5 0.285537 0.293407 0.257325 hargrave 2017-08-03 17:16:29 
TT 500 170.9  33.0 129.5  55.8 1.56E-04 001.8 123.1  30.3 0.316255 0.307365 0.242669 hargrave 2017-08-04 13:52:17 
TT 525 170.5  33.9 127.8  56.0 1.54E-04 001.7 124.2  30.5 0.293498 0.241967 0.274147 hargrave 2017-08-07 10:51:31 
TT 550 170.8  33.6 128.6  56.1 1.52E-04 001.6 123.8  30.2 0.272164 0.231368 0.237304 hargrave 2017-08-08 10:05:00 
TT 555 171.2  32.5 130.5  55.8 1.54E-04 001.7 122.5  30.1 0.370672 0.259176 0.125456 hargrave 2017-08-09 09:57:35 
TT 560 171.6  31.9 131.7  55.6 1.51E-04 001.4 121.7  29.9 0.231157 0.251634 0.224507 hargrave 2017-08-16 11:21:24 
TT 565 171.4  32.0 131.5  55.6 1.50E-04 001.5 121.9  30.0 0.247661 0.256856 0.222471 hargrave 2017-08-16 19:42:54 
TT 570 171.3  32.7 130.3  55.9 1.49E-04 001.7 122.7  30.0 0.313920 0.278427 0.212348 hargrave 2017-08-17 16:26:21 
TT 575 171.1  32.9 129.9  55.9 1.48E-04 001.8 122.9  30.1 0.328779 0.281512 0.208232 hargrave 2017-08-18 12:05:21 
TT 580 171.1  32.1 131.1  55.4 1.48E-04 002.8 122.0  30.3 0.579753 0.396114 0.202850 hargrave 2017-08-21 09:22:01 
TT 600 171.3  32.0 131.3  55.5 1.46E-04 001.8 121.9  30.1 0.339255 0.274981 0.218323 hargrave 2017-08-21 18:09:23 
TT 620 171.2  31.5 132.0  55.2 1.43E-04 001.4 121.3  30.2 0.218402 0.202268 0.220137 hargrave 2017-08-22 17:09:47 
TT 630 171.3  31.3 132.3  55.1 1.41E-04 001.6 121.1  30.2 0.269787 0.232004 0.217233 hargrave 2017-08-23 16:10:54 
TT 640 170.9  32.5 130.2  55.5 1.39E-04 002.4 122.6  30.4 0.438344 0.335440 0.215279 hargrave 2017-08-24 12:50:42 
TT 645 171.4  30.6 133.4  54.8 1.39E-04 001.7 120.3  30.2 0.290042 0.232068 0.227680 hargrave 2017-08-25 09:10:18 
TT 650 171.0  32.0 131.1  55.3 1.38E-04 002.4 121.9  30.4 0.451261 0.307394 0.252343 hargrave 2017-08-29 11:58:14 
TT 655 171.5  31.2 132.7  55.2 1.38E-04 001.6 120.9  30.1 0.282008 0.200334 0.215800 hargrave 2017-08-30 08:33:29 
TT 660 171.1  32.5 130.4  55.6 1.36E-04 001.5 122.5  30.2 0.198649 0.233604 0.234237 hargrave 2017-09-01 21:53:57 
TT 665 170.9  32.3 130.4  55.4 1.36E-04 001.9 122.4  30.4 0.312039 0.280731 0.193177 hargrave 2017-09-10 14:19:51 
TT 670 170.9  31.5 131.7  55.0 1.35E-04 001.4 121.4  30.5 0.168212 0.190043 0.219348 hargrave 2017-09-12 20:31:08 
TT 672 171.0  32.3 130.6  55.4 1.34E-04 001.6 122.3  30.4 0.196720 0.211050 0.243272 hargrave 2017-09-15 12:45:40 
TT 674 171.3  31.1 132.5  55.0 1.33E-04 001.5 120.9  30.3 0.180788 0.192642 0.230048 hargrave 2017-09-16 19:39:23 
TT 676 171.4  31.1 132.8  55.1 1.30E-04 001.6 120.8  30.1 0.190382 0.186410 0.242998 hargrave 2017-09-19 21:55:55 
TT 678 171.1  32.3 130.7  55.6 1.24E-04 001.6 122.3  30.2 0.209026 0.161557 0.243308 hargrave 2017-09-22 22:44:11 
TT 680 171.8  31.1 133.0  55.3 1.08E-04 001.8 120.8  29.8 0.188776 0.177846 0.216297 hargrave 2017-09-24 20:30:42 
TT 682 173.9  30.0 136.6  56.1 5.63E-05 001.5 119.3  28.2 0.079987 0.084657 0.109103 hargrave 2017-09-26 14:10:49 
TT 684 174.5  33.5 131.8  58.6 3.27E-05 001.9 123.2  27.2 0.082063 0.066592 0.050770 hargrave 2017-10-01 14:23:26 
TT 686 176.3  34.8 131.3  60.5 1.77E-05 002.0 124.4  25.6 0.042623 0.040285 0.033999 hargrave 2017-10-02 14:28:10 
TT 688 190.1  24.3 164.7  62.0 8.18E-06 002.4 113.0  13.8 0.027536 0.011732 0.021285 hargrave 2017-10-03 17:29:42 
TT 690 107.7  04.4 108.8 -07.1 2.45E-06 004.3 322.2  84.2 0.015681 0.008438 0.012428 hargrave 2017-10-06 08:28:26 
TT 692 051.1  54.4 043.5  11.3 2.77E-06 005.6 213.7  24.4 0.016342 0.021175 0.011360 hargrave 2017-10-08 11:16:56 
