TR006 -Va mag compass orientation (IGRF corrected)
 261.48 211.3  82.0 302.6  44.3   1.0
NRM    068.3  85.0 036.5  41.6 5.40E-05 001.7 184.0  11.0 0.116144 0.060588 0.135691 hargrave 2017-07-20 12:33:59 
TT 100 126.6  88.0 035.4  45.8 5.33E-05 003.6 179.8  10.0 0.134695 0.302060 0.142988 hargrave 2017-07-21 13:48:54 
TT 200 075.4  87.0 035.4  43.5 5.23E-05 001.9 182.2  10.1 0.103492 0.078783 0.145898 hargrave 2017-07-24 09:14:49 
TT 300 073.4  86.8 035.4  43.3 5.22E-05 004.6 182.4  10.1 0.143980 0.371508 0.171735 hargrave 2017-07-24 17:10:16 
TT 350 072.3  86.5 035.7  42.9 5.23E-05 002.3 182.7  10.3 0.068339 0.057335 0.191069 hargrave 2017-07-31 12:53:37 
TT 400 092.8  86.9 036.4  44.1 5.19E-05 002.1 181.5  10.7 0.062341 0.093028 0.157324 hargrave 2017-08-01 11:18:03 
TT 450 079.9  85.7 036.9  42.7 5.18E-05 002.4 182.9  11.2 0.095758 0.162478 0.143983 hargrave 2017-08-02 10:38:45 
TT 475 073.4  85.2 036.8  42.0 5.14E-05 002.5 183.6  11.2 0.058180 0.121745 0.184549 hargrave 2017-08-03 17:36:41 
TT 500 129.0  86.8 037.1  46.0 5.11E-05 002.2 179.6  11.1 0.095417 0.054340 0.178428 hargrave 2017-08-04 14:12:48 
TT 525 146.2  86.0 038.0  47.2 5.08E-05 003.8 178.3  11.6 0.083615 0.244996 0.220936 hargrave 2017-08-07 11:15:23 
TT 550 088.2  85.3 037.9  42.9 5.02E-05 003.6 182.6  11.9 0.093370 0.250178 0.180421 hargrave 2017-08-08 10:28:55 
TT 555 133.8  86.0 038.4  46.3 5.10E-05 002.3 179.1  12.0 0.069239 0.139406 0.138999 hargrave 2017-08-09 10:20:42 
TT 560 100.2  85.6 038.2  43.9 4.99E-05 002.8 181.6  12.1 0.074578 0.150155 0.179422 hargrave 2017-08-16 11:47:44 
TT 565 107.6  85.7 038.4  44.4 4.97E-05 002.3 181.0  12.2 0.078291 0.073714 0.178488 hargrave 2017-08-16 20:06:32 
TT 570 113.8  85.6 038.8  44.9 4.94E-05 003.6 180.6  12.4 0.075625 0.256441 0.169536 hargrave 2017-08-17 16:50:18 
TT 575 114.6  85.3 039.1  44.9 4.92E-05 003.3 180.6  12.6 0.076180 0.220199 0.173280 hargrave 2017-08-18 12:29:57 
TT 580 101.5  85.1 038.9  43.8 4.89E-05 003.2 181.7  12.6 0.077682 0.219483 0.151242 hargrave 2017-08-21 09:46:28 
TT 600 120.4  84.8 040.0  45.3 4.83E-05 002.3 180.1  13.2 0.073935 0.108551 0.153979 hargrave 2017-08-21 18:33:09 
TT 620 106.9  84.3 040.2  43.9 4.70E-05 002.8 181.5  13.5 0.065101 0.168338 0.148517 hargrave 2017-08-22 17:33:36 
TT 630 121.1  84.2 040.8  45.3 4.63E-05 002.6 180.0  13.8 0.074856 0.142441 0.145381 hargrave 2017-08-23 16:34:52 
TT 640 128.8  83.9 041.3  46.0 4.57E-05 002.8 179.2  14.0 0.077497 0.154424 0.147323 hargrave 2017-08-24 13:15:18 
TT 645 116.2  83.8 041.3  44.7 4.53E-05 002.3 180.6  14.2 0.076759 0.086571 0.151219 hargrave 2017-08-25 09:34:00 
TT 650 122.9  83.7 041.6  45.4 4.49E-05 003.4 179.8  14.3 0.093769 0.183823 0.176524 hargrave 2017-08-29 12:22:15 
TT 655 121.2  83.8 041.4  45.2 4.49E-05 002.1 180.0  14.2 0.100729 0.059340 0.142324 hargrave 2017-08-30 08:52:51 
TT 660 113.5  83.9 041.0  44.4 4.45E-05 002.4 180.9  14.0 0.075035 0.081629 0.156387 hargrave 2017-09-01 22:17:33 
TT 665 129.0  83.3 042.2  46.0 4.44E-05 004.2 179.1  14.6 0.080167 0.274427 0.164236 hargrave 2017-09-10 14:43:27 
TT 670 116.7  83.7 041.4  44.7 4.42E-05 002.4 180.5  14.2 0.063926 0.101039 0.151527 hargrave 2017-09-12 20:55:06 
TT 672 104.2  83.3 041.4  43.2 4.38E-05 003.8 182.0  14.4 0.087987 0.233034 0.165863 hargrave 2017-09-15 13:19:23 
TT 674 112.2  83.5 041.6  44.2 4.38E-05 003.3 181.1  14.4 0.065629 0.187927 0.160021 hargrave 2017-09-16 20:03:32 
TT 676 137.1  83.2 042.2  47.0 4.35E-05 002.4 178.1  14.5 0.075757 0.073148 0.159604 hargrave 2017-09-19 22:21:04 
TT 678 117.6  82.9 042.5  44.7 4.30E-05 005.0 180.5  15.1 0.069346 0.337693 0.169061 hargrave 2017-09-23 14:21:55 
TT 680 125.9  82.9 042.8  45.7 4.28E-05 002.5 179.4  15.1 0.076252 0.084906 0.162741 hargrave 2017-09-24 20:55:01 
TT 682 111.9  82.0 043.4  43.7 4.19E-05 003.4 181.4  15.8 0.062261 0.178625 0.173020 hargrave 2017-09-26 14:46:33 
TT 684 130.9  82.3 043.7  46.3 4.08E-05 004.6 178.7  15.6 0.087618 0.271996 0.174136 hargrave 2017-10-01 14:50:20 
TT 686 128.8  82.4 043.5  46.0 3.62E-05 003.6 179.0  15.6 0.058650 0.193272 0.113490 hargrave 2017-10-02 14:54:19 
TT 688 136.6  80.5 046.2  47.2 2.64E-05 002.6 177.4  17.2 0.042902 0.092213 0.076430 hargrave 2017-10-03 17:56:38 
TT 690 146.2  74.1 055.5  49.9 1.18E-05 002.9 172.8  22.3 0.025152 0.040295 0.040625 hargrave 2017-10-06 08:55:40 
TT 692 156.2  72.6 057.1  53.0 7.27E-06 004.1 169.4  22.1 0.020966 0.040188 0.029618 hargrave 2017-10-08 11:41:38 
