TR006 -Ca mag compass orientation (IGRF corrected)
 239.66 213.3  86.0 302.6  44.3   1.0
NRM    039.4  32.3 038.5 -11.8 8.48E-07 001.8 237.9  07.3 0.002168 0.001058 0.001666 hargrave 2017-07-20 12:06:37 
TT 100 018.1  43.2 022.1 -00.2 3.04E-07 004.9 225.3 -08.2 0.001548 0.002061 0.001155 hargrave 2017-07-21 13:20:37 
TT 200 006.2  47.6 015.1  06.1 4.83E-07 002.7 218.4 -14.8 0.001371 0.002241 0.001084 hargrave 2017-07-24 08:47:24 
TT 300 002.6  47.9 012.8  07.2 5.12E-07 003.7 217.0 -16.9 0.002030 0.002386 0.001787 hargrave 2017-07-24 16:42:38 
TT 350 348.2  54.5 007.4  17.0 5.39E-07 010.3 206.0 -20.7 0.016805 0.002439 0.006261 hargrave 2017-07-31 12:20:32 
TT 350 340.7  61.3 008.0  24.9 6.32E-07 003.0 198.0 -18.7 0.001800 0.000936 0.002884 hargrave 2017-07-31 13:21:07 
TT 400 355.9  49.0 009.1  10.0 2.31E-07 001.5 213.7 -20.2 0.000606 0.000534 0.000357 hargrave 2017-08-01 10:44:56 
TT 450 355.3  53.7 010.8  14.3 1.72E-07 003.2 209.4 -17.9 0.001332 0.000611 0.000456 hargrave 2017-08-02 10:11:51 
TT 475 020.6  60.5 026.5  16.7 1.23E-07 003.5 208.7 -02.7 0.000520 0.000648 0.000529 hargrave 2017-08-03 17:09:08 
TT 500 347.9  49.1 004.5  12.5 1.69E-07 004.5 210.3 -24.3 0.000942 0.001020 0.000668 hargrave 2017-08-04 13:44:58 
TT 525 302.1  46.2 338.5  31.4 9.26E-08 009.5 179.0 -39.7 0.000977 0.001082 0.000868 hargrave 2017-08-07 10:42:29 
TT 525 308.9  45.0 340.6  26.9 9.42E-08 006.3 185.2 -40.7 0.000831 0.000831 0.000307 hargrave 2017-08-07 12:15:00 
TT 550 326.7  47.6 351.8  19.6 4.77E-08 016.8 199.0 -34.4 0.001369 0.001001 0.000407 hargrave 2017-08-08 09:55:59 
TT 550 330.1  30.3 342.4  04.8 4.15E-08 013.2 214.9 -47.1 0.000636 0.000859 0.000127 hargrave 2017-08-08 11:07:48 
TT 550 326.0  32.8 341.2  08.9 4.65E-08 015.5 208.6 -47.3 0.001073 0.001209 0.000296 hargrave 2017-08-08 11:37:49 
TT 550 329.6  35.4 345.3  09.0 4.04E-08 011.6 209.8 -43.4 0.000598 0.000657 0.000119 hargrave 2017-08-08 11:58:43 
TT 555 013.2  00.1 006.4 -41.1 1.16E-07 008.3 268.4 -20.1 0.001690 0.000298 0.000091 hargrave 2017-08-09 09:48:53 
TT 555 014.7 -04.9 006.3 -46.3 1.10E-07 002.2 273.8 -18.8 0.000312 0.000560 0.000393 hargrave 2017-08-09 11:03:42 
TT 560 026.7  56.2 029.2  12.0 2.02E-07 006.1 213.5 -00.4 0.001214 0.001748 0.000834 hargrave 2017-08-16 11:12:25 
TT 565 308.8  73.3 010.2  41.6 2.37E-07 003.6 181.6 -12.6 0.002278 0.000686 0.000960 hargrave 2017-08-16 19:34:02 
TT 570 229.0 -69.0 219.0 -25.3 2.65E-07 003.2 020.5 -09.3 0.001388 0.001197 0.000570 hargrave 2017-08-17 16:17:21 
TT 575 139.1 -79.7 199.2 -42.0 3.11E-07 002.7 002.8  06.0 0.001015 0.001367 0.000656 hargrave 2017-08-18 11:56:25 
TT 580 341.6 -62.9 252.9 -56.9 2.25E-07 006.2 341.9 -24.7 0.004109 0.001127 0.000821 hargrave 2017-08-21 09:13:00 
TT 600 353.8  12.0 351.0 -22.6 3.38E-07 005.3 251.7 -37.3 0.002244 0.003471 0.001395 hargrave 2017-08-21 18:00:23 
TT 620 178.5 -79.1 205.1 -36.4 5.31E-07 003.4 008.9  02.2 0.001129 0.002915 0.001597 hargrave 2017-08-22 17:00:47 
TT 630 028.6 -59.2 221.3 -76.3 5.93E-07 003.7 329.2 -05.8 0.002478 0.004198 0.002368 hargrave 2017-08-23 16:01:43 
TT 640 059.8 -73.3 197.4 -59.8 7.62E-07 004.4 345.1  03.5 0.002103 0.005618 0.001775 hargrave 2017-08-24 12:41:43 
TT 645 022.7  18.3 022.2 -25.3 6.41E-07 011.3 250.8 -08.8 0.011318 0.006953 0.001137 hargrave 2017-08-25 09:01:21 
TT 645 021.8  07.2 019.3 -36.2 6.20E-07 002.8 261.8 -10.9 0.002220 0.005207 0.001157 hargrave 2017-08-25 11:42:23 
TT 650 199.7 -58.8 205.7 -15.1 1.13E-06 003.0 030.3  03.5 0.003798 0.007288 0.002682 hargrave 2017-08-29 11:49:14 
TT 655 022.6  28.8 023.5 -15.0 7.44E-07 004.5 240.3 -07.4 0.003978 0.006247 0.001134 hargrave 2017-08-30 08:26:23 
TT 660 201.5 -74.7 209.2 -30.6 1.10E-06 003.2 015.0 -00.8 0.001488 0.005054 0.003846 hargrave 2017-09-01 21:45:06 
TT 665 352.5 -69.3 238.9 -59.1 6.92E-07 021.2 343.8 -17.2 0.005237 0.007094 0.026649 hargrave 2017-09-10 14:10:51 
TT 665 356.6 -66.6 242.2 -61.8 7.05E-07 021.9 340.5 -17.5 0.005004 0.006192 0.028343 hargrave 2017-09-10 15:34:30 
TT 665 358.5 -67.7 239.3 -61.8 8.22E-07 018.5 341.1 -16.3 0.006003 0.007291 0.026922 hargrave 2017-09-11 07:53:08 
TT 665 358.8 -67.3 239.9 -62.2 8.12E-07 018.4 340.6 -16.4 0.005465 0.006765 0.026798 hargrave 2017-09-11 08:14:38 
TT 670 213.5 -55.5 213.1 -11.2 1.19E-06 013.3 034.6 -03.4 0.005419 0.006387 0.027497 hargrave 2017-09-12 20:22:09 
TT 670 213.3 -61.3 213.0 -17.1 1.29E-06 011.7 028.7 -03.5 0.005021 0.004903 0.026271 hargrave 2017-09-13 09:15:33 
TT 670 211.4 -61.3 212.0 -17.0 1.04E-06 014.4 028.8 -02.6 0.005529 0.005027 0.026273 hargrave 2017-09-14 14:19:24 
TT 670 211.2 -60.7 211.9 -16.4 1.09E-06 013.8 029.3 -02.5 0.006206 0.004560 0.026168 hargrave 2017-09-14 15:13:27 
TT 672 022.6  04.6 019.8 -38.9 8.27E-07 016.6 264.6 -10.3 0.007779 0.009570 0.024335 hargrave 2017-09-15 12:36:36 
TT 672 023.4  05.2 020.9 -38.4 8.57E-07 016.7 264.0 -09.5 0.006839 0.007285 0.025320 hargrave 2017-09-15 14:48:21 
TT 674 036.8  22.6 036.8 -21.6 7.47E-07 019.2 247.6  04.8 0.006202 0.008269 0.024438 hargrave 2017-09-16 19:30:22 
TT 674 037.9  25.6 037.7 -18.6 9.10E-07 015.8 244.7  05.9 0.006090 0.006805 0.024490 hargrave 2017-09-19 09:28:45 
TT 676 027.9  11.9 027.2 -32.3 9.31E-07 014.7 257.8 -04.4 0.009172 0.009303 0.022572 hargrave 2017-09-19 21:46:55 
TT 678 032.7  44.2 032.7 -00.1 1.04E-06 012.6 225.8  02.4 0.008416 0.010914 0.019961 hargrave 2017-09-22 22:35:05 
TT 680 214.5  25.4 217.6  69.6 6.04E-07 020.1 115.4  00.6 0.005785 0.006757 0.020765 hargrave 2017-09-24 20:21:34 
TT 682 059.5 -60.4 175.2 -68.4 8.50E-07 014.8 333.4  09.0 0.005348 0.006585 0.021284 hargrave 2017-09-26 14:01:27 
TT 684 017.2 -69.7 225.1 -64.8 6.58E-07 018.6 340.3 -09.3 0.004062 0.006362 0.021352 hargrave 2017-10-01 14:14:37 
TT 686 051.6 -74.2 202.3 -60.3 1.03E-06 012.3 345.0  01.0 0.004941 0.006803 0.021115 hargrave 2017-10-02 14:19:18 
TT 688 013.6  45.2 019.4  02.5 9.06E-07 013.0 222.5 -10.8 0.006501 0.007305 0.019889 hargrave 2017-10-03 17:19:05 
TT 690 203.3 -70.8 209.2 -26.7 1.02E-06 011.1 018.9 -00.5 0.008895 0.005338 0.019378 hargrave 2017-10-06 08:19:14 
TT 692 028.5 -26.7 021.4 -70.7 8.01E-07 015.0 296.4 -06.1 0.005751 0.005120 0.020387 hargrave 2017-10-08 11:08:11 
