TR006 -Ua mag compass orientation (IGRF corrected)
 260.63 175.3  86.0 302.6  44.3   1.0
NRM    219.7  48.7 337.3  84.3 4.16E-05 002.9 148.9 -24.1 0.146278 0.194747 0.032704 hargrave 2017-07-20 12:30:44 
TT 100 216.3  41.8 248.8  85.3 4.15E-05 003.9 141.2 -26.2 0.153615 0.246893 0.062901 hargrave 2017-07-21 13:45:02 
TT 200 218.6  45.2 298.4  85.8 4.14E-05 002.3 145.4 -25.6 0.138285 0.098759 0.075178 hargrave 2017-07-24 09:10:56 
TT 300 217.1  43.5 269.4  86.1 4.11E-05 002.3 143.1 -25.7 0.125701 0.103085 0.073368 hargrave 2017-07-24 17:06:23 
TT 350 218.8  44.1 285.1  85.4 4.06E-05 002.5 144.5 -26.4 0.147426 0.089018 0.099534 hargrave 2017-07-31 12:49:38 
TT 400 218.8  44.3 287.3  85.4 4.02E-05 002.1 144.6 -26.3 0.131915 0.077486 0.083272 hargrave 2017-08-01 11:14:07 
TT 450 218.4  44.8 292.7  85.8 4.05E-05 002.9 144.9 -25.7 0.150685 0.162158 0.062933 hargrave 2017-08-02 10:35:22 
TT 475 216.4  43.4 263.6  86.4 4.12E-05 002.1 142.7 -25.4 0.125811 0.082125 0.084324 hargrave 2017-08-03 17:33:17 
TT 500 216.7  43.3 264.9  86.2 4.08E-05 002.2 142.8 -25.6 0.127936 0.099420 0.079080 hargrave 2017-08-04 14:09:27 
TT 525 217.4  42.4 261.0  85.3 4.00E-05 002.4 142.3 -26.5 0.141476 0.086350 0.104766 hargrave 2017-08-07 11:11:26 
TT 550 217.1  42.2 257.0  85.3 3.96E-05 002.0 141.9 -26.4 0.072107 0.117707 0.084072 hargrave 2017-08-08 10:24:58 
TT 555 216.6  42.1 252.8  85.4 4.01E-05 001.2 141.6 -26.2 0.068196 0.078961 0.040641 hargrave 2017-08-09 10:16:51 
TT 560 216.9  42.3 256.4  85.4 3.91E-05 002.2 141.9 -26.3 0.079053 0.120540 0.088515 hargrave 2017-08-16 11:43:00 
TT 565 216.4  42.1 251.1  85.5 3.87E-05 003.6 141.5 -26.1 0.205695 0.135880 0.082094 hargrave 2017-08-16 20:02:38 
TT 570 217.5  43.1 267.6  85.6 3.86E-05 002.5 142.9 -26.2 0.068290 0.139341 0.096970 hargrave 2017-08-17 16:46:23 
TT 575 216.7  42.3 255.0  85.5 3.88E-05 001.9 141.8 -26.2 0.111653 0.067917 0.087430 hargrave 2017-08-18 12:26:03 
TT 580 217.3  42.8 263.2  85.6 3.87E-05 002.0 142.5 -26.2 0.115744 0.065089 0.090155 hargrave 2017-08-21 09:41:45 
TT 600 215.9  41.0 240.8  84.7 3.83E-05 001.8 140.2 -26.4 0.093845 0.093519 0.080502 hargrave 2017-08-21 18:29:15 
TT 620 215.2  40.3 233.0  84.2 3.76E-05 001.9 139.2 -26.3 0.094128 0.090548 0.082206 hargrave 2017-08-22 17:29:39 
TT 630 215.2  40.1 232.5  84.1 3.70E-05 002.8 139.1 -26.4 0.080168 0.160704 0.084689 hargrave 2017-08-23 16:30:56 
TT 640 215.0  40.6 231.9  84.6 3.63E-05 002.3 139.4 -26.0 0.079270 0.122326 0.085449 hargrave 2017-08-24 13:11:23 
TT 645 215.2  40.9 235.5  84.9 3.64E-05 002.1 139.9 -26.0 0.120545 0.073353 0.088973 hargrave 2017-08-25 09:30:06 
TT 650 214.6  40.3 228.5  84.4 3.63E-05 002.7 139.0 -25.9 0.073061 0.149590 0.101988 hargrave 2017-08-29 12:18:19 
TT 655 212.4  39.1 211.4  83.4 3.64E-05 001.6 136.9 -25.0 0.062006 0.089401 0.066684 hargrave 2017-08-30 08:49:33 
TT 660 215.1  41.1 235.3  85.0 3.60E-05 002.4 140.0 -25.8 0.082710 0.128737 0.087377 hargrave 2017-09-01 22:13:40 
TT 665 214.2  40.6 226.0  84.8 3.63E-05 002.9 139.1 -25.4 0.068282 0.157439 0.088259 hargrave 2017-09-10 14:39:33 
TT 670 213.5  40.0 219.5  84.2 3.60E-05 002.1 138.2 -25.3 0.088240 0.071144 0.081830 hargrave 2017-09-12 20:51:13 
TT 672 213.2  39.3 216.6  83.6 3.57E-05 002.6 137.4 -25.5 0.066485 0.129627 0.099255 hargrave 2017-09-15 13:15:24 
TT 674 213.5  39.5 219.1  83.8 3.54E-05 002.2 137.8 -25.6 0.057351 0.103231 0.083857 hargrave 2017-09-16 19:59:37 
TT 676 213.2  39.6 216.9  83.9 3.52E-05 002.3 137.7 -25.3 0.063884 0.101165 0.091305 hargrave 2017-09-19 22:17:09 
TT 678 214.3  40.1 225.9  84.3 3.50E-05 002.7 138.7 -25.8 0.060800 0.133490 0.092615 hargrave 2017-09-22 23:05:33 
TT 680 214.8  41.3 232.8  85.3 3.48E-05 002.3 140.0 -25.5 0.065602 0.105500 0.090900 hargrave 2017-09-24 20:51:06 
TT 682 214.1  39.7 223.9  83.9 3.39E-05 002.6 138.2 -25.9 0.061943 0.116582 0.107798 hargrave 2017-09-26 14:31:15 
TT 684 212.0  38.9 208.4  83.2 3.26E-05 004.0 136.6 -24.8 0.106042 0.190651 0.089697 hargrave 2017-10-01 14:44:58 
TT 686 213.5  39.6 219.4  83.8 2.89E-05 002.1 137.9 -25.6 0.059745 0.079258 0.062436 hargrave 2017-10-02 14:48:58 
TT 688 212.9  39.7 214.9  83.9 2.20E-05 003.7 137.7 -25.1 0.096584 0.097438 0.044775 hargrave 2017-10-03 17:50:29 
TT 690 210.7  34.3 204.8  78.5 9.67E-06 003.0 131.5 -26.0 0.025845 0.036067 0.027573 hargrave 2017-10-06 08:51:00 
TT 692 201.1  46.4 113.5  82.0 8.10E-06 005.0 140.1 -14.4 0.043444 0.052642 0.023754 hargrave 2017-10-08 11:37:01 
