TR006 -Ba mag compass orientation (IGRF corrected)
 239.43 214.3  87.0 302.6  44.3   1.0
NRM    035.7  03.7 036.6 -40.5 2.74E-07 066.7 266.3  01.6 0.002003 0.029898 0.000727 hargrave 2017-07-20 12:03:39 
NRM    106.8  61.7 065.5  32.7 1.59E-08 085.4 189.5  29.7 0.001784 0.062612 0.000458 hargrave 2017-07-20 13:32:14 
NRM    034.2  01.1 034.8 -43.2 5.99E-07 002.1 268.9 -00.0 0.001991 0.001634 0.000872 hargrave 2017-07-20 13:44:41 
TT 100 023.2 -05.2 018.3 -48.7 1.59E-07 006.3 274.7 -11.3 0.001312 0.000884 0.000988 hargrave 2017-07-21 13:19:22 
TT 200 005.8  40.0 012.4 -01.0 5.15E-07 002.1 225.5 -19.4 0.001367 0.001544 0.000837 hargrave 2017-07-24 08:46:10 
TT 300 002.9  44.0 011.7  03.4 6.22E-07 001.8 220.8 -19.7 0.001167 0.001681 0.001127 hargrave 2017-07-24 16:41:23 
TT 350 004.0  41.1 011.4  00.4 4.79E-07 002.4 223.9 -20.2 0.001249 0.001949 0.000927 hargrave 2017-07-31 12:18:59 
TT 400 001.2  37.7 008.3 -01.9 2.67E-07 003.7 226.3 -23.5 0.001541 0.001401 0.000359 hargrave 2017-08-01 10:43:22 
TT 450 357.8  34.1 004.3 -04.2 1.44E-07 005.2 228.7 -27.6 0.001156 0.000805 0.000392 hargrave 2017-08-02 10:10:31 
TT 475 352.8  34.5 000.7 -02.1 1.05E-07 005.2 226.1 -31.0 0.000928 0.000829 0.000207 hargrave 2017-08-03 17:07:52 
TT 500 356.5  32.2 002.6 -05.5 9.08E-08 010.4 230.1 -29.3 0.001492 0.001237 0.000479 hargrave 2017-08-04 13:43:43 
TT 500 359.4  36.6 006.5 -02.4 8.46E-08 007.8 226.7 -25.3 0.000982 0.001098 0.000412 hargrave 2017-08-04 14:33:11 
TT 500 000.6  35.1 006.8 -04.1 8.56E-08 006.9 228.7 -25.0 0.000808 0.000927 0.000421 hargrave 2017-08-04 14:42:36 
TT 525 344.1  36.6 355.6  03.2 4.26E-08 013.4 219.3 -35.7 0.000677 0.000931 0.000075 hargrave 2017-08-07 10:39:16 
TT 525 353.5  37.7 002.7  00.5 4.60E-08 014.7 223.2 -28.9 0.000866 0.001133 0.000443 hargrave 2017-08-07 12:13:26 
TT 525 351.6  33.0 359.2 -03.0 4.59E-08 013.2 227.1 -32.6 0.001021 0.000791 0.000058 hargrave 2017-08-07 12:26:11 
TT 525 352.1  34.6 000.3 -01.7 4.64E-08 014.7 225.6 -31.4 0.001125 0.001008 0.000258 hargrave 2017-08-07 12:35:51 
TT 525 347.6  34.3 356.9 -00.3 4.86E-08 023.4 223.6 -34.7 0.001629 0.001579 0.000467 hargrave 2017-08-07 12:47:59 
TT 550 018.0  26.5 019.0 -16.6 4.35E-08 014.5 241.9 -13.1 0.001106 0.000861 0.000386 hargrave 2017-08-08 09:52:47 
TT 550 016.9  19.6 016.5 -23.2 3.91E-08 011.8 248.8 -15.2 0.000666 0.000776 0.000268 hargrave 2017-08-08 11:04:35 
TT 550 013.4  13.0 011.2 -28.8 4.37E-08 026.5 255.0 -19.5 0.001793 0.001780 0.000938 hargrave 2017-08-08 11:36:14 
TT 550 013.7  24.8 014.6 -17.4 4.22E-08 015.0 242.9 -17.2 0.000920 0.001262 0.000185 hargrave 2017-08-08 11:57:08 
TT 555 005.8 -05.4 354.4 -43.5 7.11E-08 010.1 274.5 -28.6 0.001262 0.000443 0.000172 hargrave 2017-08-09 09:47:23 
TT 555 006.7 -08.1 353.8 -46.3 7.08E-08 005.2 277.6 -27.7 0.000531 0.000576 0.000524 hargrave 2017-08-09 11:02:10 
TT 560 013.6  34.6 016.9 -07.9 7.32E-08 005.6 232.9 -15.1 0.000492 0.000651 0.000317 hargrave 2017-08-16 11:10:51 
TT 565 033.4  49.0 033.1  04.7 5.47E-08 020.0 221.0  01.7 0.000992 0.001594 0.000857 hargrave 2017-08-16 19:32:26 
TT 565 024.9  21.1 024.8 -22.9 4.45E-08 006.2 248.3 -07.6 0.000556 0.000619 0.000150 hargrave 2017-08-17 08:12:10 
TT 570 003.4  63.2 018.9  21.3 7.70E-08 009.6 203.2 -10.6 0.001144 0.001340 0.000301 hargrave 2017-08-17 16:15:42 
TT 570 357.5  61.2 015.4  20.6 7.62E-08 007.6 203.5 -14.0 0.000556 0.000822 0.000844 hargrave 2017-08-17 17:22:03 
TT 570 000.6  59.5 016.1  18.4 7.16E-08 005.4 205.8 -13.7 0.000721 0.000730 0.000562 hargrave 2017-08-17 17:42:58 
TT 575 240.1  73.6 017.8  59.5 5.25E-08 017.3 165.3 -04.1 0.000455 0.001528 0.000647 hargrave 2017-08-18 11:54:52 
TT 575 256.3  69.7 005.9  57.8 5.08E-08 011.2 164.8 -10.5 0.000645 0.000752 0.000552 hargrave 2017-08-18 13:18:49 
TT 575 233.4  74.4 021.6  59.9 4.56E-08 007.2 165.3 -02.2 0.000435 0.000477 0.000226 hargrave 2017-08-18 13:35:20 
TT 575 243.6  75.4 018.7  57.5 4.86E-08 011.0 167.3 -04.1 0.000770 0.000764 0.000379 hargrave 2017-08-18 13:49:50 
TT 580 038.9  44.9 037.0  00.7 4.86E-08 018.9 225.2  05.3 0.002357 0.000788 0.000686 hargrave 2017-08-21 09:11:26 
TT 580 048.8  24.8 048.1 -18.0 3.17E-08 016.0 245.2  14.4 0.000571 0.000702 0.000510 hargrave 2017-08-21 10:22:37 
TT 580 040.7  20.4 040.9 -23.5 2.35E-08 037.9 249.8  07.0 0.001398 0.001116 0.000438 hargrave 2017-08-21 10:37:23 
TT 580 035.0  35.0 034.6 -09.2 2.96E-08 006.0 235.0  02.3 0.000309 0.000173 0.000148 hargrave 2017-08-21 10:53:18 
TT 600 016.9  52.5 023.0  09.2 5.11E-08 022.0 215.9 -08.1 0.001052 0.001746 0.000695 hargrave 2017-08-21 17:58:49 
TT 600 008.9 -04.9 358.6 -44.3 3.87E-08 012.5 274.0 -25.5 0.000618 0.000852 0.000661 hargrave 2017-08-22 08:48:29 
TT 600 006.5  09.3 002.4 -30.2 4.05E-08 010.6 258.0 -26.8 0.000672 0.000884 0.000609 hargrave 2017-08-22 09:07:00 
TT 600 009.5  05.9 004.3 -34.4 3.97E-08 008.4 262.1 -24.2 0.000469 0.000945 0.000284 hargrave 2017-08-22 09:24:30 
TT 620 047.1  34.2 044.7 -09.0 1.49E-07 014.7 235.6  12.2 0.001704 0.003606 0.001679 hargrave 2017-08-22 16:59:12 
TT 620 040.3 -12.4 046.2 -56.0 1.08E-07 008.7 282.7  05.2 0.001409 0.001454 0.000814 hargrave 2017-08-23 08:36:27 
TT 620 040.5 -02.1 044.0 -45.8 1.09E-07 007.8 272.4  06.1 0.001173 0.001218 0.000731 hargrave 2017-08-23 08:54:37 
TT 630 344.6  67.1 013.4  28.5 2.54E-07 018.8 195.1 -14.4 0.002463 0.008033 0.003442 hargrave 2017-08-23 16:00:09 
TT 630 355.4  59.4 013.6  19.5 2.32E-07 011.3 204.3 -15.9 0.001980 0.005003 0.001041 hargrave 2017-08-23 17:02:51 
TT 630 357.3  57.6 013.7  17.4 2.39E-07 008.4 206.5 -16.1 0.003258 0.003346 0.000956 hargrave 2017-08-23 17:11:51 
TT 640 036.2  29.2 035.9 -15.0 7.06E-07 006.0 240.9  03.1 0.003670 0.011601 0.002628 hargrave 2017-08-24 12:40:10 
TT 645 214.0 -01.0 214.6  43.3 7.40E-07 007.7 089.0  00.2 0.009124 0.013055 0.001948 hargrave 2017-08-25 08:59:48 
TT 645 215.7 -17.7 215.9  26.6 7.40E-07 005.2 072.4 -02.2 0.008279 0.006304 0.001639 hargrave 2017-08-25 11:40:50 
TT 650 056.3  68.5 042.0  25.5 7.13E-07 016.9 200.3  10.7 0.005089 0.023098 0.003495 hargrave 2017-08-29 11:47:39 
TT 650 047.7  58.6 040.7  15.0 7.52E-07 004.9 210.9  09.5 0.004439 0.007098 0.002306 hargrave 2017-08-29 12:43:58 
TT 655 230.3  18.7 246.9  59.3 5.94E-07 005.6 110.1 -14.1 0.006995 0.016899 0.001469 hargrave 2017-08-30 08:25:07 
TT 660 034.4  36.6 034.1 -07.7 9.74E-07 007.3 233.5  01.9 0.005925 0.013243 0.005717 hargrave 2017-09-01 21:43:33 
TT 660 053.3  36.1 049.3 -06.1 1.01E-06 030.2 233.1  17.0 0.011030 0.011283 0.058281 hargrave 2017-09-08 14:56:19 
TT 665 004.9 -59.8 251.9 -68.4 5.37E-07 043.4 332.8 -17.0 0.010103 0.012699 0.048286 hargrave 2017-09-10 14:09:18 
TT 665 008.0 -53.9 266.1 -72.3 5.75E-07 040.7 326.4 -17.6 0.009518 0.010165 0.047675 hargrave 2017-09-10 15:32:56 
TT 665 007.4 -57.8 255.4 -70.4 7.38E-07 033.4 330.3 -16.6 0.009630 0.010596 0.047090 hargrave 2017-09-11 07:51:34 
TT 670 028.9  39.5 029.8 -04.7 9.22E-07 027.2 230.3 -02.2 0.011045 0.012110 0.045133 hargrave 2017-09-12 20:20:40 
TT 670 032.2  32.4 032.3 -11.9 7.97E-07 030.3 237.6 -00.1 0.009271 0.010054 0.044868 hargrave 2017-09-13 09:14:03 
TT 670 035.0  34.7 034.6 -09.6 1.09E-06 023.7 235.4  02.3 0.010510 0.010546 0.046220 hargrave 2017-09-14 14:17:54 
TT 670 034.9  34.0 034.6 -10.3 1.02E-06 024.8 236.1  02.2 0.010323 0.012169 0.044987 hargrave 2017-09-14 15:11:57 
TT 672 215.5  28.9 221.5  73.1 4.40E-07 045.6 119.0  00.4 0.010580 0.011303 0.041934 hargrave 2017-09-15 12:35:06 
TT 672 215.5  24.9 219.9  69.1 4.29E-07 046.4 115.0  00.2 0.011410 0.009789 0.042220 hargrave 2017-09-15 14:46:51 
TT 674 210.4 -09.0 210.0  35.3 5.81E-07 035.6 080.8  03.4 0.009382 0.011484 0.039532 hargrave 2017-09-16 19:28:48 
TT 674 195.4  04.9 187.2  46.6 3.09E-07 054.6 094.2  19.1 0.009226 0.008864 0.039906 hargrave 2017-09-19 09:27:15 
TT 676 219.2  21.7 227.5  65.4 6.85E-07 030.9 112.0 -03.4 0.011504 0.013768 0.037207 hargrave 2017-09-19 21:45:25 
TT 678 030.9  42.3 031.3 -02.0 7.92E-07 023.0 227.6 -00.5 0.008521 0.012968 0.031117 hargrave 2017-09-22 22:33:35 
TT 680 227.5  42.4 290.6  78.8 4.05E-07 041.7 133.5 -07.6 0.007741 0.008999 0.033933 hargrave 2017-09-24 20:20:03 
TT 682 107.8 -74.7 190.4 -47.5 6.12E-07 027.7 355.6  11.7 0.007379 0.007812 0.030775 hargrave 2017-09-26 13:59:57 
TT 684 014.5  66.7 024.9  23.2 4.48E-07 037.8 201.9 -04.9 0.006377 0.012117 0.032047 hargrave 2017-10-01 14:13:09 
TT 686 032.2  45.7 032.3  01.4 6.80E-07 025.7 224.3  00.7 0.007431 0.009361 0.030781 hargrave 2017-10-02 14:17:46 
TT 688 213.2 -12.3 213.3  32.0 6.68E-07 023.7 077.7  00.4 0.008357 0.007731 0.027769 hargrave 2017-10-03 17:17:37 
TT 690 029.6  09.0 029.0 -35.3 6.23E-07 023.9 260.8 -04.1 0.012900 0.007145 0.024087 hargrave 2017-10-06 08:17:39 
TT 690 301.5  79.6 017.8  44.9 6.49E-08 082.5 179.5 -07.4 0.004894 0.066313 0.028539 hargrave 2017-10-06 10:44:44 
TT 692 053.5  75.6 038.6  32.0 5.47E-07 027.2 193.7  07.6 0.007173 0.006407 0.027000 hargrave 2017-10-08 11:06:39 
