TR006 -Za mag compass orientation (IGRF corrected)
 266.96 192.3  96.0 302.6  44.3   1.0
NRM    299.9  42.9 334.2  30.8 4.35E-05 002.8 200.1 -50.0 0.132576 0.167343 0.089974 hargrave 2017-07-20 12:38:47 
TT 100 303.2  38.3 331.8  26.0 4.28E-05 002.8 207.4 -52.5 0.130130 0.160989 0.063988 hargrave 2017-07-21 13:53:38 
TT 200 302.5  40.0 332.9  27.4 4.32E-05 002.9 205.2 -51.5 0.101288 0.182827 0.086172 hargrave 2017-07-24 09:19:32 
TT 300 301.3  40.3 332.5  28.3 4.25E-05 002.9 203.6 -51.7 0.101367 0.177203 0.078081 hargrave 2017-07-24 17:15:02 
TT 350 301.7  40.0 332.5  27.9 4.22E-05 001.8 204.4 -51.8 0.082211 0.078241 0.081331 hargrave 2017-07-31 12:59:48 
TT 400 300.6  40.0 331.9  28.6 4.18E-05 001.8 203.1 -52.3 0.097506 0.084319 0.065607 hargrave 2017-08-01 11:24:11 
TT 450 301.1  39.4 331.6  27.9 4.16E-05 002.5 204.2 -52.6 0.107181 0.132718 0.076170 hargrave 2017-08-02 10:43:33 
TT 475 299.5  40.5 331.8  29.5 4.16E-05 002.9 201.6 -52.2 0.091185 0.186853 0.080611 hargrave 2017-08-03 17:41:52 
TT 500 299.0  40.2 331.3  29.7 4.11E-05 002.6 201.1 -52.6 0.128194 0.128208 0.079643 hargrave 2017-08-04 14:18:15 
TT 525 297.0  40.6 330.6  31.1 4.08E-05 002.6 198.7 -53.0 0.096489 0.135825 0.085104 hargrave 2017-08-07 11:21:20 
TT 550 297.3  39.9 330.1  30.6 4.04E-05 001.9 199.4 -53.5 0.094785 0.080010 0.084814 hargrave 2017-08-08 10:34:56 
TT 555 297.2  40.4 330.4  30.9 4.07E-05 001.7 199.0 -53.2 0.084198 0.069289 0.075117 hargrave 2017-08-09 10:26:30 
TT 560 296.3  40.8 330.4  31.7 3.98E-05 001.8 197.7 -53.1 0.094874 0.079808 0.067718 hargrave 2017-08-16 11:53:50 
TT 565 296.0  40.8 330.3  31.9 3.92E-05 001.9 197.4 -53.1 0.101791 0.075805 0.070573 hargrave 2017-08-16 20:12:33 
TT 570 296.4  40.9 330.6  31.7 3.90E-05 002.0 197.8 -52.9 0.101312 0.074320 0.071091 hargrave 2017-08-17 16:56:14 
TT 575 297.4  40.9 331.1  31.1 3.87E-05 002.0 198.9 -52.6 0.102709 0.069651 0.070064 hargrave 2017-08-18 12:35:53 
TT 580 296.2  41.5 331.0  32.2 3.83E-05 001.9 197.1 -52.4 0.098311 0.073520 0.062900 hargrave 2017-08-21 09:52:21 
TT 600 295.6  41.4 330.6  32.5 3.72E-05 001.9 196.6 -52.7 0.092687 0.069327 0.066985 hargrave 2017-08-21 18:39:04 
TT 620 296.2  41.3 330.8  32.1 3.61E-05 001.9 197.3 -52.6 0.091841 0.064319 0.061120 hargrave 2017-08-22 17:39:32 
TT 630 296.9  41.3 331.2  31.6 3.52E-05 002.3 198.1 -52.3 0.086877 0.099204 0.072837 hargrave 2017-08-23 16:40:50 
TT 640 296.3  40.3 329.9  31.5 3.46E-05 003.1 198.0 -53.5 0.105949 0.149566 0.059463 hargrave 2017-08-24 13:22:10 
TT 645 296.1  41.6 331.1  32.3 3.39E-05 002.0 196.9 -52.3 0.089630 0.065046 0.052561 hargrave 2017-08-25 09:39:57 
TT 650 294.4  41.2 329.8  33.1 3.35E-05 002.4 195.2 -53.2 0.098363 0.079285 0.067756 hargrave 2017-08-29 12:28:13 
TT 655 294.2  41.7 330.2  33.5 3.33E-05 002.2 194.8 -52.8 0.071825 0.102703 0.042870 hargrave 2017-08-30 08:57:37 
TT 660 295.4  41.0 330.1  32.4 3.34E-05 002.2 196.5 -53.1 0.089468 0.083390 0.056543 hargrave 2017-09-01 22:23:30 
TT 665 294.4  40.5 329.1  32.7 3.30E-05 001.8 195.6 -53.9 0.060223 0.068986 0.059036 hargrave 2017-09-10 14:49:25 
TT 670 294.0  40.7 329.1  33.0 3.30E-05 001.9 195.1 -53.8 0.070123 0.067613 0.060250 hargrave 2017-09-12 21:01:39 
TT 672 294.6  40.5 329.3  32.6 3.25E-05 002.2 195.9 -53.8 0.075315 0.084315 0.065549 hargrave 2017-09-15 13:26:01 
TT 674 294.1  40.3 328.8  32.8 3.25E-05 002.3 195.4 -54.1 0.102248 0.079153 0.057750 hargrave 2017-09-16 20:10:08 
TT 676 293.8  40.4 328.8  33.1 3.15E-05 002.6 194.9 -54.1 0.081094 0.106788 0.053034 hargrave 2017-09-19 22:28:38 
TT 678 295.7  39.7 329.0  31.5 3.11E-05 002.9 197.7 -54.2 0.093023 0.115694 0.060070 hargrave 2017-09-23 14:28:37 
TT 680 294.6  41.3 330.0  33.0 2.44E-05 003.1 195.5 -53.0 0.071803 0.100161 0.056196 hargrave 2017-09-24 21:01:33 
TT 682 292.2  41.7 329.2  34.8 1.52E-05 002.6 192.3 -53.2 0.041775 0.030741 0.060035 hargrave 2017-09-26 14:53:12 
TT 684 290.5  36.2 322.8  32.7 1.04E-05 003.1 192.9 -58.9 0.038069 0.037978 0.026127 hargrave 2017-10-01 14:56:48 
TT 686 286.1  37.0 321.2  36.0 9.44E-06 003.2 186.0 -58.8 0.031349 0.032447 0.038920 hargrave 2017-10-02 15:00:50 
TT 688 290.2  40.5 326.9  35.4 3.10E-06 005.1 190.4 -54.8 0.015238 0.020929 0.014082 hargrave 2017-10-03 18:03:14 
TT 690 293.8  49.1 337.9  37.7 2.99E-06 004.4 190.8 -45.8 0.009829 0.015472 0.020471 hargrave 2017-10-06 09:01:45 
TT 692 332.0  29.2 343.0  02.8 5.09E-07 019.9 237.4 -37.7 0.004454 0.005867 0.019459 hargrave 2017-10-08 11:49:11 
TT 692 333.0  29.7 344.0  02.7 4.98E-07 020.1 237.1 -36.8 0.005505 0.005406 0.018917 hargrave 2017-10-08 13:07:18 
TT 692 351.7  34.2 359.8 -01.9 4.10E-07 019.5 235.6 -20.4 0.004711 0.005837 0.013193 hargrave 2017-10-08 13:42:13 
