TR006 -Ea mag compass orientation (IGRF corrected)
 252.45 192.3  88.0 302.6  44.3   1.0
NRM    156.5 -17.9 159.5  08.7 1.38E-05 002.5 067.1  33.1 0.057721 0.012973 0.029000 hargrave 2017-07-20 12:09:02 
TT 100 155.3 -17.8 158.5  08.1 1.29E-05 002.8 066.8  34.2 0.055884 0.020523 0.026443 hargrave 2017-07-21 13:22:58 
TT 200 156.2 -18.0 159.4  08.5 1.29E-05 003.8 066.9  33.3 0.077013 0.031521 0.027231 hargrave 2017-07-24 08:49:43 
TT 300 156.4 -17.6 159.3  08.8 1.29E-05 002.8 067.4  33.3 0.056361 0.017199 0.027008 hargrave 2017-07-24 16:44:58 
TT 350 155.6 -17.7 158.8  08.3 1.27E-05 001.2 067.0  33.9 0.016419 0.015420 0.021455 hargrave 2017-07-31 12:23:29 
TT 400 154.0 -16.9 157.1  08.1 1.24E-05 001.9 067.5  35.6 0.034417 0.018478 0.024288 hargrave 2017-08-01 10:47:58 
TT 450 151.2 -16.3 154.5  06.9 1.19E-05 002.2 067.3  38.4 0.036534 0.019652 0.028914 hargrave 2017-08-02 10:14:13 
TT 475 151.6 -14.2 153.5  08.7 1.17E-05 001.8 070.0  38.6 0.034218 0.011311 0.026963 hargrave 2017-08-03 17:11:38 
TT 500 150.5 -15.1 153.2  07.4 1.15E-05 003.1 068.5  39.4 0.051698 0.028849 0.024542 hargrave 2017-08-04 13:47:26 
TT 525 150.5 -14.2 152.7  08.1 1.13E-05 001.5 069.7  39.6 0.022114 0.010979 0.022722 hargrave 2017-08-07 10:45:28 
TT 550 149.3 -14.0 151.6  07.6 1.11E-05 001.6 069.6  40.8 0.021816 0.011049 0.025705 hargrave 2017-08-08 09:58:56 
TT 555 149.4 -12.7 150.9  08.6 1.12E-05 001.1 071.2  41.0 0.016869 0.010875 0.018088 hargrave 2017-08-09 09:51:45 
TT 560 148.7 -15.1 151.8  06.3 1.07E-05 001.8 067.9  41.0 0.023919 0.021569 0.021235 hargrave 2017-08-16 11:15:24 
TT 565 149.3 -14.6 152.0  07.1 1.05E-05 001.4 068.8  40.6 0.017423 0.014581 0.021505 hargrave 2017-08-16 19:36:59 
TT 570 149.5 -14.0 151.7  07.7 1.04E-05 001.3 069.6  40.6 0.016378 0.011657 0.020161 hargrave 2017-08-17 16:20:19 
TT 575 150.3 -14.0 152.4  08.2 1.02E-05 001.8 069.9  39.8 0.025609 0.014461 0.018853 hargrave 2017-08-18 11:59:22 
TT 580 150.0 -12.9 151.5  08.9 1.01E-05 002.1 071.2  40.4 0.031554 0.011555 0.018505 hargrave 2017-08-21 09:15:58 
TT 600 149.8 -11.2 150.2  10.1 1.01E-05 001.5 073.3  40.9 0.018924 0.015021 0.018931 hargrave 2017-08-21 18:03:22 
TT 620 148.6 -13.9 151.0  07.2 9.45E-06 001.7 069.5  41.4 0.020367 0.016259 0.019059 hargrave 2017-08-22 17:03:45 
TT 630 150.8 -11.3 151.1  10.5 9.40E-06 002.5 073.4  40.0 0.039297 0.011332 0.019200 hargrave 2017-08-23 16:04:47 
TT 640 148.7 -13.2 150.7  07.8 9.05E-06 001.9 070.4  41.5 0.027811 0.012676 0.019097 hargrave 2017-08-24 12:44:41 
TT 645 150.9 -12.6 152.0  09.6 9.53E-06 002.0 071.8  39.6 0.024279 0.024727 0.020912 hargrave 2017-08-25 09:04:18 
TT 650 148.0 -11.5 149.0  08.6 9.09E-06 001.7 072.3  42.7 0.022139 0.021410 0.017601 hargrave 2017-08-29 11:52:12 
TT 655 153.5 -14.6 155.3  09.6 9.53E-06 002.4 070.1  36.7 0.028209 0.030764 0.021641 hargrave 2017-08-30 08:28:43 
TT 660 145.2 -08.1 144.7  09.5 8.29E-06 001.8 076.2  46.0 0.018239 0.020934 0.022369 hargrave 2017-09-01 21:48:00 
TT 665 146.7 -13.1 149.1  06.6 8.42E-06 002.3 069.8  43.4 0.016718 0.021871 0.044898 hargrave 2017-09-10 14:13:49 
TT 670 146.5 -06.1 144.3  11.9 8.25E-06 002.4 079.3  45.1 0.020510 0.020815 0.046241 hargrave 2017-09-12 20:25:02 
TT 672 146.7 -04.1 143.1  13.5 8.05E-06 002.5 082.2  45.2 0.024457 0.023354 0.044955 hargrave 2017-09-15 12:39:30 
TT 674 149.0 -07.4 147.2  12.5 8.59E-06 002.0 078.1  42.5 0.014415 0.017505 0.043382 hargrave 2017-09-16 19:33:14 
TT 676 151.9 -10.5 151.4  11.8 8.57E-06 002.2 074.7  39.1 0.016465 0.016412 0.044314 hargrave 2017-09-19 21:49:48 
TT 678 141.7 -01.7 137.7  12.0 6.42E-06 001.9 084.9  50.5 0.012857 0.017640 0.033149 hargrave 2017-09-22 22:37:58 
TT 680 150.6 -07.6 148.5  13.4 6.89E-06 002.1 078.2  40.8 0.013789 0.012448 0.035699 hargrave 2017-09-24 20:24:32 
TT 682 132.1  15.5 118.2  17.6 2.16E-06 002.5 116.4  57.7 0.007819 0.016573 0.026285 hargrave 2017-09-26 14:04:25 
TT 684 121.2  15.1 111.0  09.8 9.27E-07 006.0 126.2  67.2 0.006364 0.016938 0.031333 hargrave 2017-10-01 14:17:25 
TT 686 097.5  32.8 082.9  08.0 1.06E-06 008.0 187.8  58.9 0.006156 0.007180 0.029471 hargrave 2017-10-02 14:22:10 
TT 686 096.8  31.7 083.1  06.7 1.07E-06 007.8 189.4  59.9 0.005436 0.006979 0.028646 hargrave 2017-10-02 16:28:17 
TT 686 096.9  32.1 082.9  07.1 1.07E-06 008.0 189.1  59.5 0.005321 0.007638 0.028422 hargrave 2017-10-02 17:53:24 
TT 688 174.3  21.0 148.0  50.2 6.10E-07 016.7 111.4  17.5 0.008492 0.006208 0.017386 hargrave 2017-10-03 17:23:30 
TT 688 174.0  16.7 151.8  46.8 5.91E-07 017.7 107.0  18.1 0.010385 0.006277 0.017311 hargrave 2017-10-05 08:32:01 
TT 688 174.0  13.8 154.5  44.5 5.84E-07 017.3 103.9  18.2 0.007930 0.006300 0.017160 hargrave 2017-10-05 10:32:45 
TT 690 061.8  42.5 053.7  01.9 1.59E-06 004.8 216.2  35.8 0.010623 0.006530 0.019644 hargrave 2017-10-06 08:22:15 
TT 692 316.4  47.5 346.4  24.5 1.65E-06 007.6 206.6 -32.3 0.008657 0.009192 0.022393 hargrave 2017-10-08 11:11:04 
TT 692 313.6  48.9 346.3  26.9 1.64E-06 006.9 203.8 -32.3 0.008295 0.010926 0.020059 hargrave 2017-10-08 12:28:59 
