TR006 -Ra mag compass orientation (IGRF corrected)
 259.74 184.3  81.0 302.6  44.3   1.0
NRM    344.1  71.8 016.5  32.4 2.24E-05 002.9 197.1  02.4 0.078088 0.100468 0.031679 hargrave 2017-07-20 12:26:34 
TT 100 345.8  65.8 012.9  27.2 2.18E-05 005.3 202.9  00.8 0.112289 0.201587 0.025762 hargrave 2017-07-21 13:40:59 
TT 200 348.1  62.1 011.6  23.6 2.20E-05 006.9 206.7  00.5 0.148599 0.264373 0.031076 hargrave 2017-07-24 09:06:54 
TT 300 342.9  68.5 013.7  30.0 2.15E-05 003.3 200.0  00.8 0.087857 0.127527 0.033173 hargrave 2017-07-24 17:02:19 
TT 350 339.1  70.8 014.3  32.6 2.07E-05 001.9 197.3  00.6 0.052605 0.046709 0.044080 hargrave 2017-07-31 12:44:35 
TT 400 340.1  69.6 013.7  31.5 2.04E-05 001.7 198.5  00.3 0.057567 0.040344 0.032370 hargrave 2017-08-01 11:09:01 
TT 450 342.4  68.4 013.6  30.1 1.98E-05 004.0 199.9  00.6 0.037818 0.143075 0.031861 hargrave 2017-08-02 10:31:15 
TT 475 335.4  72.1 014.4  34.4 1.99E-05 001.9 195.6  00.1 0.112469 0.046003 0.035243 hargrave 2017-08-03 17:28:54 
TT 500 333.5  72.6 014.3  35.2 1.97E-05 002.3 194.9 -00.1 0.119559 0.067699 0.033280 hargrave 2017-08-04 14:05:18 
TT 525 335.5  70.6 013.1  33.3 1.86E-05 001.8 196.9 -00.6 0.030286 0.034111 0.046780 hargrave 2017-08-07 11:06:24 
TT 550 330.3  72.8 013.7  36.0 1.79E-05 002.0 194.2 -00.8 0.036590 0.049638 0.035461 hargrave 2017-08-08 10:19:56 
TT 555 331.0  72.1 013.2  35.3 1.80E-05 001.2 194.9 -01.0 0.032342 0.029097 0.019299 hargrave 2017-08-09 10:11:57 
TT 560 330.8  73.1 014.1  36.1 1.74E-05 002.3 194.0 -00.5 0.041273 0.060466 0.036348 hargrave 2017-08-16 11:37:55 
TT 565 330.0  73.7 014.5  36.6 1.72E-05 002.4 193.4 -00.4 0.036480 0.060852 0.037325 hargrave 2017-08-16 19:57:40 
TT 570 329.8  73.5 014.3  36.6 1.75E-05 001.9 193.5 -00.5 0.043067 0.049009 0.036267 hargrave 2017-08-17 16:41:20 
TT 575 328.2  73.4 013.9  36.9 1.75E-05 002.6 193.3 -00.9 0.050655 0.071250 0.033883 hargrave 2017-08-18 12:21:04 
TT 580 325.4  74.1 014.0  37.9 1.72E-05 004.0 192.3 -01.1 0.049605 0.115071 0.032704 hargrave 2017-08-21 09:36:46 
TT 600 329.4  73.4 014.1  36.6 1.69E-05 002.4 193.6 -00.7 0.032101 0.062884 0.029785 hargrave 2017-08-21 18:24:13 
TT 620 328.2  72.9 013.3  36.5 1.68E-05 003.7 193.8 -01.3 0.022345 0.106868 0.030444 hargrave 2017-08-22 17:24:38 
TT 630 322.4  74.5 013.8  38.8 1.67E-05 003.0 191.5 -01.5 0.026802 0.083941 0.028675 hargrave 2017-08-23 16:25:50 
TT 640 320.7  75.1 014.1  39.4 1.65E-05 004.3 190.8 -01.4 0.020621 0.120520 0.030907 hargrave 2017-08-24 13:06:23 
TT 645 316.8  75.8 014.3  40.7 1.63E-05 003.2 189.5 -01.5 0.023877 0.088948 0.027717 hargrave 2017-08-25 09:25:05 
TT 650 315.9  77.0 015.7  41.4 1.60E-05 002.3 188.6 -00.8 0.020898 0.054616 0.035354 hargrave 2017-08-29 12:13:09 
TT 655 315.6  77.3 016.0  41.6 1.59E-05 002.1 188.3 -00.6 0.021949 0.051045 0.026994 hargrave 2017-08-30 08:45:27 
TT 660 323.7  75.9 015.5  39.2 1.59E-05 004.1 190.7 -00.3 0.031275 0.109615 0.030457 hargrave 2017-09-01 22:08:41 
TT 665 319.7  77.3 016.5  40.8 1.58E-05 004.8 189.0  00.0 0.026238 0.130913 0.026008 hargrave 2017-09-10 14:34:34 
TT 670 323.9  76.9 016.6  39.7 1.57E-05 002.9 190.0  00.4 0.026079 0.076296 0.025803 hargrave 2017-09-12 20:46:17 
TT 672 331.7  75.9 017.0  37.7 1.55E-05 006.4 191.9  01.3 0.030466 0.172983 0.027813 hargrave 2017-09-15 13:08:54 
TT 674 319.2  78.5 017.9  41.4 1.54E-05 002.6 188.1  00.8 0.025226 0.065733 0.026529 hargrave 2017-09-16 19:54:38 
TT 674 322.1  78.3 017.9  40.8 1.54E-05 003.3 188.7  01.0 0.023385 0.086742 0.029375 hargrave 2017-09-19 11:27:24 
TT 676 323.3  77.3 017.0  40.1 1.48E-05 005.2 189.6  00.6 0.025703 0.133744 0.028945 hargrave 2017-09-19 22:11:13 
TT 678 319.0  78.1 017.3  41.3 1.47E-05 002.9 188.3  00.5 0.024152 0.069540 0.029628 hargrave 2017-09-22 23:00:33 
TT 680 307.1  79.0 017.3  43.8 1.45E-05 002.8 186.0 -00.3 0.023399 0.067361 0.028486 hargrave 2017-09-24 20:46:05 
TT 682 328.0  76.7 017.1  38.8 1.35E-05 005.3 190.7  01.0 0.027205 0.123411 0.028941 hargrave 2017-09-26 14:26:15 
TT 684 318.1  78.0 017.1  41.4 1.24E-05 004.8 188.3  00.3 0.017297 0.103766 0.023504 hargrave 2017-10-01 14:40:02 
TT 686 299.7  77.5 014.8  44.9 7.11E-06 003.7 185.3 -02.3 0.017624 0.044195 0.016840 hargrave 2017-10-02 14:43:57 
TT 688 275.0  65.0 355.3  51.7 4.76E-06 003.1 180.3 -16.0 0.008116 0.024932 0.007459 hargrave 2017-10-03 17:45:32 
TT 690 006.0  70.4 022.8  27.7 2.10E-06 004.0 199.8  09.1 0.005558 0.013476 0.005920 hargrave 2017-10-06 08:45:53 
TT 692 179.5  83.7 038.0  50.8 1.58E-06 004.3 173.7  09.5 0.004848 0.009547 0.006550 hargrave 2017-10-08 11:32:06 
