TR006 -Xa mag compass orientation (IGRF corrected)
 264.19 220.3  76.0 302.6  44.3   1.0
NRM    106.0  42.0 081.6  19.3 9.79E-05 002.1 212.2  55.0 0.170536 0.324276 0.153548 hargrave 2017-07-20 12:36:25 
TT 100 105.8  43.3 080.5  20.1 9.75E-05 001.8 210.9  54.0 0.145040 0.280214 0.154128 hargrave 2017-07-21 13:51:20 
TT 200 106.3  43.4 080.7  20.4 9.69E-05 002.9 210.3  54.1 0.281492 0.417788 0.109453 hargrave 2017-07-24 09:17:15 
TT 300 106.2  43.1 080.9  20.2 9.62E-05 002.1 210.7  54.3 0.158877 0.311610 0.115079 hargrave 2017-07-24 17:12:43 
TT 350 106.9  43.4 081.0  20.8 9.55E-05 002.1 209.7  54.4 0.244939 0.228891 0.150301 hargrave 2017-07-31 12:56:49 
TT 400 107.7  43.1 081.7  21.0 9.59E-05 001.9 209.3  55.0 0.200997 0.178811 0.244163 hargrave 2017-08-01 11:21:12 
TT 450 105.9  41.5 081.9  19.0 9.54E-05 002.9 212.8  55.3 0.231946 0.421445 0.161503 hargrave 2017-08-02 10:41:14 
TT 475 107.8  43.2 081.6  21.1 9.51E-05 002.6 209.1  55.0 0.156736 0.411442 0.118946 hargrave 2017-08-03 17:39:17 
TT 500 107.4  42.8 081.7  20.6 9.49E-05 002.2 209.9  55.1 0.112162 0.338081 0.115564 hargrave 2017-08-04 14:15:15 
TT 525 108.2  42.5 082.4  20.8 9.36E-05 001.9 209.5  55.7 0.233141 0.183394 0.145477 hargrave 2017-08-07 11:18:27 
TT 550 108.0  42.2 082.5  20.5 9.29E-05 001.8 210.0  55.8 0.205211 0.199023 0.118148 hargrave 2017-08-08 10:31:59 
TT 555 106.5  41.4 082.3  19.1 9.39E-05 001.2 212.5  55.7 0.116947 0.149091 0.111154 hargrave 2017-08-09 10:23:40 
TT 560 108.1  42.7 082.2  21.0 9.13E-05 002.7 209.3  55.5 0.196999 0.364003 0.140127 hargrave 2017-08-16 11:50:52 
TT 565 108.7  43.3 082.1  21.7 9.02E-05 002.3 208.0  55.3 0.188589 0.299401 0.139366 hargrave 2017-08-16 20:09:38 
TT 570 108.7  43.4 082.0  21.7 9.00E-05 002.4 208.0  55.3 0.188956 0.319991 0.127283 hargrave 2017-08-17 16:53:22 
TT 575 108.1  42.9 082.0  21.1 8.94E-05 002.6 209.1  55.3 0.195634 0.340553 0.119742 hargrave 2017-08-18 12:33:00 
TT 580 106.9  42.2 081.9  19.9 8.88E-05 001.7 211.1  55.3 0.172815 0.176738 0.096361 hargrave 2017-08-21 09:49:30 
TT 600 108.3  42.5 082.5  20.9 8.76E-05 002.0 209.4  55.8 0.158669 0.246668 0.115735 hargrave 2017-08-21 18:36:11 
TT 620 109.4  42.8 082.8  21.7 8.60E-05 002.4 207.9  56.0 0.171676 0.302275 0.096934 hargrave 2017-08-22 17:36:39 
TT 630 109.0  42.2 083.0  21.1 8.54E-05 001.8 209.0  56.3 0.167380 0.201164 0.107319 hargrave 2017-08-23 16:37:57 
TT 640 109.5  42.6 083.1  21.6 8.46E-05 001.9 208.1  56.3 0.163868 0.226341 0.104189 hargrave 2017-08-24 13:18:26 
TT 645 108.9  42.1 083.0  20.9 8.40E-05 001.8 209.2  56.3 0.165715 0.180717 0.103610 hargrave 2017-08-25 09:37:05 
TT 650 109.0  42.0 083.2  20.9 8.38E-05 002.4 209.2  56.4 0.166024 0.304046 0.119723 hargrave 2017-08-29 12:25:21 
TT 655 110.5  42.5 083.7  22.0 8.34E-05 002.5 207.1  56.8 0.155875 0.318555 0.115609 hargrave 2017-08-30 08:55:19 
TT 660 109.6  42.3 083.3  21.5 8.31E-05 002.4 208.3  56.5 0.181114 0.284171 0.104143 hargrave 2017-09-01 22:20:35 
TT 665 109.6  42.0 083.6  21.3 8.33E-05 003.1 208.6  56.8 0.204436 0.402668 0.071566 hargrave 2017-09-10 14:46:31 
TT 670 111.2  43.1 083.6  22.8 8.29E-05 001.7 205.8  56.6 0.182357 0.163350 0.078293 hargrave 2017-09-12 20:58:17 
TT 672 109.5  42.4 083.2  21.5 8.25E-05 002.1 208.2  56.4 0.192051 0.232148 0.065265 hargrave 2017-09-15 13:22:35 
TT 674 110.3  42.4 083.7  21.9 8.22E-05 002.8 207.5  56.8 0.220242 0.333669 0.078288 hargrave 2017-09-16 20:06:39 
TT 676 111.1  42.8 083.8  22.6 8.17E-05 002.3 206.2  56.8 0.190670 0.258820 0.085013 hargrave 2017-09-19 22:24:18 
TT 678 110.5  42.1 084.0  21.8 8.09E-05 002.8 207.5  57.1 0.212598 0.325169 0.096310 hargrave 2017-09-23 14:25:09 
TT 680 110.1  41.7 084.1  21.3 7.89E-05 002.7 208.5  57.3 0.202933 0.309523 0.085513 hargrave 2017-09-24 20:58:10 
TT 682 111.7  42.2 084.5  22.5 7.54E-05 002.7 206.2  57.5 0.187165 0.294262 0.084359 hargrave 2017-09-26 14:49:43 
TT 684 111.6  42.1 084.6  22.4 7.05E-05 003.3 206.3  57.6 0.144475 0.382744 0.084924 hargrave 2017-10-01 14:53:26 
TT 686 113.4  42.4 085.3  23.6 6.46E-05 003.6 203.9  58.1 0.195585 0.355730 0.077563 hargrave 2017-10-02 14:57:28 
TT 688 113.2  40.8 086.5  22.4 3.58E-05 002.7 205.9  59.3 0.094508 0.140002 0.036665 hargrave 2017-10-03 17:59:52 
TT 690 110.1  40.0 085.4  20.1 2.28E-05 003.5 210.5  58.6 0.091988 0.110337 0.031026 hargrave 2017-10-06 08:58:48 
TT 692 093.1  50.5 068.6  19.5 7.10E-06 004.1 211.6  42.7 0.020629 0.044160 0.015039 hargrave 2017-10-08 11:44:39 
