TR006 -Ma mag compass orientation (IGRF corrected)
 258.37 207.3  87.0 302.6  44.3   1.0
NRM    175.8  43.7 113.5  64.0 1.84E-05 004.9 137.4  24.4 0.131665 0.103964 0.038583 hargrave 2017-07-20 12:21:51 
TT 100 172.6  48.0 103.1  62.9 1.89E-05 005.8 142.7  24.8 0.150692 0.137995 0.025785 hargrave 2017-07-21 13:35:36 
TT 200 174.4  45.8 108.4  63.6 1.89E-05 003.7 140.0  24.6 0.097454 0.087454 0.028986 hargrave 2017-07-24 09:02:16 
TT 300 175.2  43.7 113.3  63.6 1.92E-05 004.6 137.6  24.8 0.121733 0.112859 0.025368 hargrave 2017-07-24 16:57:39 
TT 350 174.1  45.2 109.6  63.2 1.95E-05 001.8 139.5  25.0 0.065206 0.056496 0.021406 hargrave 2017-07-31 12:38:40 
TT 400 173.3  44.7 110.4  62.6 1.94E-05 001.8 139.1  25.7 0.067274 0.053332 0.026782 hargrave 2017-08-01 11:03:04 
TT 450 175.0  41.9 116.9  62.9 1.93E-05 002.0 135.8  25.6 0.061942 0.071920 0.035151 hargrave 2017-08-02 10:26:28 
TT 475 175.5  42.4 116.4  63.4 1.95E-05 002.7 136.1  25.1 0.068675 0.092265 0.026833 hargrave 2017-08-03 17:24:08 
TT 500 176.3  41.2 119.2  63.5 1.94E-05 002.6 134.7  24.9 0.067083 0.087719 0.026041 hargrave 2017-08-04 13:59:46 
TT 525 176.5  41.9 118.0  63.9 1.93E-05 002.1 135.3  24.6 0.065097 0.062207 0.025323 hargrave 2017-08-07 11:00:27 
TT 550 177.6  39.4 123.9  63.7 1.95E-05 001.8 132.4  24.5 0.064452 0.051836 0.027398 hargrave 2017-08-08 10:13:58 
TT 555 178.5  40.3 122.7  64.7 1.97E-05 001.8 133.1  23.6 0.063412 0.057266 0.013963 hargrave 2017-08-09 10:06:12 
TT 560 178.1  39.2 124.7  63.9 1.94E-05 002.6 132.1  24.3 0.055321 0.085970 0.027369 hargrave 2017-08-16 11:31:08 
TT 565 178.2  39.0 125.2  64.0 1.94E-05 002.3 131.8  24.2 0.048307 0.080824 0.026400 hargrave 2017-08-16 19:51:47 
TT 570 178.5  38.7 126.1  64.0 1.94E-05 001.6 131.4  24.1 0.028259 0.060303 0.025342 hargrave 2017-08-17 16:35:16 
TT 575 178.0  39.0 124.9  63.8 1.95E-05 002.7 131.9  24.4 0.072738 0.078436 0.026135 hargrave 2017-08-18 12:14:12 
TT 580 177.2  40.3 121.8  63.8 1.94E-05 002.3 133.5  24.5 0.069219 0.065779 0.029387 hargrave 2017-08-21 09:30:53 
TT 600 176.8  40.3 121.5  63.5 1.95E-05 002.6 133.6  24.8 0.069858 0.076692 0.028403 hargrave 2017-08-21 18:18:21 
TT 620 177.5  41.3 119.8  64.4 1.95E-05 002.4 134.5  24.1 0.067336 0.070716 0.028384 hargrave 2017-08-22 17:18:42 
TT 630 178.0  38.9 125.2  63.8 1.95E-05 003.8 131.8  24.4 0.093049 0.100388 0.029989 hargrave 2017-08-23 16:19:49 
TT 640 177.3  38.4 125.6  63.1 1.91E-05 002.9 131.5  25.1 0.070397 0.073732 0.029394 hargrave 2017-08-24 13:00:26 
TT 645 177.1  39.2 123.9  63.2 1.92E-05 002.2 132.3  25.0 0.063115 0.065066 0.028762 hargrave 2017-08-25 09:19:11 
TT 650 176.8  39.9 122.3  63.3 1.90E-05 003.0 133.1  25.0 0.074827 0.073960 0.026778 hargrave 2017-08-29 12:07:09 
TT 655 177.9  37.3 128.3  62.9 1.90E-05 003.1 130.1  24.9 0.062226 0.081303 0.036489 hargrave 2017-08-30 08:40:46 
TT 660 177.7  40.9 120.9  64.4 1.88E-05 003.6 133.9  24.0 0.071374 0.102423 0.034222 hargrave 2017-09-01 22:02:48 
TT 665 177.1  40.4 121.4  63.7 1.90E-05 004.0 133.6  24.6 0.102264 0.086872 0.028377 hargrave 2017-09-10 14:28:41 
TT 670 177.3  40.6 121.2  64.0 1.85E-05 003.3 133.8  24.4 0.065382 0.077478 0.041913 hargrave 2017-09-12 20:40:07 
TT 672 177.9  39.1 124.7  63.8 1.83E-05 003.8 132.0  24.4 0.082356 0.084723 0.042023 hargrave 2017-09-15 12:54:48 
TT 674 177.7  40.2 122.2  64.1 1.81E-05 002.9 133.3  24.3 0.069282 0.052771 0.038950 hargrave 2017-09-16 19:48:25 
TT 676 181.1  38.8 128.0  65.9 1.79E-05 002.3 130.9  22.1 0.060297 0.032011 0.041072 hargrave 2017-09-19 22:04:57 
TT 678 180.0  40.3 123.8  65.7 1.71E-05 003.2 132.8  22.6 0.060644 0.077021 0.038313 hargrave 2017-09-22 22:54:13 
TT 680 183.2  37.0 133.9  66.5 1.64E-05 002.3 128.6  20.9 0.036211 0.054063 0.036599 hargrave 2017-09-24 20:39:44 
TT 682 182.0  42.9 119.0  68.1 1.26E-05 003.0 135.0  20.4 0.039407 0.053754 0.026538 hargrave 2017-09-26 14:19:53 
TT 684 196.7  39.4 145.3  76.7 7.38E-06 002.8 129.5  10.1 0.019716 0.028461 0.021422 hargrave 2017-10-01 14:33:51 
TT 686 201.2  58.9 056.2  75.1 4.69E-06 003.3 148.9  05.7 0.014107 0.026933 0.011278 hargrave 2017-10-02 14:37:43 
TT 688 190.3  28.6 159.3  65.5 2.69E-06 003.6 118.9  16.3 0.017553 0.005928 0.005390 hargrave 2017-10-03 17:39:21 
TT 690 110.2 -54.6 162.9 -42.1 8.82E-07 006.5 355.1  32.1 0.006197 0.003802 0.007999 hargrave 2017-10-06 08:38:09 
TT 692 352.1  84.9 028.2  41.7 1.21E-06 004.2 184.1  00.1 0.007779 0.003415 0.008307 hargrave 2017-10-08 11:26:19 
