TR006 -Aa mag compass orientation (IGRF corrected)
    239 170.3  73.0 302.6  44.3   1.0
NRM    005.9  49.1 015.3  07.6 1.50E-06 004.3 223.2  22.9 0.006820 0.008924 0.001957 hargrave 2017-07-20 11:56:53 
TT 100 357.6  46.4 009.1  07.1 4.24E-07 002.4 225.7  17.2 0.001886 0.001166 0.000804 hargrave 2017-07-21 13:18:04 
TT 200 000.4  48.1 011.6  07.9 4.51E-07 002.1 224.1  19.3 0.001729 0.001465 0.000721 hargrave 2017-07-24 08:44:52 
TT 300 001.0  48.6 012.1  08.2 5.33E-07 002.4 223.7  19.7 0.001332 0.002007 0.001549 hargrave 2017-07-24 16:40:04 
TT 350 358.5  45.8 009.4  06.4 4.12E-07 002.8 226.4  17.7 0.001452 0.001763 0.000809 hargrave 2017-07-31 12:17:21 
TT 400 351.0  48.2 005.9  10.7 2.63E-07 003.0 223.1  13.1 0.001048 0.001246 0.000384 hargrave 2017-08-01 10:41:44 
TT 450 343.3  51.2 003.0  15.8 1.58E-07 006.5 219.0  08.9 0.001610 0.001214 0.000385 hargrave 2017-08-02 10:09:12 
TT 475 331.8  52.2 357.7  20.9 1.24E-07 005.7 215.5  02.6 0.001505 0.001316 0.000212 hargrave 2017-08-03 17:05:11 
TT 500 317.5  47.8 347.2  24.2 9.15E-08 010.0 214.7 -07.6 0.001513 0.001216 0.000272 hargrave 2017-08-04 13:42:23 
TT 500 320.2  46.0 347.2  21.6 9.16E-08 005.2 217.3 -07.0 0.001072 0.000837 0.000177 hargrave 2017-08-04 14:30:22 
TT 525 290.0  52.0 339.7  41.1 6.60E-08 009.8 198.5 -16.3 0.000774 0.001017 0.000277 hargrave 2017-08-07 10:35:59 
TT 525 293.4  46.5 334.9  36.6 6.68E-08 003.8 203.6 -19.8 0.000520 0.000377 0.000241 hargrave 2017-08-07 12:10:10 
TT 550 289.6  50.6 337.8  40.8 5.74E-08 011.2 199.0 -17.7 0.001327 0.001042 0.000300 hargrave 2017-08-08 09:49:31 
TT 550 286.9  42.8 327.8  38.7 5.16E-08 014.7 201.3 -25.3 0.000872 0.001282 0.000134 hargrave 2017-08-08 11:01:18 
TT 550 283.3  47.4 331.6  43.1 5.81E-08 016.1 196.6 -22.3 0.001337 0.001581 0.000785 hargrave 2017-08-08 11:32:57 
TT 550 284.4  43.3 327.2  40.5 5.21E-08 005.9 199.2 -25.7 0.000528 0.000428 0.000238 hargrave 2017-08-08 11:53:51 
TT 555 293.0  09.2 302.2  13.2 5.96E-08 009.1 233.5 -48.3 0.000897 0.000482 0.000349 hargrave 2017-08-09 09:45:48 
TT 555 291.8  08.2 300.7  13.4 5.43E-08 011.0 233.5 -49.8 0.000762 0.000774 0.000504 hargrave 2017-08-09 11:00:35 
TT 555 292.8  07.2 300.6  12.0 5.30E-08 011.2 235.6 -49.7 0.000891 0.000584 0.000589 hargrave 2017-08-09 11:14:12 
TT 555 294.9  01.8 298.3  06.6 5.42E-08 018.7 244.5 -50.9 0.001469 0.001332 0.000330 hargrave 2017-08-09 11:43:23 
TT 560 307.4  33.4 330.2  20.2 6.56E-08 006.3 221.4 -22.5 0.000852 0.000543 0.000243 hargrave 2017-08-16 11:09:13 
TT 565 278.0  52.2 336.2  48.1 5.88E-08 016.2 191.4 -19.0 0.001198 0.001302 0.000740 hargrave 2017-08-16 19:30:00 
TT 565 281.8  32.3 313.9  36.3 4.54E-08 010.5 202.7 -36.5 0.000656 0.000540 0.000499 hargrave 2017-08-17 08:08:55 
TT 565 283.9  34.2 317.1  36.0 4.74E-08 009.1 203.6 -34.0 0.000544 0.000519 0.000552 hargrave 2017-08-17 08:26:50 
TT 565 277.6  27.0 306.0  36.0 4.37E-08 007.1 201.2 -42.8 0.000415 0.000419 0.000179 hargrave 2017-08-17 08:52:13 
TT 570 295.1  53.6 343.3  39.1 4.60E-08 013.0 200.4 -13.3 0.000658 0.000985 0.000328 hargrave 2017-08-17 16:12:27 
TT 570 294.2  45.7 334.3  35.7 4.33E-08 009.1 204.5 -20.1 0.000556 0.000638 0.000092 hargrave 2017-08-17 17:20:26 
TT 570 289.3  42.7 328.9  37.1 4.72E-08 011.6 203.0 -24.5 0.000904 0.001024 0.000438 hargrave 2017-08-17 17:41:21 
TT 570 290.4  42.3 328.9  36.2 4.19E-08 007.5 204.1 -24.5 0.000407 0.000428 0.000291 hargrave 2017-08-17 18:01:11 
TT 575 304.9  62.6 356.6  38.5 5.23E-08 017.7 198.9 -03.1 0.001127 0.001469 0.000346 hargrave 2017-08-18 11:53:10 
TT 575 303.6  48.5 341.3  31.8 4.38E-08 007.9 208.0 -14.0 0.000486 0.000682 0.000192 hargrave 2017-08-18 13:15:36 
TT 575 297.9  54.1 344.8  37.8 4.44E-08 006.0 201.5 -12.0 0.000450 0.000458 0.000167 hargrave 2017-08-18 13:32:54 
TT 580 182.2  33.9 138.9  64.0 3.64E-08 027.8 125.7 -00.0 0.001958 0.000936 0.000788 hargrave 2017-08-21 09:08:11 
TT 580 182.2  09.0 167.7  45.0 3.37E-08 008.5 102.2 -08.6 0.000546 0.000447 0.000162 hargrave 2017-08-21 10:19:23 
TT 580 184.1  01.1 174.8  38.9 3.60E-08 008.0 095.2 -12.8 0.000319 0.000317 0.000444 hargrave 2017-08-21 10:34:07 
TT 580 183.6  05.1 171.9  42.2 3.74E-08 009.0 098.9 -11.1 0.000519 0.000253 0.000248 hargrave 2017-08-21 10:50:03 
TT 600 150.8  68.4 064.3  51.9 5.59E-08 013.8 157.8  22.9 0.000974 0.001136 0.000275 hargrave 2017-08-21 17:57:11 
TT 600 166.5  58.1 081.5  59.7 2.98E-08 007.7 146.7  16.3 0.000365 0.000397 0.000114 hargrave 2017-08-22 08:46:52 
TT 600 165.7  55.7 086.3  59.3 3.47E-08 007.8 144.2  16.5 0.000426 0.000397 0.000171 hargrave 2017-08-22 09:03:46 
TT 600 161.0  51.9 093.0  56.2 3.44E-08 007.6 139.9  19.0 0.000436 0.000356 0.000163 hargrave 2017-08-22 09:22:53 
TT 620 337.7  35.5 350.7  05.1 3.11E-08 036.2 232.6  00.0 0.001241 0.001393 0.000610 hargrave 2017-08-22 16:57:34 
TT 620 322.5 -22.3 300.1 -29.4 3.26E-08 009.9 286.1 -31.4 0.000431 0.000523 0.000123 hargrave 2017-08-23 08:34:50 
TT 620 320.8 -13.0 306.4 -21.9 3.06E-08 014.3 275.0 -31.6 0.000615 0.000643 0.000215 hargrave 2017-08-23 08:52:06 
TT 630 262.7  62.4 351.4  57.3 6.72E-08 010.0 181.1 -10.6 0.001003 0.001157 0.000238 hargrave 2017-08-23 15:58:32 
TT 630 265.6  59.3 345.6  56.1 6.57E-08 004.4 182.8 -13.6 0.000748 0.000469 0.000162 hargrave 2017-08-23 17:01:13 
TT 640 003.4  12.1 000.4 -26.5 8.59E-08 005.4 261.9  15.8 0.000539 0.000778 0.000364 hargrave 2017-08-24 12:38:32 
TT 645 194.6  50.5 094.3  77.1 9.97E-08 004.7 144.6 -01.5 0.000912 0.001263 0.000256 hargrave 2017-08-25 08:58:11 
TT 650 328.4  23.6 337.0  00.4 1.11E-07 007.2 240.5 -12.1 0.000917 0.001530 0.000273 hargrave 2017-08-29 11:46:01 
TT 650 331.3  21.4 337.8 -02.9 1.17E-07 008.4 243.6 -10.5 0.001670 0.001213 0.000282 hargrave 2017-08-29 12:42:20 
TT 650 330.1  22.8 337.7 -01.1 1.18E-07 005.2 241.8 -11.0 0.000713 0.000809 0.000817 hargrave 2017-08-29 12:52:26 
TT 655 206.4  43.9 142.5  85.3 1.56E-07 004.9 143.5 -11.7 0.001354 0.001811 0.000819 hargrave 2017-08-30 08:23:48 
TT 660 330.0  85.0 026.4  43.2 1.61E-07 007.8 184.9  15.2 0.001468 0.002053 0.000520 hargrave 2017-09-01 21:41:50 
TT 660 038.4  85.2 033.2  40.9 1.71E-07 027.7 183.4  20.5 0.001872 0.002154 0.009042 hargrave 2017-09-08 14:52:10 
TT 665 328.1  12.3 329.6 -08.1 1.38E-07 031.7 251.0 -16.9 0.002426 0.002297 0.008100 hargrave 2017-09-10 14:06:04 
TT 665 325.9  09.6 326.2 -08.8 1.47E-07 030.0 252.7 -19.9 0.001938 0.001529 0.008454 hargrave 2017-09-10 15:29:40 
TT 665 327.4  02.5 322.6 -15.2 1.54E-07 028.5 260.4 -21.0 0.001934 0.001733 0.008306 hargrave 2017-09-11 07:48:19 
TT 670 313.1  78.9 017.7  42.7 2.72E-07 017.0 188.9  10.1 0.001967 0.002296 0.008012 hargrave 2017-09-12 20:19:07 
TT 670 317.1  80.3 019.9  42.6 2.57E-07 017.1 188.2  11.6 0.001408 0.001382 0.007813 hargrave 2017-09-13 09:12:29 
TT 670 330.2  77.0 017.8  38.6 2.80E-07 019.0 192.5  12.2 0.002528 0.002640 0.009268 hargrave 2017-09-14 14:16:21 
TT 670 328.7  77.7 018.3  39.4 2.73E-07 016.9 191.6  12.2 0.002122 0.002754 0.007919 hargrave 2017-09-14 15:10:24 
TT 672 250.4  74.2 014.8  57.0 2.60E-07 018.1 177.3  01.5 0.002025 0.002648 0.007982 hargrave 2017-09-15 12:31:54 
TT 672 248.0  74.5 015.9  57.3 2.56E-07 018.9 176.7  01.8 0.002097 0.002074 0.008381 hargrave 2017-09-15 14:43:41 
TT 674 348.8  45.4 003.1  08.9 2.36E-07 019.4 225.7  10.9 0.001755 0.001642 0.008200 hargrave 2017-09-16 19:25:36 
TT 674 348.9  44.0 002.5  07.7 2.64E-07 018.2 227.0  10.7 0.002883 0.002687 0.008033 hargrave 2017-09-19 09:24:05 
TT 676 175.0  59.5 077.2  63.8 2.13E-07 019.6 148.8  12.3 0.001451 0.002659 0.007406 hargrave 2017-09-19 21:42:14 
TT 678 340.6  56.7 005.0  21.2 3.49E-07 014.1 213.2  09.0 0.002924 0.003318 0.007964 hargrave 2017-09-22 22:31:57 
TT 680 207.7  38.9 183.0  82.3 1.75E-07 026.0 140.0 -15.6 0.001402 0.002166 0.008257 hargrave 2017-09-24 20:16:47 
TT 682 009.4 -62.5 242.4 -68.6 2.30E-07 018.5 334.0 -06.6 0.003060 0.002696 0.006954 hargrave 2017-09-26 13:58:23 
TT 684 324.6  45.4 349.1  19.0 2.81E-07 015.7 219.4 -04.8 0.002503 0.003147 0.006862 hargrave 2017-10-01 14:11:38 
TT 686 345.7  46.1 001.6  10.6 2.96E-07 016.6 224.4  09.1 0.002802 0.002731 0.008276 hargrave 2017-10-02 14:16:14 
TT 688 186.2  59.5 072.0  69.1 2.65E-07 016.4 150.5  06.8 0.001985 0.002773 0.007341 hargrave 2017-10-03 17:14:28 
TT 690 344.1  20.0 346.8 -11.0 3.09E-07 015.2 249.1  00.2 0.002920 0.001524 0.007919 hargrave 2017-10-06 08:15:59 
TT 690 258.9  69.2 004.3  57.2 9.40E-08 072.6 179.5 -03.8 0.001790 0.031343 0.007109 hargrave 2017-10-06 10:42:56 
TT 692 249.5  64.7 359.1  62.3 2.66E-07 018.5 175.4 -07.9 0.001617 0.002734 0.008479 hargrave 2017-10-08 11:05:04 
