TR006 -La mag compass orientation (IGRF corrected)
 257.82 187.3  79.0 302.6  44.3   1.0
NRM    345.8  49.1 003.2  13.2 2.87E-05 001.9 217.7 -05.3 0.082029 0.112176 0.057582 hargrave 2017-07-20 12:20:34 
TT 100 342.9  47.5 000.7  12.9 2.76E-05 005.5 218.3 -07.7 0.130990 0.258744 0.042260 hargrave 2017-07-21 13:34:20 
TT 200 342.0  48.7 000.8  14.2 2.74E-05 003.1 217.0 -07.7 0.105366 0.123815 0.078338 hargrave 2017-07-24 09:00:59 
TT 300 342.1  48.8 001.0  14.3 2.73E-05 005.0 216.9 -07.6 0.121733 0.217240 0.076919 hargrave 2017-07-24 16:56:22 
TT 350 342.0  48.8 001.0  14.3 2.69E-05 002.3 216.9 -07.6 0.061258 0.046853 0.085774 hargrave 2017-07-31 12:37:04 
TT 400 342.8  48.0 000.9  13.3 2.64E-05 002.0 217.9 -07.5 0.061141 0.040042 0.070306 hargrave 2017-08-01 11:01:27 
TT 450 341.5  50.1 001.4  15.5 2.56E-05 002.5 215.6 -07.3 0.084924 0.095566 0.056991 hargrave 2017-08-02 10:25:07 
TT 475 341.8  49.6 001.3  15.0 2.57E-05 002.7 216.1 -07.4 0.106395 0.079471 0.075030 hargrave 2017-08-03 17:22:43 
TT 500 341.7  49.0 000.9  14.6 2.55E-05 003.0 216.6 -07.7 0.123287 0.073384 0.073620 hargrave 2017-08-04 13:58:20 
TT 525 342.2  48.2 000.6  13.7 2.48E-05 002.8 217.6 -07.8 0.053957 0.062360 0.092799 hargrave 2017-08-07 10:58:51 
TT 550 339.6  49.9 000.2  16.1 2.44E-05 002.5 215.2 -08.5 0.065331 0.059010 0.073102 hargrave 2017-08-08 10:12:22 
TT 555 341.6  47.4 359.9  13.2 2.45E-05 002.8 218.1 -08.5 0.090089 0.074078 0.057216 hargrave 2017-08-09 10:04:40 
TT 560 340.5  49.4 000.4  15.3 2.39E-05 003.1 216.0 -08.2 0.077811 0.078178 0.076968 hargrave 2017-08-16 11:29:32 
TT 565 340.6  48.4 359.9  14.4 2.37E-05 002.7 216.9 -08.7 0.066292 0.056495 0.079236 hargrave 2017-08-16 19:50:12 
TT 570 339.9  48.8 359.7  15.1 2.37E-05 002.7 216.3 -08.9 0.073034 0.049855 0.081325 hargrave 2017-08-17 16:33:39 
TT 575 340.0  48.9 359.9  15.1 2.34E-05 004.1 216.2 -08.7 0.096128 0.115094 0.078012 hargrave 2017-08-18 12:12:37 
TT 580 340.3  48.9 000.0  15.0 2.31E-05 003.6 216.3 -08.6 0.092883 0.091981 0.071944 hargrave 2017-08-21 09:29:18 
TT 600 340.2  50.0 000.6  15.9 2.20E-05 003.0 215.3 -08.1 0.065413 0.074787 0.068509 hargrave 2017-08-21 18:16:47 
TT 620 340.3  51.1 001.4  16.8 2.15E-05 003.5 214.3 -07.5 0.083657 0.092176 0.069069 hargrave 2017-08-22 17:17:06 
TT 630 341.9  49.8 001.4  15.1 2.15E-05 003.1 216.0 -07.3 0.075804 0.066551 0.070191 hargrave 2017-08-23 16:18:13 
TT 640 341.5  50.0 001.3  15.4 2.10E-05 003.3 215.7 -07.4 0.078897 0.067517 0.069955 hargrave 2017-08-24 12:58:50 
TT 645 340.9  50.4 001.3  16.0 2.09E-05 003.5 215.1 -07.5 0.083989 0.075128 0.069339 hargrave 2017-08-25 09:17:36 
TT 650 341.6  50.0 001.3  15.4 2.06E-05 004.8 215.7 -07.4 0.102907 0.109387 0.084424 hargrave 2017-08-29 12:05:33 
TT 655 340.7  51.2 001.6  16.7 2.01E-05 003.1 214.4 -07.3 0.060805 0.084533 0.064219 hargrave 2017-08-30 08:39:30 
TT 660 341.3  50.1 001.3  15.6 2.04E-05 004.4 215.6 -07.5 0.096832 0.107881 0.067220 hargrave 2017-09-01 22:01:13 
TT 665 341.4  49.0 000.7  14.7 1.98E-05 002.8 216.6 -07.9 0.067155 0.072194 0.047973 hargrave 2017-09-10 14:27:06 
TT 670 341.0  51.1 001.7  16.5 1.95E-05 002.8 214.6 -07.2 0.059403 0.078133 0.041865 hargrave 2017-09-12 20:38:36 
TT 672 341.5  49.4 001.0  14.9 1.88E-05 002.3 216.3 -07.6 0.048457 0.054961 0.045106 hargrave 2017-09-15 12:53:16 
TT 674 341.8  49.0 000.9  14.5 1.88E-05 003.3 216.7 -07.7 0.074356 0.083936 0.042039 hargrave 2017-09-16 19:46:54 
TT 676 339.9  50.1 000.5  16.1 1.78E-05 003.5 215.1 -08.3 0.071489 0.080013 0.043182 hargrave 2017-09-19 22:03:25 
TT 678 343.9  49.0 002.1  13.7 1.68E-05 004.9 217.3 -06.4 0.081673 0.116415 0.043438 hargrave 2017-09-22 22:52:37 
TT 680 337.5  53.1 001.1  19.4 1.49E-05 003.4 211.7 -08.1 0.046938 0.070375 0.039262 hargrave 2017-09-24 20:38:13 
TT 682 339.8  51.4 001.3  17.2 1.08E-05 003.0 213.9 -07.6 0.026301 0.043766 0.034320 hargrave 2017-09-26 14:18:22 
TT 684 349.4  51.8 006.7  14.3 7.43E-06 004.9 216.1 -02.1 0.025017 0.034862 0.049001 hargrave 2017-10-01 14:32:20 
TT 686 347.4  43.7 001.4  08.0 4.34E-06 003.4 223.1 -06.3 0.017449 0.011970 0.018742 hargrave 2017-10-02 14:36:14 
TT 688 287.4  55.2 342.8  43.8 2.58E-06 003.8 186.3 -23.3 0.007256 0.016290 0.006606 hargrave 2017-10-03 17:37:47 
TT 690 345.0  21.2 348.2 -10.4 1.44E-06 004.2 243.9 -16.2 0.007404 0.005051 0.008050 hargrave 2017-10-06 08:36:31 
TT 692 310.9  43.4 340.3  24.7 1.54E-06 006.4 207.0 -27.6 0.005757 0.007679 0.015999 hargrave 2017-10-08 11:24:45 
