TR006 -Sa mag compass orientation (IGRF corrected)
  259.9 202.3  85.0 302.6  44.3   1.0
NRM    199.9  11.6 190.9  54.2 1.70E-05 002.7 101.4  03.4 0.043064 0.082378 0.066011 hargrave 2017-07-20 12:27:52 
TT 100 201.5  12.2 193.4  55.2 1.77E-05 006.1 102.1  01.8 0.198139 0.166543 0.063019 hargrave 2017-07-21 13:42:11 
TT 200 201.7  12.0 193.8  55.1 1.78E-05 005.4 101.9  01.6 0.165220 0.162661 0.057567 hargrave 2017-07-24 09:08:06 
TT 300 201.1  06.2 194.9  49.3 1.73E-05 007.6 096.1  01.7 0.217966 0.080472 0.074101 hargrave 2017-07-24 17:03:32 
TT 300 201.5  09.1 194.6  52.2 1.75E-05 004.9 099.0  01.6 0.134612 0.096407 0.068445 hargrave 2017-07-24 17:27:44 
TT 350 201.3  08.0 194.7  51.1 1.76E-05 002.8 097.9  01.6 0.061783 0.058883 0.064455 hargrave 2017-07-31 12:46:06 
TT 400 200.9  06.2 194.7  49.2 1.78E-05 003.3 096.1  01.9 0.081995 0.059320 0.069399 hargrave 2017-08-01 11:10:33 
TT 450 201.5  07.0 195.2  50.2 1.80E-05 002.9 096.9  01.4 0.060460 0.064774 0.071499 hargrave 2017-08-02 10:32:29 
TT 475 201.3  06.5 195.2  49.6 1.90E-05 004.3 096.4  01.5 0.126079 0.076213 0.075272 hargrave 2017-08-03 17:30:16 
TT 500 201.2  04.8 195.5  47.9 1.88E-05 003.8 094.7  01.5 0.109388 0.073235 0.067067 hargrave 2017-08-04 14:06:31 
TT 525 200.9  05.2 194.9  48.2 1.87E-05 002.8 095.0  01.9 0.068683 0.065274 0.066575 hargrave 2017-08-07 11:07:57 
TT 550 199.8  03.7 193.9  46.5 1.87E-05 003.0 093.4  02.8 0.074084 0.066487 0.069366 hargrave 2017-08-08 10:21:28 
TT 555 199.5  04.5 193.2  47.3 1.90E-05 002.3 094.3  03.1 0.063501 0.063708 0.046119 hargrave 2017-08-09 10:13:28 
TT 560 199.1  03.8 192.8  46.5 1.89E-05 003.1 093.6  03.5 0.078774 0.060788 0.070556 hargrave 2017-08-16 11:39:27 
TT 565 198.7  01.2 193.1  43.8 1.91E-05 003.2 090.9  03.7 0.080595 0.050067 0.070110 hargrave 2017-08-16 19:59:11 
TT 570 198.2  01.2 192.5  43.8 1.92E-05 002.8 090.9  04.2 0.064708 0.072716 0.068170 hargrave 2017-08-17 16:42:53 
TT 575 197.6  02.0 191.5  44.3 1.94E-05 003.0 091.6  04.8 0.073939 0.051102 0.071757 hargrave 2017-08-18 12:22:35 
TT 580 197.4  01.6 191.3  44.0 1.92E-05 004.3 091.2  05.0 0.124594 0.036535 0.071511 hargrave 2017-08-21 09:38:17 
TT 600 197.8  00.4 192.2  42.8 1.93E-05 002.7 090.0  04.5 0.060532 0.030257 0.069307 hargrave 2017-08-21 18:25:48 
TT 620 197.2  01.4 191.1  43.7 1.89E-05 003.9 091.0  05.2 0.108338 0.023262 0.071001 hargrave 2017-08-22 17:26:10 
TT 630 196.9  00.2 191.1  42.4 1.92E-05 003.1 089.7  05.4 0.078400 0.028191 0.066712 hargrave 2017-08-23 16:27:27 
TT 640 197.3 -01.7 192.3  40.7 1.86E-05 003.3 087.9  04.8 0.079914 0.025923 0.069408 hargrave 2017-08-24 13:07:55 
TT 645 198.1 -01.1 193.0  41.5 1.94E-05 002.9 088.6  04.1 0.070215 0.026696 0.071016 hargrave 2017-08-25 09:26:38 
TT 650 198.2 -02.5 193.6  40.2 1.92E-05 002.8 087.2  03.9 0.057028 0.026553 0.075141 hargrave 2017-08-29 12:14:46 
TT 655 197.9 -04.6 193.8  38.0 1.92E-05 002.5 085.0  04.0 0.036741 0.037999 0.075212 hargrave 2017-08-30 08:46:40 
TT 660 198.0 -01.4 193.0  41.2 1.88E-05 003.7 088.2  04.2 0.097692 0.026586 0.075094 hargrave 2017-09-01 22:10:12 
TT 665 198.8 -01.3 194.1  41.4 1.93E-05 002.6 088.4  03.4 0.077716 0.023821 0.040196 hargrave 2017-09-10 14:36:05 
TT 670 198.8 -01.0 194.0  41.7 1.90E-05 002.4 088.7  03.4 0.066657 0.024505 0.045740 hargrave 2017-09-12 20:47:47 
TT 672 199.4  02.1 193.7  44.9 1.92E-05 006.0 091.8  03.1 0.195285 0.022354 0.050260 hargrave 2017-09-15 13:11:18 
TT 674 198.9 -03.9 195.0  38.9 1.92E-05 003.0 085.8  03.0 0.088439 0.021574 0.048446 hargrave 2017-09-16 19:56:10 
TT 676 199.4 -04.1 195.6  38.8 1.94E-05 002.1 085.6  02.5 0.041020 0.028211 0.055014 hargrave 2017-09-19 22:12:45 
TT 678 199.9 -03.9 196.2  39.1 1.92E-05 002.5 085.9  02.1 0.059497 0.025413 0.060013 hargrave 2017-09-22 23:02:05 
TT 680 199.4 -01.8 195.0  41.1 1.91E-05 003.0 088.0  02.7 0.077064 0.028387 0.061800 hargrave 2017-09-24 20:47:37 
TT 682 200.1 -04.7 196.6  38.4 1.82E-05 002.3 085.1  01.8 0.044329 0.024010 0.058234 hargrave 2017-09-26 14:27:47 
TT 684 201.9 -01.3 198.1  42.1 1.71E-05 006.4 088.7  00.3 0.187332 0.037403 0.043099 hargrave 2017-10-01 14:41:32 
TT 686 203.6 -04.1 200.9  39.5 1.31E-05 002.5 086.0 -01.6 0.041685 0.024596 0.039262 hargrave 2017-10-02 14:45:27 
TT 688 200.6 -02.6 196.8  40.5 8.03E-06 003.3 087.2  01.4 0.044520 0.009393 0.012542 hargrave 2017-10-03 17:47:02 
TT 690 196.2 -07.5 192.7  34.9 2.53E-06 003.0 082.0  05.4 0.008502 0.009607 0.009258 hargrave 2017-10-06 08:47:27 
TT 692 243.5  22.7 270.5  56.0 2.54E-06 006.3 122.2 -34.9 0.020942 0.018032 0.007414 hargrave 2017-10-08 11:33:36 
