TR006 -Na mag compass orientation (IGRF corrected)
 258.39 204.3  87.0 302.6  44.3   1.0
NRM    173.8  36.8 125.9  59.8 1.33E-05 002.1 129.9  25.9 0.035466 0.031531 0.019272 hargrave 2017-07-20 12:23:05 
TT 100 175.0  33.2 132.9  58.8 1.33E-05 004.1 125.7  25.9 0.081444 0.050889 0.010760 hargrave 2017-07-21 13:37:31 
TT 200 175.6  31.5 136.0  58.2 1.32E-05 003.4 123.8  25.8 0.067242 0.041327 0.016844 hargrave 2017-07-24 09:03:28 
TT 300 176.3  28.8 140.6  56.9 1.32E-05 003.7 120.7  25.9 0.070534 0.051906 0.015875 hargrave 2017-07-24 16:58:52 
TT 350 176.8  28.5 141.6  57.0 1.35E-05 001.5 120.2  25.5 0.024379 0.033169 0.014710 hargrave 2017-07-31 12:40:11 
TT 400 176.6  26.2 144.5  55.4 1.36E-05 001.6 117.8  26.1 0.028096 0.029831 0.014630 hargrave 2017-08-01 11:04:35 
TT 450 176.5  25.1 145.7  54.5 1.37E-05 002.8 116.6  26.4 0.054694 0.040519 0.020715 hargrave 2017-08-02 10:27:42 
TT 475 178.2  23.0 150.1  54.1 1.36E-05 002.6 114.0  25.2 0.052357 0.037931 0.016621 hargrave 2017-08-03 17:25:22 
TT 500 178.4  22.8 150.6  54.0 1.36E-05 002.9 113.8  25.0 0.065987 0.025593 0.015188 hargrave 2017-08-04 14:01:42 
TT 525 178.6  22.4 151.2  53.9 1.38E-05 001.8 113.3  24.9 0.033499 0.028856 0.017705 hargrave 2017-08-07 11:01:59 
TT 550 179.0  21.7 152.5  53.6 1.38E-05 001.9 112.6  24.6 0.036883 0.028635 0.018737 hargrave 2017-08-08 10:15:30 
TT 555 178.9  20.8 153.3  52.9 1.40E-05 002.4 111.6  24.8 0.054931 0.030096 0.004627 hargrave 2017-08-09 10:07:41 
TT 560 178.9  19.8 154.4  52.1 1.40E-05 002.3 110.5  24.8 0.047973 0.025701 0.016517 hargrave 2017-08-16 11:33:32 
TT 565 179.3  17.5 157.1  50.5 1.40E-05 003.2 107.9  24.7 0.071890 0.034132 0.015915 hargrave 2017-08-16 19:53:18 
TT 570 179.0  18.1 156.2  50.8 1.41E-05 002.7 108.5  25.0 0.059202 0.031416 0.017033 hargrave 2017-08-17 16:36:48 
TT 575 177.9  18.8 154.2  50.7 1.40E-05 003.2 109.4  26.0 0.071506 0.029251 0.018940 hargrave 2017-08-18 12:16:34 
TT 580 178.0  18.3 154.9  50.4 1.39E-05 002.9 108.9  25.8 0.063279 0.030052 0.018833 hargrave 2017-08-21 09:32:24 
TT 600 178.8  17.3 156.7  50.1 1.38E-05 003.4 107.8  25.2 0.075343 0.033604 0.021184 hargrave 2017-08-21 18:19:52 
TT 620 179.0  15.6 158.5  48.8 1.36E-05 002.0 105.8  25.2 0.038122 0.029391 0.019643 hargrave 2017-08-22 17:20:14 
TT 630 180.0  14.0 161.1  48.1 1.35E-05 002.8 104.1  24.3 0.059113 0.029483 0.020394 hargrave 2017-08-23 16:21:21 
TT 640 178.8  12.1 161.3  45.8 1.32E-05 001.9 101.9  25.5 0.034765 0.028719 0.019550 hargrave 2017-08-24 13:01:57 
TT 645 178.8  14.1 159.6  47.5 1.31E-05 002.0 104.2  25.4 0.035036 0.028367 0.019212 hargrave 2017-08-25 09:20:43 
TT 650 177.5  14.0 158.2  46.6 1.32E-05 002.0 104.1  26.7 0.039188 0.023805 0.021054 hargrave 2017-08-29 12:08:45 
TT 655 178.0  12.1 160.3  45.5 1.29E-05 002.6 102.1  26.3 0.050387 0.031919 0.018369 hargrave 2017-08-30 08:42:00 
TT 660 177.3  13.4 158.5  46.1 1.29E-05 003.1 103.5  26.9 0.063101 0.029637 0.021603 hargrave 2017-09-01 22:04:20 
TT 665 177.6  15.4 157.1  47.9 1.33E-05 003.8 105.7  26.5 0.082514 0.032719 0.016731 hargrave 2017-09-10 14:30:12 
TT 670 177.8  15.1 157.5  47.8 1.30E-05 003.7 105.4  26.4 0.078111 0.032412 0.018086 hargrave 2017-09-12 20:41:37 
TT 672 177.6  14.1 158.2  46.8 1.32E-05 001.8 104.3  26.6 0.030973 0.026738 0.020900 hargrave 2017-09-15 12:56:20 
TT 674 177.4  15.2 157.0  47.6 1.29E-05 002.6 105.6  26.7 0.051810 0.027586 0.018715 hargrave 2017-09-16 19:49:56 
TT 676 177.9  13.5 159.1  46.5 1.26E-05 002.2 103.6  26.3 0.040462 0.017099 0.020836 hargrave 2017-09-19 22:06:29 
TT 678 177.6  13.5 158.7  46.4 1.24E-05 001.8 103.7  26.7 0.035511 0.013832 0.020132 hargrave 2017-09-22 22:55:49 
TT 680 177.9  14.8 157.9  47.6 1.20E-05 001.7 105.1  26.3 0.028624 0.014351 0.020324 hargrave 2017-09-24 20:41:16 
TT 682 178.2  10.8 161.5  44.4 1.02E-05 002.3 100.6  26.2 0.035137 0.011700 0.018699 hargrave 2017-09-26 14:21:25 
TT 684 180.1  18.9 156.7  52.1 6.44E-06 001.7 109.4  23.9 0.014730 0.007368 0.017062 hargrave 2017-10-01 14:35:21 
TT 686 187.9  35.8 141.8  69.0 2.64E-06 002.2 126.4  15.0 0.007912 0.006275 0.004329 hargrave 2017-10-02 14:39:13 
TT 688 194.0 -13.1 191.8  28.9 3.08E-06 003.8 076.2  09.4 0.019174 0.004138 0.009190 hargrave 2017-10-03 17:40:53 
TT 690 125.2 -24.0 141.6 -15.2 1.09E-06 004.1 020.9  60.9 0.005322 0.004240 0.013699 hargrave 2017-10-06 08:39:42 
TT 692 212.3  50.3 034.7  85.4 2.14E-06 004.7 140.7 -02.8 0.007031 0.010871 0.012625 hargrave 2017-10-08 11:27:49 
