TR006 -Ta mag compass orientation (IGRF corrected)
 260.15 213.3  81.0 302.6  44.3   1.0
NRM    020.7  67.0 027.6  23.1 4.16E-05 002.2 202.4  03.4 0.076207 0.131099 0.057040 hargrave 2017-07-20 12:29:09 
TT 100 021.9  63.7 027.6  19.7 4.03E-05 003.1 205.8  03.1 0.096694 0.199330 0.055752 hargrave 2017-07-21 13:43:28 
TT 200 021.2  64.4 027.3  20.4 4.03E-05 003.0 205.1  02.9 0.107181 0.214705 0.059052 hargrave 2017-07-24 09:09:22 
TT 300 021.9  63.0 027.5  19.0 4.02E-05 001.8 206.5  02.9 0.088066 0.103673 0.060146 hargrave 2017-07-24 17:04:49 
TT 350 022.2  63.0 027.6  19.1 3.95E-05 001.8 206.4  03.0 0.038708 0.106936 0.076483 hargrave 2017-07-31 12:47:41 
TT 400 021.9  64.9 027.7  20.9 3.92E-05 001.3 204.7  03.3 0.062990 0.055478 0.062239 hargrave 2017-08-01 11:12:13 
TT 450 023.4  63.5 028.3  19.5 3.92E-05 005.5 206.1  03.7 0.158654 0.362186 0.061879 hargrave 2017-08-02 10:33:47 
TT 475 021.7  66.5 027.9  22.5 3.83E-05 001.8 203.1  03.7 0.089089 0.098975 0.064354 hargrave 2017-08-03 17:31:34 
TT 500 023.4  63.1 028.2  19.1 3.82E-05 002.3 206.5  03.6 0.092974 0.142748 0.062599 hargrave 2017-08-04 14:07:52 
TT 525 023.0  65.4 028.3  21.4 3.71E-05 001.7 204.2  03.9 0.079047 0.068152 0.081180 hargrave 2017-08-07 11:09:33 
TT 550 025.9  59.6 029.1  15.5 3.63E-05 004.0 210.2  04.0 0.138020 0.211923 0.060229 hargrave 2017-08-08 10:23:04 
TT 555 023.4  64.8 028.4  20.7 3.68E-05 001.6 204.8  04.0 0.085297 0.088209 0.038821 hargrave 2017-08-09 10:15:01 
TT 560 022.9  65.6 028.3  21.5 3.61E-05 001.6 204.1  04.0 0.101885 0.054863 0.067553 hargrave 2017-08-16 11:41:03 
TT 565 023.0  64.4 028.2  20.4 3.59E-05 002.2 205.2  03.7 0.111102 0.095315 0.069895 hargrave 2017-08-16 20:00:46 
TT 570 023.1  64.1 028.2  20.0 3.57E-05 002.9 205.6  03.7 0.119585 0.146501 0.067447 hargrave 2017-08-17 16:44:30 
TT 575 022.3  64.7 027.9  20.7 3.54E-05 004.3 204.8  03.5 0.142439 0.228992 0.065573 hargrave 2017-08-18 12:24:11 
TT 580 022.5  64.8 028.0  20.8 3.53E-05 002.7 204.8  03.6 0.104349 0.139295 0.060225 hargrave 2017-08-21 09:39:53 
TT 600 022.5  65.4 028.1  21.3 3.42E-05 003.7 204.2  03.7 0.113432 0.191585 0.059489 hargrave 2017-08-21 18:27:23 
TT 620 022.8  64.9 028.2  20.9 3.38E-05 002.1 204.7  03.7 0.087456 0.096685 0.059066 hargrave 2017-08-22 17:27:46 
TT 630 022.2  67.0 028.2  23.0 3.33E-05 002.7 202.6  04.0 0.091555 0.131226 0.058129 hargrave 2017-08-23 16:29:03 
TT 640 021.4  66.6 027.8  22.6 3.32E-05 003.3 202.9  03.6 0.106680 0.162012 0.060166 hargrave 2017-08-24 13:09:30 
TT 645 021.2  66.4 027.7  22.5 3.30E-05 001.7 203.1  03.5 0.086231 0.066704 0.059778 hargrave 2017-08-25 09:28:13 
TT 650 021.7  66.1 027.8  22.1 3.30E-05 002.1 203.4  03.6 0.071719 0.095780 0.065922 hargrave 2017-08-29 12:16:26 
TT 655 022.3  67.9 028.4  23.8 3.30E-05 002.0 201.8  04.2 0.065782 0.095482 0.058618 hargrave 2017-08-30 08:47:58 
TT 660 022.8  65.0 028.2  20.9 3.30E-05 002.8 204.6  03.8 0.107064 0.129500 0.064691 hargrave 2017-09-01 22:11:47 
TT 665 021.7  66.3 027.9  22.3 3.31E-05 004.7 203.3  03.6 0.122404 0.241552 0.055538 hargrave 2017-09-10 14:37:40 
TT 670 022.3  66.0 028.1  22.0 3.26E-05 002.2 203.6  03.8 0.072383 0.099329 0.057020 hargrave 2017-09-12 20:49:22 
TT 672 024.1  64.6 028.7  20.5 3.23E-05 003.0 205.1  04.2 0.085766 0.144607 0.061684 hargrave 2017-09-15 13:13:28 
TT 674 021.0  67.8 027.9  23.9 3.21E-05 002.8 201.7  03.8 0.080245 0.131408 0.059029 hargrave 2017-09-16 19:57:45 
TT 676 022.8  66.8 028.4  22.7 3.17E-05 002.3 202.9  04.2 0.095903 0.091159 0.069989 hargrave 2017-09-19 22:15:16 
TT 678 022.8  65.9 028.3  21.9 3.09E-05 003.2 203.7  04.0 0.102095 0.138065 0.070668 hargrave 2017-09-22 23:03:40 
TT 680 022.3  66.4 028.2  22.4 3.10E-05 001.9 203.2  03.9 0.083385 0.067565 0.072086 hargrave 2017-09-24 20:49:13 
TT 682 021.8  66.0 027.9  22.0 3.04E-05 002.8 203.6  03.6 0.087926 0.112638 0.063785 hargrave 2017-09-26 14:29:23 
TT 684 019.6  69.2 027.5  25.3 2.76E-05 001.4 200.2  03.6 0.050982 0.040894 0.045774 hargrave 2017-10-01 14:43:07 
TT 686 023.8  68.4 029.1  24.3 2.30E-05 003.0 201.4  04.9 0.074837 0.095861 0.044730 hargrave 2017-10-02 14:47:02 
TT 688 023.9  66.9 028.9  22.8 1.39E-05 003.6 202.9  04.6 0.059833 0.073817 0.025308 hargrave 2017-10-03 17:48:37 
TT 690 058.4  65.2 044.0  22.7 5.05E-06 003.5 203.7  18.5 0.019986 0.025600 0.012149 hargrave 2017-10-06 08:49:04 
TT 692 355.1  70.4 019.1  29.3 4.78E-06 002.9 195.3 -03.3 0.012300 0.010559 0.020414 hargrave 2017-10-08 11:35:10 
