TR006 -Qa mag compass orientation (IGRF corrected)
 259.66 190.3  74.0 302.6  44.3   1.0
NRM    204.9  63.9 043.2  71.3 1.86E-05 002.5 154.5  08.1 0.135860 0.054997 0.023461 hargrave 2017-07-20 12:25:24 
TT 100 208.0  63.7 039.1  71.8 1.76E-05 003.6 154.8  06.7 0.074929 0.104659 0.026056 hargrave 2017-07-21 13:39:49 
TT 200 210.4  65.8 035.2  69.9 1.69E-05 009.1 157.2  06.6 0.128646 0.239692 0.027337 hargrave 2017-07-24 09:05:45 
TT 200 204.0  58.2 052.3  76.5 1.74E-05 003.3 149.0  06.5 0.068092 0.086751 0.025920 hargrave 2017-07-24 09:29:08 
TT 300 205.4  57.7 050.1  77.2 1.73E-05 002.6 148.8  05.7 0.052667 0.075950 0.028946 hargrave 2017-07-24 17:01:11 
TT 350 205.9  56.7 050.9  78.3 1.75E-05 002.0 147.9  05.1 0.036466 0.042140 0.035423 hargrave 2017-07-31 12:43:06 
TT 400 205.4  56.2 053.2  78.6 1.73E-05 002.1 147.4  05.1 0.043051 0.050280 0.029059 hargrave 2017-08-01 11:07:32 
TT 450 204.4  54.1 061.7  80.1 1.70E-05 001.9 145.2  04.9 0.039128 0.054728 0.027600 hargrave 2017-08-02 10:30:05 
TT 475 204.5  50.7 076.9  82.6 1.70E-05 001.9 142.0  03.7 0.027966 0.053854 0.031968 hargrave 2017-08-03 17:27:45 
TT 500 204.7  51.4 072.3  82.3 1.68E-05 001.7 142.7  03.8 0.035542 0.058348 0.029995 hargrave 2017-08-04 14:04:01 
TT 525 205.2  50.5 075.3  83.1 1.68E-05 002.8 142.1  03.2 0.055780 0.054534 0.038233 hargrave 2017-08-07 11:04:56 
TT 550 206.0  50.9 070.3  83.2 1.66E-05 001.3 142.6  02.9 0.027450 0.025183 0.027998 hargrave 2017-08-08 10:18:27 
TT 555 205.2  49.1 086.0  83.9 1.68E-05 002.2 140.7  02.7 0.040367 0.054197 0.018979 hargrave 2017-08-09 10:10:32 
TT 560 203.8  48.3 095.6  83.5 1.64E-05 003.0 139.7  03.2 0.044803 0.072400 0.030449 hargrave 2017-08-16 11:36:28 
TT 565 204.1  47.8 099.6  83.8 1.63E-05 003.2 139.2  02.9 0.049047 0.076956 0.030785 hargrave 2017-08-16 19:56:12 
TT 570 203.4  47.7 101.2  83.4 1.62E-05 003.9 139.0  03.3 0.064168 0.090045 0.029613 hargrave 2017-08-17 16:39:48 
TT 575 203.2  47.8 100.8  83.2 1.62E-05 003.4 139.0  03.4 0.056772 0.077113 0.028300 hargrave 2017-08-18 12:19:33 
TT 580 202.3  48.0 101.0  82.6 1.61E-05 003.0 139.0  04.1 0.046361 0.072324 0.026197 hargrave 2017-08-21 09:35:19 
TT 600 200.0  47.8 104.5  81.1 1.59E-05 003.4 138.3  05.5 0.056398 0.077487 0.025923 hargrave 2017-08-21 18:22:46 
TT 620 199.5  49.5 094.7  80.4 1.57E-05 002.6 139.8  06.3 0.039078 0.058418 0.026136 hargrave 2017-08-22 17:23:10 
TT 630 197.2  47.0 110.0  79.3 1.55E-05 003.6 137.0  07.0 0.059899 0.076332 0.025884 hargrave 2017-08-23 16:24:18 
TT 640 195.6  44.7 121.4  78.0 1.53E-05 002.5 134.4  07.5 0.043740 0.049870 0.026398 hargrave 2017-08-24 13:04:55 
TT 645 197.0  48.5 102.2  79.0 1.54E-05 002.6 138.4  07.6 0.039047 0.056208 0.027085 hargrave 2017-08-25 09:23:38 
TT 650 195.6  46.5 112.6  78.2 1.53E-05 003.3 136.2  08.0 0.052988 0.069387 0.029339 hargrave 2017-08-29 12:11:41 
TT 655 195.7  47.2 109.3  78.3 1.52E-05 002.4 136.9  08.1 0.016061 0.064898 0.026684 hargrave 2017-08-30 08:44:18 
TT 660 196.4  50.0 095.1  78.4 1.53E-05 003.8 139.8  08.3 0.053785 0.085469 0.027976 hargrave 2017-09-01 22:07:14 
TT 665 196.2  47.9 105.6  78.6 1.53E-05 004.5 137.7  08.0 0.074807 0.094926 0.025754 hargrave 2017-09-10 14:33:07 
TT 670 196.4  48.3 103.6  78.7 1.53E-05 002.6 138.1  07.9 0.041973 0.059156 0.026196 hargrave 2017-09-12 20:44:46 
TT 672 194.9  47.8 106.4  77.7 1.48E-05 006.3 137.4  08.8 0.104689 0.125563 0.028093 hargrave 2017-09-15 12:59:32 
TT 674 195.6  46.9 110.5  78.2 1.49E-05 002.5 136.6  08.1 0.037715 0.054306 0.026345 hargrave 2017-09-16 19:53:06 
TT 676 195.7  44.9 120.2  78.1 1.51E-05 003.1 134.7  07.5 0.045564 0.066724 0.028225 hargrave 2017-09-19 22:09:41 
TT 678 196.2  48.0 105.2  78.6 1.45E-05 002.4 137.7  08.0 0.032506 0.051053 0.028582 hargrave 2017-09-22 22:59:00 
TT 680 195.8  46.5 112.8  78.4 1.45E-05 001.7 136.2  07.8 0.025425 0.034806 0.028521 hargrave 2017-09-24 20:44:32 
TT 682 196.9  48.9 100.2  78.9 1.36E-05 002.5 138.8  07.8 0.027326 0.046758 0.033162 hargrave 2017-09-26 14:24:39 
TT 684 200.2  51.0 085.4  80.2 1.13E-05 004.7 141.4  06.3 0.056339 0.078956 0.023863 hargrave 2017-10-01 14:38:31 
TT 686 201.6  43.5 134.6  81.9 7.19E-06 004.1 134.6  03.0 0.020429 0.025803 0.042145 hargrave 2017-10-02 14:42:23 
TT 688 212.1  39.4 208.8  83.7 3.06E-06 002.5 133.9 -05.7 0.008504 0.011658 0.008678 hargrave 2017-10-03 17:44:01 
TT 690 104.5  35.6 085.4  13.9 8.84E-07 003.5 170.0  70.1 0.004113 0.003394 0.006762 hargrave 2017-10-06 08:44:23 
TT 692 303.5 -02.6 301.4 -02.5 1.51E-06 005.1 242.0 -63.6 0.009694 0.007763 0.011692 hargrave 2017-10-08 11:30:41 
