TR006 -Ja mag compass orientation (IGRF corrected)
 256.55 216.3  72.0 302.6  44.3   1.0
NRM    150.9  61.1 076.2  51.9 9.42E-05 002.6 163.9  43.5 0.173888 0.376544 0.152934 hargrave 2017-07-20 12:15:52 
TT 100 152.9  60.7 076.9  52.8 9.41E-05 002.1 162.5  43.3 0.176853 0.295890 0.127687 hargrave 2017-07-21 13:29:00 
TT 200 154.8  59.7 078.7  53.7 9.40E-05 001.8 160.6  43.5 0.252205 0.151253 0.141056 hargrave 2017-07-24 08:55:43 
TT 300 150.8  60.9 076.4  51.8 9.31E-05 001.9 163.8  43.7 0.227341 0.197563 0.150978 hargrave 2017-07-24 16:51:02 
TT 350 153.4  59.4 079.1  53.0 9.28E-05 002.5 161.1  44.2 0.170315 0.349858 0.167686 hargrave 2017-07-31 12:31:15 
TT 400 153.3  59.5 078.9  52.9 9.22E-05 001.8 161.3  44.1 0.162241 0.225749 0.128245 hargrave 2017-08-01 10:55:42 
TT 450 147.6  60.8 076.3  50.2 9.17E-05 003.2 165.6  44.6 0.254704 0.423989 0.142302 hargrave 2017-08-02 10:20:20 
TT 475 153.3  59.5 079.0  52.9 9.15E-05 002.7 161.2  44.1 0.285132 0.331845 0.150301 hargrave 2017-08-03 17:17:56 
TT 500 154.2  58.9 079.9  53.3 9.13E-05 002.1 160.3  44.3 0.296196 0.143923 0.160269 hargrave 2017-08-04 13:53:36 
TT 525 152.6  59.0 079.6  52.5 9.02E-05 002.4 161.3  44.7 0.256083 0.232982 0.201129 hargrave 2017-08-07 10:53:09 
TT 550 157.4  57.5 082.6  54.8 8.89E-05 003.1 157.2  44.3 0.331694 0.348912 0.125512 hargrave 2017-08-08 10:06:39 
TT 555 154.2  58.7 080.3  53.3 9.01E-05 001.5 160.1  44.5 0.164748 0.170330 0.105875 hargrave 2017-08-09 09:59:09 
TT 560 153.7  59.5 079.1  53.1 8.82E-05 002.1 161.0  44.0 0.206626 0.249058 0.137676 hargrave 2017-08-16 11:23:01 
TT 565 155.6  58.6 080.5  54.0 8.73E-05 002.0 159.2  44.1 0.227594 0.191142 0.149619 hargrave 2017-08-16 19:44:31 
TT 570 153.6  59.3 079.3  53.1 8.68E-05 001.9 160.9  44.2 0.220611 0.159544 0.142541 hargrave 2017-08-17 16:27:58 
TT 575 153.2  59.5 079.0  52.9 8.68E-05 002.0 161.3  44.2 0.224109 0.191010 0.152293 hargrave 2017-08-18 12:06:58 
TT 580 155.3  58.7 080.4  53.8 8.63E-05 002.0 159.5  44.1 0.197555 0.228093 0.146335 hargrave 2017-08-21 09:23:39 
TT 600 153.9  58.7 080.3  53.1 8.47E-05 002.1 160.3  44.6 0.236913 0.191060 0.154343 hargrave 2017-08-21 18:11:01 
TT 620 153.5  58.8 080.1  52.9 8.23E-05 002.1 160.6  44.6 0.238952 0.179131 0.147923 hargrave 2017-08-22 17:11:24 
TT 630 154.2  58.1 081.3  53.2 8.11E-05 002.0 159.6  44.9 0.213801 0.169789 0.148625 hargrave 2017-08-23 16:12:31 
TT 640 154.9  57.3 082.8  53.5 7.93E-05 002.1 158.4  45.4 0.222483 0.166148 0.151563 hargrave 2017-08-24 12:52:20 
TT 645 156.3  57.3 082.9  54.3 7.84E-05 002.7 157.6  44.8 0.266840 0.248865 0.139380 hargrave 2017-08-25 09:11:56 
TT 650 153.2  58.2 081.1  52.7 7.81E-05 002.6 160.2  45.2 0.286172 0.171215 0.185109 hargrave 2017-08-29 11:59:52 
TT 655 157.8  55.7 085.8  54.9 7.68E-05 001.9 155.2  45.4 0.177018 0.155956 0.139092 hargrave 2017-08-30 08:34:48 
TT 660 154.1  57.6 082.1  53.1 7.62E-05 002.1 159.2  45.4 0.188234 0.191073 0.140680 hargrave 2017-09-01 21:55:34 
TT 665 155.3  57.8 082.0  53.8 7.67E-05 002.0 158.6  44.8 0.201471 0.160236 0.126446 hargrave 2017-09-10 14:21:28 
TT 670 153.9  58.1 081.3  53.1 7.56E-05 002.0 159.7  45.1 0.184262 0.169074 0.124963 hargrave 2017-09-12 20:33:05 
TT 672 155.6  57.4 082.7  53.9 7.52E-05 001.9 158.1  45.0 0.176346 0.159219 0.127704 hargrave 2017-09-15 12:47:36 
TT 674 156.1  57.3 082.9  54.1 7.48E-05 002.0 157.7  44.9 0.189365 0.167385 0.130451 hargrave 2017-09-16 19:41:19 
TT 676 156.4  57.2 083.1  54.3 7.35E-05 002.0 157.4  44.9 0.178981 0.172686 0.124183 hargrave 2017-09-19 21:57:52 
TT 678 157.6  56.3 084.7  54.8 6.91E-05 002.1 156.0  45.0 0.169041 0.163991 0.124501 hargrave 2017-09-22 22:46:07 
TT 680 159.2  54.8 087.6  55.6 5.93E-05 002.1 153.5  45.5 0.135694 0.149744 0.116892 hargrave 2017-09-24 20:32:38 
TT 682 159.4  53.7 089.6  55.5 2.81E-05 002.8 152.2  46.1 0.090242 0.101722 0.057744 hargrave 2017-09-26 14:12:47 
TT 684 172.3  59.3 078.3  62.5 1.93E-05 003.0 152.6  37.1 0.071790 0.051787 0.057669 hargrave 2017-10-01 14:25:21 
TT 686 162.7  73.7 054.2  54.4 9.28E-06 005.4 168.8  30.7 0.024115 0.083620 0.022585 hargrave 2017-10-02 14:30:05 
TT 688 218.5  53.5 008.6  81.4 5.84E-06 003.9 142.3  13.1 0.023864 0.031427 0.015599 hargrave 2017-10-03 17:31:37 
TT 690 321.2  78.1 017.6  40.9 1.32E-06 011.7 183.1  06.4 0.007987 0.002865 0.027895 hargrave 2017-10-06 08:30:05 
TT 690 321.2  79.5 019.3  41.6 1.23E-06 012.8 182.7  07.9 0.006633 0.003114 0.027631 hargrave 2017-10-06 09:35:57 
TT 690 331.6  79.2 020.3  39.7 1.24E-06 012.3 184.6  08.2 0.007519 0.003359 0.026425 hargrave 2017-10-06 10:09:18 
TT 692 021.3  72.5 028.8  28.5 3.56E-06 004.3 197.3  12.7 0.011985 0.011500 0.025092 hargrave 2017-10-08 11:18:31 
