TR006 -Ha mag compass orientation (IGRF corrected)
 256.18 182.3  88.0 302.6  44.3   1.0
NRM    040.4  71.2 035.4  27.0 9.54E-05 002.2 195.1  13.4 0.148903 0.322105 0.133176 hargrave 2017-07-20 12:13:17 
TT 100 034.8  69.5 033.5  25.2 9.38E-05 002.6 197.7  12.8 0.160641 0.413842 0.112695 hargrave 2017-07-21 13:26:27 
TT 200 038.4  70.9 034.7  26.7 9.30E-05 002.7 195.7  13.0 0.149896 0.397474 0.145365 hargrave 2017-07-24 08:53:11 
TT 300 043.0  72.9 036.1  28.8 9.28E-05 003.4 193.2  13.0 0.170273 0.515636 0.144772 hargrave 2017-07-24 16:48:28 
TT 350 036.7  70.2 034.2  26.0 9.26E-05 002.0 196.6  12.9 0.121616 0.237805 0.187680 hargrave 2017-07-31 12:28:04 
TT 400 037.0  70.5 034.2  26.2 9.19E-05 001.8 196.4  12.9 0.095209 0.232471 0.146475 hargrave 2017-08-01 10:52:30 
TT 450 040.5  71.4 035.4  27.2 9.15E-05 001.2 194.9  13.3 0.069628 0.110431 0.158328 hargrave 2017-08-02 10:17:45 
TT 475 038.2  71.3 034.6  27.1 9.16E-05 001.2 195.5  12.8 0.129649 0.093220 0.146634 hargrave 2017-08-03 17:15:13 
TT 500 039.0  71.4 034.9  27.2 9.13E-05 001.3 195.2  12.9 0.146869 0.130686 0.136326 hargrave 2017-08-04 13:51:02 
TT 525 035.1  69.3 033.6  25.0 9.00E-05 002.0 197.7  12.9 0.115654 0.229678 0.188937 hargrave 2017-08-07 10:49:57 
TT 550 040.6  71.9 035.4  27.7 8.93E-05 001.9 194.5  13.0 0.068631 0.262546 0.146304 hargrave 2017-08-08 10:03:25 
TT 555 037.9  70.5 034.6  26.3 9.05E-05 000.9 196.2  13.1 0.033983 0.122296 0.083946 hargrave 2017-08-09 09:56:04 
TT 560 038.9  71.4 034.9  27.2 8.84E-05 001.4 195.2  12.9 0.075604 0.120011 0.165345 hargrave 2017-08-16 11:19:51 
TT 565 037.7  70.6 034.5  26.4 8.81E-05 001.5 196.1  13.0 0.082908 0.140870 0.169522 hargrave 2017-08-16 19:41:22 
TT 570 040.2  71.8 035.3  27.7 8.79E-05 001.2 194.6  13.0 0.080910 0.085857 0.166744 hargrave 2017-08-17 16:24:46 
TT 575 038.6  71.1 034.8  26.9 8.77E-05 001.5 195.5  13.0 0.075809 0.174738 0.154782 hargrave 2017-08-18 12:03:48 
TT 580 038.4  70.8 034.7  26.6 8.71E-05 002.2 195.8  13.1 0.078630 0.307364 0.147125 hargrave 2017-08-21 09:20:28 
TT 600 041.7  71.7 035.8  27.6 8.55E-05 001.3 194.4  13.4 0.075419 0.130059 0.143004 hargrave 2017-08-21 18:07:49 
TT 620 038.3  69.6 034.8  25.4 8.28E-05 002.2 196.9  13.7 0.096013 0.281841 0.138061 hargrave 2017-08-22 17:08:13 
TT 630 040.3  70.6 035.5  26.4 8.11E-05 002.4 195.6  13.7 0.098056 0.315724 0.133555 hargrave 2017-08-23 16:09:19 
TT 640 040.6  70.5 035.6  26.3 7.96E-05 001.7 195.7  13.9 0.082019 0.202007 0.131178 hargrave 2017-08-24 12:49:08 
TT 645 044.7  71.0 037.0  27.1 7.97E-05 001.7 194.4  14.6 0.083708 0.190410 0.143364 hargrave 2017-08-25 09:08:45 
TT 650 041.2  70.1 035.9  26.0 7.95E-05 004.8 195.8  14.3 0.163587 0.629420 0.170442 hargrave 2017-08-29 11:56:40 
TT 655 043.5  71.5 036.5  27.5 7.57E-05 002.4 194.2  14.0 0.098568 0.282869 0.129986 hargrave 2017-08-30 08:32:14 
TT 660 040.3  70.8 035.4  26.6 7.81E-05 001.7 195.5  13.6 0.088137 0.164905 0.142374 hargrave 2017-09-01 21:52:24 
TT 665 041.3  71.2 035.7  27.1 7.69E-05 002.0 194.9  13.6 0.082873 0.224079 0.148242 hargrave 2017-09-10 14:18:18 
TT 670 041.1  70.7 035.7  26.6 7.57E-05 001.3 195.4  13.9 0.055062 0.081134 0.163820 hargrave 2017-09-12 20:29:32 
TT 672 043.7  72.0 036.4  28.0 6.94E-05 003.2 193.8  13.7 0.097670 0.357539 0.152344 hargrave 2017-09-15 12:44:02 
TT 674 044.1  71.6 036.7  27.6 7.26E-05 002.0 194.0  14.1 0.069339 0.194696 0.160118 hargrave 2017-09-16 19:37:46 
TT 676 051.7  74.1 038.6  30.5 6.58E-05 001.7 190.6  14.0 0.059528 0.123687 0.142593 hargrave 2017-09-19 21:54:17 
TT 678 041.7  70.4 036.0  26.3 6.58E-05 002.0 195.5  14.2 0.064152 0.166231 0.162459 hargrave 2017-09-22 22:42:33 
TT 680 049.1  71.5 038.4  27.8 5.09E-05 002.0 193.0  15.3 0.058653 0.118690 0.127363 hargrave 2017-09-24 20:29:04 
TT 682 041.7  66.5 036.5  22.4 2.68E-05 002.6 198.8  16.6 0.052177 0.060161 0.102047 hargrave 2017-09-26 14:09:12 
TT 684 026.0  74.1 030.5  29.9 1.50E-05 005.8 194.6  08.2 0.029680 0.122086 0.090060 hargrave 2017-10-01 14:21:51 
TT 686 030.7  58.2 031.6  13.9 9.35E-06 006.1 208.9  16.3 0.028964 0.066150 0.072007 hargrave 2017-10-02 14:26:36 
TT 688 158.9  46.2 102.0  53.4 2.30E-06 014.6 138.2  17.5 0.012404 0.013284 0.064077 hargrave 2017-10-03 17:28:01 
TT 688 157.7  45.8 102.0  52.5 2.23E-06 014.4 138.1  18.3 0.016863 0.009946 0.062023 hargrave 2017-10-05 08:37:58 
TT 688 156.5  44.9 103.0  51.3 2.20E-06 014.5 137.4  19.5 0.011363 0.009833 0.060690 hargrave 2017-10-05 10:34:19 
TT 690 015.3  39.2 019.2 -03.7 3.67E-06 009.6 230.3  11.3 0.036001 0.014207 0.057854 hargrave 2017-10-06 08:26:51 
TT 690 016.3  38.6 019.9 -04.5 3.46E-06 009.3 230.9  12.2 0.011569 0.015682 0.055696 hargrave 2017-10-06 09:34:12 
TT 690 015.7  36.0 018.9 -06.9 3.49E-06 010.6 233.6  12.0 0.023897 0.026874 0.056435 hargrave 2017-10-06 10:07:40 
TT 692 035.6  66.0 033.9  21.7 4.04E-06 009.1 200.6  14.8 0.016297 0.034960 0.054500 hargrave 2017-10-08 11:15:25 
TT 692 040.2  68.8 035.6  24.7 3.94E-06 008.5 197.1  14.7 0.012556 0.029457 0.051066 hargrave 2017-10-08 12:33:20 
TT 692 044.3  70.4 036.9  26.4 3.85E-06 007.9 194.9  14.9 0.012635 0.026249 0.046695 hargrave 2017-10-08 13:36:52 
