TR006 -Ya mag compass orientation (IGRF corrected)
 266.59 206.3 100.0 302.6  44.3   1.0
NRM    217.3  42.4 259.9  85.3 5.60E-05 003.3 131.4 -14.8 0.172863 0.298355 0.090732 hargrave 2017-07-20 12:37:35 
TT 100 217.4  41.9 256.9  84.8 5.72E-05 001.6 130.9 -14.9 0.127952 0.147478 0.071941 hargrave 2017-07-21 13:52:29 
TT 200 217.8  45.4 299.0  86.3 5.62E-05 005.4 134.5 -15.2 0.344575 0.400975 0.094945 hargrave 2017-07-24 09:18:23 
TT 300 217.1  43.0 264.0  85.8 5.59E-05 002.9 132.1 -14.6 0.184992 0.212797 0.110255 hargrave 2017-07-24 17:13:52 
TT 350 216.9  41.9 253.1  85.1 5.52E-05 001.8 130.9 -14.5 0.106584 0.107851 0.113379 hargrave 2017-07-31 12:58:16 
TT 400 216.6  42.4 255.1  85.7 5.54E-05 001.2 131.5 -14.3 0.076155 0.067858 0.097940 hargrave 2017-08-01 11:22:45 
TT 450 216.0  41.6 244.8  85.2 5.59E-05 002.5 130.6 -13.8 0.136515 0.231062 0.094732 hargrave 2017-08-02 10:42:23 
TT 475 216.1  41.1 242.3  84.7 5.60E-05 001.7 130.0 -13.9 0.071166 0.163748 0.110015 hargrave 2017-08-03 17:40:34 
TT 500 215.9  40.6 239.0  84.4 5.59E-05 001.9 129.6 -13.7 0.115172 0.144972 0.106638 hargrave 2017-08-04 14:16:24 
TT 525 215.7  39.7 234.6  83.6 5.47E-05 001.6 128.7 -13.6 0.052077 0.073173 0.128810 hargrave 2017-08-07 11:19:53 
TT 550 215.3  41.2 237.3  85.1 5.40E-05 001.3 130.2 -13.3 0.039033 0.078687 0.111508 hargrave 2017-08-08 10:33:29 
TT 555 215.4  41.6 239.8  85.5 5.47E-05 001.2 130.7 -13.4 0.073275 0.070740 0.073393 hargrave 2017-08-09 10:25:06 
TT 560 214.9  40.4 231.1  84.4 5.32E-05 001.4 129.4 -13.0 0.097973 0.062406 0.101682 hargrave 2017-08-16 11:52:18 
TT 565 214.7  39.8 228.0  83.9 5.30E-05 001.8 128.8 -12.8 0.132146 0.070131 0.108838 hargrave 2017-08-16 20:11:06 
TT 570 214.5  40.3 228.0  84.5 5.27E-05 002.2 129.3 -12.7 0.155442 0.099209 0.105197 hargrave 2017-08-17 16:54:48 
TT 575 214.2  40.2 225.0  84.4 5.26E-05 001.3 129.2 -12.4 0.047085 0.056694 0.115805 hargrave 2017-08-18 12:34:27 
TT 580 214.1  40.0 224.1  84.2 5.21E-05 001.9 129.0 -12.4 0.130926 0.063562 0.113066 hargrave 2017-08-21 09:50:55 
TT 600 213.4  40.1 218.5  84.4 5.13E-05 001.4 129.1 -11.8 0.095508 0.060778 0.102409 hargrave 2017-08-21 18:37:38 
TT 620 212.7  38.0 213.0  82.3 5.00E-05 001.3 127.0 -11.1 0.053869 0.071187 0.104800 hargrave 2017-08-22 17:38:05 
TT 630 212.0  39.8 208.2  84.1 4.92E-05 001.3 128.9 -10.7 0.058803 0.059976 0.104155 hargrave 2017-08-23 16:39:23 
TT 640 212.1  37.1 209.8  81.4 4.86E-05 001.5 126.2 -10.6 0.102338 0.057682 0.101426 hargrave 2017-08-24 13:19:53 
TT 645 210.7  40.0 198.0  84.2 4.85E-05 001.7 129.2 -09.8 0.072139 0.117958 0.100945 hargrave 2017-08-25 09:38:30 
TT 650 211.3  39.5 203.2  83.7 4.84E-05 001.6 128.6 -10.2 0.104838 0.063707 0.108019 hargrave 2017-08-29 12:26:47 
TT 655 211.2  38.2 204.2  82.5 4.87E-05 001.7 127.4 -10.0 0.170387 0.105517 0.090407 hargrave 2017-08-30 08:56:28 
TT 660 212.0  38.1 208.8  82.4 4.79E-05 001.4 127.2 -10.6 0.089261 0.069521 0.101370 hargrave 2017-09-01 22:22:00 
TT 665 211.5  39.0 205.3  83.2 4.81E-05 002.1 128.1 -10.3 0.152779 0.056541 0.085826 hargrave 2017-09-10 14:47:57 
TT 670 211.6  37.2 207.1  81.5 4.77E-05 001.2 126.3 -10.2 0.056508 0.062507 0.087711 hargrave 2017-09-12 20:59:57 
TT 672 211.2  36.9 205.1  81.1 4.75E-05 001.4 126.0 -09.8 0.081712 0.048279 0.096393 hargrave 2017-09-15 13:24:17 
TT 674 211.2  37.4 205.2  81.7 4.74E-05 001.8 126.6 -10.0 0.117385 0.053003 0.092697 hargrave 2017-09-16 20:08:20 
TT 676 210.7  37.9 201.7  82.1 4.70E-05 002.2 127.1 -09.6 0.146757 0.066642 0.099221 hargrave 2017-09-19 22:26:04 
TT 678 210.6  37.8 201.4  82.0 4.68E-05 002.6 127.0 -09.5 0.179378 0.086754 0.103704 hargrave 2017-09-23 14:26:52 
TT 680 210.5  38.9 199.0  83.0 4.37E-05 001.5 128.1 -09.5 0.066303 0.039944 0.097714 hargrave 2017-09-24 20:59:51 
TT 682 212.3  36.6 211.0  80.8 3.84E-05 001.4 125.6 -10.7 0.043458 0.066064 0.086436 hargrave 2017-09-26 14:51:26 
TT 684 213.1  36.3 215.0  80.6 3.11E-05 003.9 125.3 -11.3 0.170513 0.108524 0.068810 hargrave 2017-10-01 14:55:06 
TT 686 214.4  35.5 220.7  79.7 2.69E-05 003.5 124.4 -12.3 0.150045 0.057152 0.056198 hargrave 2017-10-02 14:59:08 
TT 688 214.2  35.9 220.3  80.1 1.18E-05 004.1 124.8 -12.2 0.069591 0.050765 0.025736 hargrave 2017-10-03 18:01:32 
TT 690 224.6  37.7 265.0  78.0 8.07E-06 003.6 126.7 -20.5 0.039604 0.026119 0.026795 hargrave 2017-10-06 09:00:16 
TT 692 138.6  63.4 071.4  46.6 1.95E-06 010.1 169.9  14.7 0.011846 0.027711 0.018260 hargrave 2017-10-08 11:46:03 
TT 692 144.9  62.5 073.5  49.2 1.96E-06 006.4 166.8  14.2 0.008334 0.013182 0.015996 hargrave 2017-10-08 13:06:10 
