TR014 -Ga mag compass orientation (IGRF corrected)
 1717.5   3.3  43.0 253.8  29.3   1.0
NRM    026.1 -21.1 039.7 -40.6 2.92E-05 002.7 091.3 -30.7 0.119817 0.063112 0.049509 hargrave 2017-07-20 17:57:37 
TT 100 026.9 -27.0 044.2 -45.6 2.88E-05 003.5 086.5 -35.1 0.165883 0.060286 0.048263 hargrave 2017-07-21 17:37:02 
TT 200 028.2 -29.8 047.7 -47.5 2.87E-05 002.4 084.8 -37.8 0.106317 0.064138 0.041607 hargrave 2017-07-24 13:18:33 
TT 300 030.1 -31.4 051.0 -47.9 2.84E-05 002.5 084.5 -40.1 0.111009 0.066994 0.043166 hargrave 2017-07-25 10:24:30 
TT 350 029.7 -35.5 054.0 -51.6 2.82E-05 002.2 079.8 -42.1 0.078622 0.079573 0.042024 hargrave 2017-07-31 17:14:41 
TT 400 032.2 -38.3 059.4 -52.7 2.80E-05 002.5 078.0 -45.4 0.096856 0.078772 0.043456 hargrave 2017-08-01 15:21:09 
TT 450 033.7 -40.8 063.4 -53.9 2.82E-05 003.4 075.8 -47.6 0.153901 0.107008 0.040866 hargrave 2017-08-03 14:13:59 
TT 475 034.5 -42.3 065.9 -54.7 2.82E-05 002.3 074.2 -48.9 0.079149 0.112514 0.043096 hargrave 2017-08-04 10:49:22 
TT 500 036.7 -43.1 068.9 -54.2 2.80E-05 002.8 074.2 -50.7 0.107114 0.135338 0.041033 hargrave 2017-08-04 17:46:09 
TT 525 037.3 -45.9 072.9 -56.0 2.78E-05 001.8 070.4 -52.3 0.059163 0.075080 0.039513 hargrave 2017-08-07 16:35:04 
TT 550 039.4 -47.1 076.2 -55.8 2.76E-05 001.9 069.4 -54.1 0.055681 0.077259 0.039439 hargrave 2017-08-08 15:54:38 
TT 555 040.3 -48.7 079.0 -56.5 2.73E-05 002.0 067.1 -55.1 0.064516 0.067504 0.046713 hargrave 2017-08-10 10:10:53 
TT 560 040.9 -49.9 081.1 -57.0 2.72E-05 002.1 065.4 -55.8 0.068094 0.070086 0.042682 hargrave 2017-08-16 15:44:30 
TT 565 041.0 -50.4 081.9 -57.3 2.70E-05 002.5 064.5 -56.0 0.070509 0.095124 0.040516 hargrave 2017-08-17 12:34:52 
TT 570 041.4 -50.8 082.6 -57.3 2.71E-05 002.5 064.0 -56.3 0.070109 0.097041 0.050090 hargrave 2017-08-17 21:50:04 
TT 575 041.9 -51.4 084.0 -57.5 2.70E-05 002.7 062.9 -56.8 0.081426 0.101957 0.051680 hargrave 2017-08-18 17:30:22 
TT 580 042.7 -52.3 085.8 -57.6 2.70E-05 002.4 061.6 -57.5 0.064094 0.095262 0.051013 hargrave 2017-08-21 14:29:25 
TT 600 044.0 -53.7 088.8 -57.8 2.71E-05 001.9 059.3 -58.5 0.056139 0.072187 0.049878 hargrave 2017-08-22 13:32:44 
TT 620 044.8 -56.3 093.3 -59.0 2.69E-05 001.9 054.4 -59.2 0.056576 0.071161 0.049562 hargrave 2017-08-23 12:33:07 
TT 630 045.2 -56.3 093.6 -58.8 2.70E-05 002.3 054.3 -59.4 0.065694 0.089610 0.050164 hargrave 2017-08-24 09:05:22 
TT 640 045.5 -57.0 094.9 -59.1 2.71E-05 002.1 053.0 -59.6 0.066655 0.079804 0.046654 hargrave 2017-08-24 17:14:17 
TT 645 046.8 -56.9 095.6 -58.4 2.73E-05 002.0 053.1 -60.3 0.057515 0.080556 0.044757 hargrave 2017-08-25 15:17:43 
TT 650 047.8 -57.8 097.5 -58.5 2.71E-05 002.0 051.3 -60.9 0.055517 0.077958 0.045305 hargrave 2017-08-29 16:33:00 
TT 655 049.0 -58.4 099.2 -58.3 2.72E-05 002.7 049.9 -61.5 0.080362 0.096822 0.052995 hargrave 2017-09-01 16:37:07 
TT 660 050.0 -59.6 101.6 -58.4 2.73E-05 002.2 047.4 -61.9 0.067253 0.083170 0.040890 hargrave 2017-09-08 19:01:57 
TT 665 051.5 -60.1 103.1 -58.0 2.76E-05 002.0 046.2 -62.5 0.067193 0.070525 0.048332 hargrave 2017-09-12 15:33:09 
TT 670 054.2 -60.7 105.4 -57.2 2.71E-05 002.1 044.2 -63.7 0.071055 0.076641 0.032102 hargrave 2017-09-14 19:05:06 
TT 672 053.3 -60.8 105.1 -57.7 2.71E-05 003.0 044.3 -63.3 0.096665 0.106642 0.025917 hargrave 2017-09-16 14:16:35 
TT 674 057.5 -62.8 110.3 -57.0 2.69E-05 002.3 038.5 -64.6 0.071402 0.078264 0.028308 hargrave 2017-09-19 15:06:44 
TT 676 055.5 -61.5 107.3 -57.1 2.64E-05 002.4 042.1 -64.2 0.077986 0.078992 0.036737 hargrave 2017-09-22 17:22:54 
TT 678 060.2 -62.4 110.7 -55.7 2.61E-05 002.5 038.3 -65.9 0.079466 0.081047 0.030302 hargrave 2017-09-24 15:16:55 
TT 680 062.5 -61.3 110.2 -54.2 2.55E-05 002.7 039.6 -67.4 0.086505 0.084531 0.021711 hargrave 2017-09-25 14:01:28 
TT 682 065.8 -62.3 113.1 -53.5 2.03E-05 002.5 035.3 -68.2 0.063243 0.062020 0.014876 hargrave 2017-09-26 19:44:42 
TT 684 071.0 -62.5 115.8 -51.7 1.52E-05 002.2 030.9 -70.1 0.038877 0.040649 0.023837 hargrave 2017-10-01 23:54:27 
TT 686 127.2 -62.1 143.6 -35.9 4.51E-06 002.2 320.6 -65.7 0.010136 0.013177 0.007557 hargrave 2017-10-03 10:33:44 
TT 688 061.2 -51.1 096.9 -48.2 3.27E-06 002.9 067.1 -68.7 0.012933 0.009462 0.008910 hargrave 2017-10-05 15:20:57 
TT 690 098.1 -58.2 125.4 -39.4 2.42E-06 002.5 347.2 -78.4 0.006880 0.006963 0.011330 hargrave 2017-10-06 17:52:55 
TT 692 046.4 -06.2 052.4 -18.5 1.57E-06 005.2 120.3 -32.9 0.008514 0.004939 0.013084 hargrave 2017-10-08 18:09:28 
