TR014 -Ka mag compass orientation (IGRF corrected)
   1718 343.3  55.0 253.8  29.3   1.0
NRM    339.6  08.2 339.3 -21.0 1.98E-05 002.5 094.7  07.7 0.076899 0.069221 0.040934 hargrave 2017-07-20 18:05:46 
TT 100 340.1  03.7 339.7 -25.5 1.83E-05 002.5 091.2  04.8 0.073438 0.102649 0.023916 hargrave 2017-07-21 17:45:03 
TT 200 340.7  00.9 340.3 -28.4 1.64E-05 002.7 089.2  02.7 0.073575 0.040268 0.027619 hargrave 2017-07-24 13:26:31 
TT 300 341.3 -00.9 340.9 -30.2 1.54E-05 002.8 088.1  01.1 0.071295 0.029828 0.027486 hargrave 2017-07-25 10:32:30 
TT 350 339.0 -06.5 337.9 -35.6 1.50E-05 002.2 082.2 -00.2 0.048524 0.033986 0.025755 hargrave 2017-07-31 17:24:02 
TT 400 338.4 -11.0 336.9 -40.2 1.40E-05 003.3 078.2 -02.4 0.072493 0.036659 0.024201 hargrave 2017-08-01 15:30:23 
TT 450 337.4 -16.8 335.0 -45.9 1.32E-05 001.4 072.9 -04.9 0.021339 0.020938 0.023318 hargrave 2017-08-03 14:21:52 
TT 475 336.5 -21.2 333.1 -50.2 1.27E-05 001.8 068.7 -06.7 0.027339 0.024910 0.021374 hargrave 2017-08-04 10:56:52 
TT 500 336.6 -24.5 332.7 -53.5 1.22E-05 002.2 066.1 -08.7 0.044992 0.015357 0.020595 hargrave 2017-08-04 17:53:30 
TT 525 335.9 -28.7 330.8 -57.5 1.22E-05 002.5 062.2 -10.5 0.038678 0.041842 0.020021 hargrave 2017-08-07 16:44:01 
TT 550 340.0 -27.6 337.7 -56.8 1.17E-05 007.2 065.2 -12.9 0.128206 0.077775 0.019767 hargrave 2017-08-08 16:03:37 
TT 550 336.7 -32.9 331.1 -61.8 1.18E-05 001.5 059.0 -13.5 0.015325 0.028120 0.019970 hargrave 2017-08-08 16:14:54 
TT 555 337.7 -35.2 332.2 -64.2 1.16E-05 001.5 057.5 -15.4 0.015980 0.026298 0.021310 hargrave 2017-08-10 10:19:55 
TT 560 337.9 -36.7 332.3 -65.7 1.15E-05 002.5 056.3 -16.3 0.030163 0.039015 0.020630 hargrave 2017-08-16 15:54:16 
TT 565 337.1 -38.9 329.8 -67.8 1.15E-05 002.4 053.9 -16.9 0.026877 0.038401 0.021049 hargrave 2017-08-17 12:43:48 
TT 570 335.2 -41.3 324.7 -69.9 1.15E-05 001.9 051.0 -17.0 0.022840 0.033930 0.019211 hargrave 2017-08-17 21:58:57 
TT 575 334.9 -41.8 323.8 -70.3 1.14E-05 002.2 050.5 -17.0 0.036917 0.030492 0.009751 hargrave 2017-08-18 17:39:17 
TT 580 335.3 -43.8 323.3 -72.3 1.13E-05 001.9 048.9 -18.3 0.022309 0.031259 0.018438 hargrave 2017-08-21 14:38:20 
TT 600 334.9 -44.3 321.8 -72.8 1.13E-05 002.1 048.2 -18.4 0.025239 0.036500 0.018638 hargrave 2017-08-22 13:41:38 
TT 620 334.5 -47.8 317.0 -76.0 1.12E-05 002.7 044.9 -19.9 0.029536 0.045498 0.018109 hargrave 2017-08-23 12:42:04 
TT 630 335.2 -50.2 315.1 -78.4 1.13E-05 003.2 042.9 -21.5 0.034700 0.057178 0.018690 hargrave 2017-08-24 09:14:16 
TT 640 334.3 -52.8 306.4 -80.5 1.15E-05 003.5 040.2 -22.3 0.040397 0.058208 0.018704 hargrave 2017-08-24 17:23:23 
TT 645 335.4 -52.1 311.8 -80.3 1.15E-05 003.4 041.2 -22.6 0.038981 0.059687 0.018777 hargrave 2017-08-25 15:26:39 
TT 650 335.3 -55.0 301.5 -82.7 1.14E-05 002.5 038.4 -23.8 0.025518 0.042233 0.018918 hargrave 2017-08-29 16:42:00 
TT 655 336.7 -56.1 301.8 -84.1 1.17E-05 003.3 037.7 -25.1 0.031075 0.058381 0.025055 hargrave 2017-09-01 16:46:07 
TT 660 337.6 -57.2 298.8 -85.2 1.17E-05 004.0 036.9 -26.0 0.040439 0.074733 0.016932 hargrave 2017-09-10 10:31:05 
TT 665 335.2 -58.1 281.1 -84.9 1.18E-05 004.3 035.4 -25.2 0.048404 0.075848 0.017643 hargrave 2017-09-12 15:41:44 
TT 670 331.0 -64.2 217.4 -83.1 1.21E-05 003.2 028.2 -26.1 0.035044 0.060476 0.020321 hargrave 2017-09-14 19:14:01 
TT 670 332.1 -63.7 219.7 -83.8 1.20E-05 004.7 029.0 -26.4 0.047627 0.088123 0.019898 hargrave 2017-09-15 09:23:57 
TT 672 333.1 -64.0 215.5 -84.0 1.20E-05 004.3 028.9 -26.9 0.042320 0.082590 0.021361 hargrave 2017-09-16 14:25:32 
TT 674 333.2 -65.3 205.3 -83.3 1.20E-05 003.8 027.6 -27.5 0.039411 0.070553 0.020608 hargrave 2017-09-19 15:15:42 
TT 676 321.4 -71.9 192.7 -75.8 1.30E-05 005.6 018.8 -26.8 0.040896 0.121344 0.023012 hargrave 2017-09-22 17:32:50 
TT 678 325.7 -70.3 193.7 -77.9 1.26E-05 004.7 021.1 -27.2 0.038136 0.096890 0.024043 hargrave 2017-09-24 15:26:51 
TT 680 331.0 -73.6 179.0 -76.3 1.26E-05 003.1 018.6 -30.1 0.028823 0.061231 0.023250 hargrave 2017-09-25 14:10:30 
TT 682 333.8 -72.3 178.2 -77.8 1.21E-05 003.9 020.4 -30.4 0.035169 0.074165 0.024514 hargrave 2017-09-26 19:53:47 
TT 684 034.1  21.4 029.6  01.6 1.64E-06 004.9 140.5 -22.4 0.009236 0.009899 0.006630 hargrave 2017-10-02 00:04:05 
TT 686 311.4 -63.1 230.9 -74.7 9.37E-07 007.6 023.9 -18.4 0.003440 0.006400 0.010722 hargrave 2017-10-03 10:43:14 
TT 686 311.6 -62.2 234.0 -74.7 9.39E-07 008.6 024.6 -17.9 0.005291 0.010104 0.009140 hargrave 2017-10-03 11:43:35 
TT 686 313.1 -62.6 232.9 -75.4 9.41E-07 007.7 024.8 -18.6 0.004838 0.007341 0.009779 hargrave 2017-10-03 12:36:16 
TT 688 331.6 -26.5 324.6 -54.9 1.48E-06 005.4 061.8 -06.2 0.008819 0.005042 0.009860 hargrave 2017-10-05 15:30:30 
TT 690 197.6 -41.5 189.4 -15.9 8.94E-07 008.3 321.8 -02.0 0.005291 0.009829 0.008214 hargrave 2017-10-06 18:02:37 
TT 690 197.7 -42.1 189.3 -16.4 8.92E-07 009.2 322.2 -02.4 0.006427 0.011202 0.007810 hargrave 2017-10-06 20:13:15 
TT 690 196.4 -40.7 188.8 -14.9 8.87E-07 007.0 320.5 -02.0 0.005006 0.008907 0.005973 hargrave 2017-10-06 22:00:37 
TT 692 233.1 -23.4 224.7 -10.8 7.72E-07 005.8 338.8  28.5 0.002585 0.007890 0.004038 hargrave 2017-10-08 18:17:34 
