TR014 -Ha mag compass orientation (IGRF corrected)
 1717.5 344.3  46.0 253.8  29.3   1.0
NRM    035.4 -25.2 052.1 -40.2 3.91E-05 003.8 107.9 -53.3 0.237069 0.114198 0.047448 hargrave 2017-07-20 17:58:55 
TT 100 035.7 -28.7 054.8 -43.2 3.95E-05 002.8 103.3 -55.8 0.166297 0.090840 0.053831 hargrave 2017-07-21 17:38:19 
TT 200 036.4 -31.4 057.6 -45.1 3.95E-05 003.5 100.0 -57.8 0.216712 0.091791 0.059235 hargrave 2017-07-24 13:19:50 
TT 300 038.8 -30.5 059.3 -43.2 3.97E-05 003.0 103.7 -59.0 0.183360 0.108199 0.055358 hargrave 2017-07-25 10:25:47 
TT 350 039.1 -34.1 062.4 -46.0 3.95E-05 001.9 098.0 -61.2 0.089050 0.094378 0.057618 hargrave 2017-07-31 17:16:21 
TT 400 040.2 -36.0 065.2 -47.0 3.95E-05 001.9 095.4 -62.9 0.100123 0.088936 0.060029 hargrave 2017-08-01 15:22:49 
TT 450 041.3 -37.3 067.3 -47.5 3.97E-05 002.6 093.6 -64.3 0.138313 0.137196 0.058723 hargrave 2017-08-03 14:15:24 
TT 475 042.2 -38.4 069.1 -48.0 3.96E-05 002.2 092.0 -65.3 0.105984 0.131010 0.055559 hargrave 2017-08-04 10:50:39 
TT 500 043.6 -39.2 071.2 -47.9 3.93E-05 001.8 091.2 -66.7 0.084931 0.094940 0.054855 hargrave 2017-08-04 17:47:26 
TT 525 044.4 -39.7 072.4 -47.9 3.91E-05 002.2 090.6 -67.4 0.102954 0.111567 0.052710 hargrave 2017-08-07 16:36:39 
TT 550 045.0 -42.6 075.8 -49.8 3.88E-05 002.1 083.5 -68.7 0.093062 0.114696 0.053140 hargrave 2017-08-08 15:56:13 
TT 555 046.5 -42.5 077.0 -49.0 3.84E-05 002.3 084.5 -69.8 0.099908 0.112629 0.061442 hargrave 2017-08-10 10:12:29 
TT 560 047.0 -44.2 079.1 -50.0 3.81E-05 002.2 079.8 -70.5 0.099139 0.110322 0.058090 hargrave 2017-08-16 15:46:05 
TT 565 047.4 -45.2 080.5 -50.5 3.80E-05 002.2 077.0 -70.9 0.099187 0.109257 0.059877 hargrave 2017-08-17 12:36:27 
TT 570 047.9 -46.2 082.0 -51.0 3.78E-05 002.2 074.0 -71.3 0.096046 0.110835 0.073508 hargrave 2017-08-17 21:51:39 
TT 575 048.8 -46.4 082.9 -50.7 3.76E-05 002.1 073.5 -71.9 0.086450 0.110900 0.075160 hargrave 2017-08-18 17:31:57 
TT 580 049.4 -47.4 084.5 -51.1 3.74E-05 002.1 070.1 -72.4 0.093872 0.105733 0.075412 hargrave 2017-08-21 14:31:00 
TT 600 050.3 -48.4 086.3 -51.4 3.74E-05 002.1 066.7 -72.9 0.093891 0.106167 0.074710 hargrave 2017-08-22 13:34:19 
TT 620 051.5 -48.3 087.1 -50.8 3.77E-05 002.1 066.6 -73.7 0.091653 0.106679 0.076050 hargrave 2017-08-23 12:34:43 
TT 630 052.1 -49.2 088.5 -51.1 3.78E-05 002.1 063.4 -74.0 0.092039 0.111171 0.082300 hargrave 2017-08-24 09:06:57 
TT 640 052.5 -50.1 089.9 -51.6 3.80E-05 002.2 059.8 -74.0 0.085831 0.119604 0.078058 hargrave 2017-08-24 17:15:57 
TT 645 053.0 -50.3 090.5 -51.5 3.81E-05 002.1 058.9 -74.3 0.084812 0.118489 0.080088 hargrave 2017-08-25 15:19:19 
TT 650 053.4 -50.7 091.2 -51.5 3.81E-05 002.1 057.3 -74.4 0.102220 0.104984 0.079959 hargrave 2017-08-29 16:34:36 
TT 655 053.9 -50.8 091.6 -51.3 3.83E-05 002.4 056.6 -74.7 0.123709 0.107961 0.091303 hargrave 2017-09-01 16:38:42 
TT 660 239.5  35.1 261.3  36.9 3.82E-05 001.8 303.1  75.5 0.074101 0.085293 0.078041 hargrave 2017-09-10 10:04:21 
TT 660 053.9 -51.9 093.0 -52.1 3.86E-05 001.7 052.5 -74.3 0.069229 0.094103 0.053502 hargrave 2017-09-10 10:25:59 
TT 665 054.5 -51.6 093.0 -51.6 3.83E-05 002.2 053.1 -74.8 0.100535 0.107722 0.079396 hargrave 2017-09-12 15:34:40 
TT 670 056.5 -52.4 095.4 -51.2 3.80E-05 002.2 048.0 -75.5 0.096482 0.115005 0.062686 hargrave 2017-09-14 19:06:41 
TT 672 056.1 -52.2 094.9 -51.3 3.77E-05 002.1 049.3 -75.4 0.083997 0.113616 0.058517 hargrave 2017-09-16 14:18:10 
TT 674 059.5 -53.5 098.5 -50.6 3.78E-05 002.4 040.4 -76.4 0.105195 0.114757 0.039040 hargrave 2017-09-19 15:08:20 
TT 676 057.5 -53.6 097.3 -51.6 3.71E-05 002.4 043.1 -75.4 0.104299 0.120720 0.035696 hargrave 2017-09-22 17:24:31 
TT 678 060.1 -53.8 099.2 -50.6 3.71E-05 002.6 038.5 -76.5 0.110673 0.124985 0.037561 hargrave 2017-09-24 15:18:31 
TT 680 060.4 -53.6 099.2 -50.3 3.69E-05 002.3 038.4 -76.8 0.101084 0.110448 0.041046 hargrave 2017-09-25 14:03:04 
TT 682 060.2 -52.9 098.2 -49.9 3.27E-05 002.7 041.4 -77.2 0.100492 0.115954 0.032606 hargrave 2017-09-26 19:46:17 
TT 684 059.9 -56.0 101.9 -52.1 1.73E-05 002.3 032.1 -74.9 0.047809 0.046984 0.035000 hargrave 2017-10-01 23:56:03 
TT 686 081.0 -61.2 119.0 -47.2 1.06E-05 002.8 349.2 -72.4 0.025145 0.045153 0.015498 hargrave 2017-10-03 10:35:18 
TT 688 060.8 -48.7 094.2 -46.7 6.78E-06 002.2 058.3 -79.6 0.019159 0.016990 0.009810 hargrave 2017-10-05 15:22:32 
TT 690 091.6 -45.8 112.8 -31.4 2.21E-06 004.2 284.6 -77.7 0.013428 0.008101 0.011273 hargrave 2017-10-06 17:54:34 
TT 692 072.9 -51.1 104.4 -43.1 2.03E-06 002.9 007.0 -82.9 0.005104 0.009269 0.010216 hargrave 2017-10-08 18:10:45 
