TR014 -Ca mag compass orientation (IGRF corrected)
 1716.9   3.3  31.0 253.8  29.3   1.0
NRM    280.2 -77.9 189.0 -63.9 3.86E-05 003.0 002.1 -47.0 0.077197 0.182172 0.058971 hargrave 2017-07-20 17:52:55 
TT 100 280.8 -78.3 188.3 -64.0 4.13E-05 002.2 002.2 -47.3 0.117642 0.105709 0.051530 hargrave 2017-07-21 17:32:21 
TT 200 266.9 -78.0 188.7 -61.2 4.25E-05 002.7 358.1 -47.0 0.174587 0.138413 0.049893 hargrave 2017-07-24 13:13:54 
TT 300 269.2 -78.1 188.5 -61.7 4.33E-05 002.2 358.8 -47.1 0.165888 0.096993 0.064206 hargrave 2017-07-25 10:19:50 
TT 350 263.5 -78.6 187.3 -60.6 4.33E-05 002.5 357.1 -47.7 0.079393 0.168917 0.050650 hargrave 2017-07-31 17:08:37 
TT 400 257.6 -78.3 187.1 -59.4 4.38E-05 002.0 355.4 -47.7 0.071189 0.129934 0.050279 hargrave 2017-08-01 15:15:12 
TT 450 257.7 -78.0 187.8 -59.3 4.44E-05 002.7 355.3 -47.3 0.119983 0.177703 0.054221 hargrave 2017-08-03 14:09:06 
TT 475 253.4 -78.1 187.0 -58.5 4.44E-05 002.6 354.0 -47.6 0.137676 0.159639 0.052370 hargrave 2017-08-04 10:44:34 
TT 500 255.7 -78.7 186.3 -59.1 4.45E-05 002.5 354.9 -48.1 0.149870 0.136138 0.053327 hargrave 2017-08-04 17:41:23 
TT 525 238.3 -78.0 184.5 -55.7 4.40E-05 002.1 349.6 -48.7 0.099736 0.116985 0.054012 hargrave 2017-08-07 16:29:08 
TT 550 233.0 -77.6 184.0 -54.5 4.41E-05 002.0 347.8 -48.8 0.097381 0.114784 0.050079 hargrave 2017-08-08 15:48:42 
TT 555 235.8 -77.9 184.2 -55.2 4.42E-05 001.8 348.9 -48.8 0.077389 0.111286 0.061641 hargrave 2017-08-10 10:04:58 
TT 560 229.5 -77.1 183.8 -53.6 4.44E-05 002.1 346.5 -48.8 0.097810 0.123062 0.057918 hargrave 2017-08-16 15:38:33 
TT 565 228.9 -77.2 183.6 -53.6 4.44E-05 001.9 346.3 -48.9 0.094002 0.111700 0.053997 hargrave 2017-08-17 12:28:58 
TT 570 226.5 -76.8 183.4 -53.0 4.46E-05 002.0 345.4 -49.0 0.092461 0.126173 0.059117 hargrave 2017-08-17 21:44:11 
TT 575 223.1 -76.3 183.1 -52.0 4.45E-05 002.6 343.9 -49.0 0.114312 0.162259 0.060873 hargrave 2017-08-18 17:24:29 
TT 580 222.2 -76.2 183.0 -51.8 4.45E-05 001.9 343.6 -49.1 0.093187 0.112650 0.060291 hargrave 2017-08-21 14:23:30 
TT 600 220.7 -75.8 183.0 -51.2 4.45E-05 002.3 342.7 -49.0 0.102673 0.138230 0.061950 hargrave 2017-08-22 13:26:45 
TT 620 220.4 -75.7 183.0 -51.1 4.44E-05 002.2 342.5 -48.9 0.102725 0.129941 0.061125 hargrave 2017-08-23 12:27:12 
TT 630 222.7 -76.4 182.9 -52.0 4.44E-05 002.1 343.9 -49.1 0.094075 0.126596 0.062092 hargrave 2017-08-24 08:59:24 
TT 640 222.7 -76.2 183.1 -51.9 4.44E-05 002.0 343.7 -49.0 0.095886 0.119279 0.062701 hargrave 2017-08-24 17:08:22 
TT 645 222.5 -76.3 182.9 -51.9 4.44E-05 002.3 343.7 -49.1 0.103381 0.138521 0.062422 hargrave 2017-08-25 15:11:43 
TT 650 221.8 -76.4 182.6 -51.9 4.46E-05 002.4 343.6 -49.3 0.098570 0.157476 0.063034 hargrave 2017-08-29 16:27:03 
TT 655 220.1 -75.9 182.7 -51.2 4.48E-05 002.6 342.6 -49.1 0.125005 0.156753 0.080098 hargrave 2017-09-01 16:31:14 
TT 660 222.3 -76.1 183.1 -51.8 4.50E-05 003.1 343.5 -49.0 0.122242 0.205618 0.052470 hargrave 2017-09-08 18:55:44 
TT 665 221.1 -76.5 182.3 -51.9 4.48E-05 003.2 343.5 -49.5 0.127707 0.208981 0.075021 hargrave 2017-09-12 15:27:15 
TT 670 219.3 -75.7 182.6 -51.0 4.45E-05 002.2 342.3 -49.1 0.106389 0.131728 0.055974 hargrave 2017-09-14 18:58:53 
TT 672 222.4 -77.0 182.2 -52.4 4.41E-05 004.0 344.3 -49.6 0.135146 0.275438 0.058172 hargrave 2017-09-15 19:23:38 
TT 674 217.3 -76.0 181.7 -50.9 4.34E-05 002.3 342.0 -49.7 0.100020 0.140991 0.058358 hargrave 2017-09-19 14:59:37 
TT 676 219.3 -77.2 181.1 -52.1 4.18E-05 003.4 343.7 -50.2 0.128868 0.215738 0.053125 hargrave 2017-09-22 17:16:27 
TT 678 219.2 -76.0 182.3 -51.2 3.70E-05 003.5 342.5 -49.4 0.123023 0.197376 0.051926 hargrave 2017-09-24 15:10:36 
TT 680 209.4 -75.3 179.9 -49.2 2.69E-05 002.0 339.0 -50.5 0.063370 0.069933 0.034396 hargrave 2017-09-25 13:54:20 
TT 682 200.7 -79.1 174.3 -51.5 1.45E-05 002.3 342.0 -54.3 0.033421 0.045101 0.019496 hargrave 2017-09-26 19:38:19 
TT 684 205.5 -79.7 175.1 -52.4 1.56E-05 002.8 343.6 -53.9 0.033232 0.065612 0.028317 hargrave 2017-10-01 23:48:08 
TT 686 140.9 -59.7 150.5 -31.7 3.91E-06 002.0 292.2 -66.2 0.009893 0.009698 0.002307 hargrave 2017-10-03 10:27:35 
TT 688 013.6 -57.8 076.0 -74.6 2.46E-06 003.5 056.0 -50.7 0.011131 0.009865 0.004973 hargrave 2017-10-05 15:14:38 
TT 690 217.1 -75.4 182.3 -50.4 8.67E-07 005.6 341.3 -49.2 0.003423 0.006110 0.006080 hargrave 2017-10-06 17:46:44 
TT 692 118.9  07.2 112.0  27.0 2.44E-06 001.8 207.3 -20.7 0.004551 0.005202 0.007747 hargrave 2017-10-08 18:04:31 
