TR014 -La mag compass orientation (IGRF corrected)
 1718.2   0.3  53.0 253.8  29.3   1.0
NRM    310.3 -36.5 287.2 -57.9 2.98E-05 001.8 031.4  07.7 0.079735 0.074668 0.041740 hargrave 2017-07-20 18:06:58 
TT 100 308.4 -41.0 280.1 -60.9 2.95E-05 002.0 027.9  04.5 0.081517 0.078230 0.050339 hargrave 2017-07-21 17:46:14 
TT 200 306.1 -43.7 273.7 -61.9 2.97E-05 003.8 025.0  03.0 0.124451 0.170041 0.047176 hargrave 2017-07-24 13:27:42 
TT 300 305.0 -45.3 270.3 -62.6 2.97E-05 001.8 023.6  02.0 0.081256 0.071074 0.049778 hargrave 2017-07-25 10:33:41 
TT 350 301.9 -47.2 264.0 -62.5 2.95E-05 001.2 020.8  01.2 0.026522 0.037751 0.048841 hargrave 2017-07-31 17:25:36 
TT 400 301.7 -48.4 262.0 -63.2 2.95E-05 002.8 020.2  00.2 0.051994 0.125889 0.048880 hargrave 2017-08-01 15:31:54 
TT 450 301.6 -49.8 259.5 -64.1 3.03E-05 002.1 019.6 -01.1 0.121074 0.075804 0.049237 hargrave 2017-08-03 14:23:03 
TT 475 298.0 -51.7 252.9 -63.6 3.04E-05 001.9 016.8 -02.0 0.107598 0.082433 0.044222 hargrave 2017-08-04 10:58:03 
TT 500 293.7 -53.6 246.1 -62.6 3.02E-05 005.0 013.6 -02.8 0.111382 0.256023 0.044864 hargrave 2017-08-04 17:54:45 
TT 525 294.9 -54.0 246.2 -63.5 2.95E-05 001.4 014.2 -03.5 0.022836 0.055023 0.049427 hargrave 2017-08-07 16:45:30 
TT 550 291.4 -55.9 240.2 -62.8 2.96E-05 001.6 011.7 -04.7 0.019930 0.065864 0.046796 hargrave 2017-08-08 16:05:06 
TT 555 286.2 -57.4 234.4 -61.2 2.96E-05 001.3 008.5 -05.3 0.031482 0.042093 0.051959 hargrave 2017-08-10 10:21:26 
TT 560 288.1 -57.6 235.0 -62.1 2.98E-05 002.4 009.4 -05.8 0.031778 0.114353 0.051432 hargrave 2017-08-16 15:55:46 
TT 565 284.9 -58.5 231.7 -61.1 2.99E-05 001.6 007.6 -06.2 0.031436 0.063563 0.050185 hargrave 2017-08-17 12:45:17 
TT 570 289.3 -57.9 235.2 -62.9 3.00E-05 004.9 010.0 -06.2 0.036095 0.249819 0.048947 hargrave 2017-08-17 22:00:27 
TT 575 286.0 -58.6 232.1 -61.6 3.00E-05 003.4 008.1 -06.4 0.040229 0.170238 0.045008 hargrave 2017-08-18 17:40:47 
TT 580 282.0 -59.2 228.9 -60.2 2.99E-05 002.0 006.0 -06.7 0.029641 0.088561 0.049663 hargrave 2017-08-21 14:39:49 
TT 600 279.8 -59.4 227.5 -59.3 2.99E-05 001.7 004.9 -06.7 0.030148 0.070794 0.051653 hargrave 2017-08-22 13:43:08 
TT 620 282.6 -59.3 229.1 -60.5 2.99E-05 003.3 006.3 -06.8 0.035563 0.162372 0.050207 hargrave 2017-08-23 12:43:35 
TT 630 281.2 -59.9 227.3 -60.1 3.00E-05 002.3 005.5 -07.3 0.034561 0.109078 0.052820 hargrave 2017-08-24 09:15:46 
TT 640 284.9 -59.8 229.3 -61.8 3.00E-05 003.3 007.4 -07.5 0.038976 0.163031 0.048928 hargrave 2017-08-24 17:24:53 
TT 645 281.5 -60.9 225.7 -60.7 3.01E-05 002.9 005.5 -08.3 0.035289 0.139188 0.056827 hargrave 2017-08-25 15:28:09 
TT 650 278.7 -61.1 224.1 -59.6 3.03E-05 003.1 004.1 -08.3 0.033998 0.153178 0.051258 hargrave 2017-08-29 16:43:31 
TT 655 280.0 -61.3 224.3 -60.3 3.04E-05 002.8 004.7 -08.6 0.038035 0.136708 0.055251 hargrave 2017-09-01 16:47:38 
TT 660 282.7 -61.2 225.7 -61.4 3.08E-05 002.5 006.0 -08.7 0.051042 0.128169 0.042295 hargrave 2017-09-10 10:32:43 
TT 665 282.3 -61.4 225.0 -61.4 3.07E-05 003.1 005.8 -08.9 0.053573 0.156942 0.047627 hargrave 2017-09-12 15:43:17 
TT 670 277.2 -62.3 221.3 -59.6 3.04E-05 003.7 003.3 -09.4 0.045876 0.185807 0.056338 hargrave 2017-09-14 19:15:36 
TT 672 283.2 -61.9 224.6 -61.9 3.06E-05 004.4 006.1 -09.4 0.047815 0.227245 0.050904 hargrave 2017-09-16 14:27:08 
TT 672 277.5 -62.0 221.9 -59.6 3.06E-05 003.8 003.4 -09.2 0.047273 0.196421 0.050177 hargrave 2017-09-16 16:07:37 
TT 674 273.2 -62.4 219.3 -58.0 3.07E-05 002.2 001.3 -09.4 0.033300 0.092183 0.068027 hargrave 2017-09-19 15:17:20 
TT 676 282.3 -60.9 226.0 -61.1 3.16E-05 005.0 005.9 -08.4 0.050521 0.268233 0.064016 hargrave 2017-09-22 17:34:29 
TT 678 278.5 -62.5 221.5 -60.2 3.10E-05 004.0 003.8 -09.7 0.043017 0.206158 0.066858 hargrave 2017-09-24 15:28:33 
TT 680 271.2 -63.5 216.8 -57.7 3.05E-05 002.9 000.4 -10.5 0.037836 0.134943 0.070408 hargrave 2017-09-25 14:12:08 
TT 682 274.2 -63.5 217.9 -58.9 2.92E-05 003.9 001.8 -10.6 0.020157 0.189258 0.063127 hargrave 2017-09-26 19:55:25 
TT 684 251.7 -69.6 200.3 -54.2 3.59E-06 002.3 353.3 -17.5 0.007043 0.012257 0.008335 hargrave 2017-10-02 00:05:42 
TT 686 286.7 -63.1 223.4 -63.9 3.22E-06 004.6 007.5 -11.0 0.008025 0.023713 0.008257 hargrave 2017-10-03 10:44:51 
TT 688 314.9 -82.3 173.4 -67.2 3.19E-06 004.1 006.3 -31.3 0.010532 0.019978 0.006333 hargrave 2017-10-05 15:32:03 
TT 690 285.6 -65.2 218.6 -64.2 2.78E-06 004.3 006.5 -12.9 0.006338 0.018850 0.008051 hargrave 2017-10-06 18:04:13 
TT 692 229.7 -39.9 213.8 -23.9 1.81E-06 005.2 329.9  04.6 0.007260 0.014412 0.005149 hargrave 2017-10-08 18:18:52 
