TR014 -Ja mag compass orientation (IGRF corrected)
 1717.9  12.3  63.0 253.8  29.3   1.0
NRM    347.6  05.7 348.0 -23.5 2.08E-05 003.7 083.7  24.5 0.128041 0.074528 0.024805 hargrave 2017-07-20 18:04:31 
TT 100 350.8  01.6 351.7 -27.5 1.98E-05 004.1 081.4  19.8 0.132592 0.086637 0.030901 hargrave 2017-07-21 17:43:47 
TT 200 351.7 -03.6 353.2 -32.6 1.86E-05 003.6 077.0  16.5 0.111643 0.107006 0.029703 hargrave 2017-07-24 13:25:17 
TT 300 350.3 -08.5 352.0 -37.6 1.74E-05 004.7 071.9  15.2 0.129710 0.074250 0.027588 hargrave 2017-07-25 10:31:15 
TT 350 350.1 -12.3 352.0 -41.4 1.70E-05 001.3 068.4  13.4 0.023993 0.032776 0.025494 hargrave 2017-07-31 17:22:24 
TT 400 349.4 -17.7 351.6 -46.8 1.62E-05 001.5 063.4  11.1 0.033020 0.032446 0.025774 hargrave 2017-08-01 15:28:48 
TT 450 349.9 -22.2 352.8 -51.3 1.53E-05 001.7 059.9  08.3 0.045324 0.021596 0.028489 hargrave 2017-08-03 14:20:37 
TT 475 349.2 -25.9 352.3 -55.0 1.48E-05 001.7 056.4  06.6 0.039100 0.027165 0.026319 hargrave 2017-08-04 10:55:36 
TT 500 349.1 -31.1 352.9 -60.2 1.42E-05 002.6 052.1  03.8 0.036733 0.052415 0.028645 hargrave 2017-08-04 17:52:14 
TT 525 349.4 -34.3 354.2 -63.3 1.41E-05 002.8 049.6  01.8 0.063515 0.032910 0.028402 hargrave 2017-08-07 16:42:27 
TT 550 350.8 -37.3 357.7 -66.2 1.40E-05 003.9 047.7 -00.9 0.083173 0.048561 0.033222 hargrave 2017-08-08 16:02:03 
TT 555 350.3 -40.0 357.8 -68.9 1.39E-05 002.6 045.3 -02.1 0.027472 0.056033 0.031500 hargrave 2017-08-10 10:18:21 
TT 560 348.8 -43.5 356.0 -72.6 1.38E-05 002.0 041.8 -03.2 0.040329 0.027473 0.030522 hargrave 2017-08-16 15:52:43 
TT 565 348.7 -44.3 356.2 -73.3 1.37E-05 002.4 041.1 -03.5 0.050414 0.032004 0.030448 hargrave 2017-08-17 12:42:14 
TT 570 345.0 -48.0 347.5 -77.3 1.36E-05 002.8 036.6 -03.7 0.050031 0.042494 0.030636 hargrave 2017-08-17 21:57:24 
TT 575 345.1 -48.3 347.7 -77.6 1.35E-05 002.3 036.4 -03.9 0.039569 0.034955 0.029246 hargrave 2017-08-18 17:37:44 
TT 580 343.7 -50.6 343.3 -79.9 1.35E-05 001.8 034.0 -04.6 0.025405 0.032542 0.028033 hargrave 2017-08-21 14:36:46 
TT 600 342.8 -52.5 339.4 -81.8 1.35E-05 002.0 032.1 -05.3 0.033180 0.032472 0.027118 hargrave 2017-08-22 13:40:06 
TT 620 341.4 -53.7 332.1 -82.9 1.35E-05 001.8 030.7 -05.4 0.026295 0.033529 0.026942 hargrave 2017-08-23 12:40:30 
TT 630 340.8 -54.7 327.7 -83.8 1.34E-05 003.6 029.7 -05.8 0.051931 0.067305 0.024840 hargrave 2017-08-24 09:12:43 
TT 640 333.8 -59.3 264.9 -84.8 1.33E-05 006.1 023.7 -06.2 0.071604 0.123881 0.027864 hargrave 2017-08-24 17:21:49 
TT 645 337.7 -58.6 285.7 -86.2 1.36E-05 002.7 025.6 -07.1 0.043003 0.048592 0.029686 hargrave 2017-08-25 15:25:06 
TT 650 338.5 -59.2 280.3 -87.0 1.37E-05 002.1 025.4 -07.9 0.029856 0.038527 0.028544 hargrave 2017-08-29 16:40:26 
TT 655 337.9 -60.3 259.8 -87.1 1.40E-05 002.5 024.4 -08.3 0.032123 0.043782 0.038358 hargrave 2017-09-01 16:44:34 
TT 660 335.1 -62.4 228.2 -85.6 1.41E-05 002.4 022.0 -08.8 0.050641 0.048926 0.039073 hargrave 2017-09-10 10:29:29 
TT 665 338.0 -62.8 213.1 -86.5 1.40E-05 002.4 022.5 -10.1 0.035829 0.045058 0.026643 hargrave 2017-09-12 15:40:13 
TT 670 332.5 -65.9 203.2 -82.8 1.41E-05 001.9 018.6 -10.5 0.031085 0.035643 0.026997 hargrave 2017-09-14 19:12:27 
TT 672 337.9 -64.5 196.5 -85.3 1.40E-05 005.3 021.2 -11.2 0.059197 0.116831 0.024182 hargrave 2017-09-16 14:23:59 
TT 674 326.4 -68.7 198.9 -79.2 1.41E-05 001.9 014.9 -11.0 0.029316 0.035509 0.028251 hargrave 2017-09-19 15:14:06 
TT 676 336.0 -68.8 182.6 -81.2 1.47E-05 002.3 017.4 -13.5 0.031669 0.045396 0.031784 hargrave 2017-09-22 17:31:10 
TT 678 332.9 -70.2 184.3 -79.5 1.45E-05 002.2 015.6 -13.7 0.030879 0.044363 0.030739 hargrave 2017-09-24 15:25:15 
TT 680 321.8 -72.2 191.3 -75.7 1.41E-05 002.7 011.5 -12.9 0.025690 0.060205 0.028759 hargrave 2017-09-25 14:08:54 
TT 682 335.9 -73.4 173.7 -76.9 1.39E-05 002.7 013.8 -16.5 0.034943 0.054217 0.027813 hargrave 2017-09-26 19:52:12 
TT 684 356.6 -58.1 057.9 -83.0 1.91E-06 005.0 031.7 -15.0 0.007571 0.013917 0.006816 hargrave 2017-10-02 00:02:31 
TT 686 280.8 -83.4 176.8 -63.1 2.91E-06 003.7 359.8 -20.4 0.004305 0.018162 0.005730 hargrave 2017-10-03 10:41:41 
TT 688 290.8 -80.6 181.9 -65.3 3.72E-06 003.1 001.4 -17.7 0.005806 0.019293 0.006268 hargrave 2017-10-05 15:28:56 
TT 690 213.6 -67.5 187.5 -43.2 1.82E-06 002.1 338.0 -17.2 0.004223 0.005186 0.003140 hargrave 2017-10-06 18:01:03 
TT 692 268.0 -65.2 212.7 -57.4 8.65E-07 006.3 354.1 -02.9 0.002393 0.007956 0.005163 hargrave 2017-10-08 18:16:19 
