TR014 -Da mag compass orientation (IGRF corrected)
 1717.2  10.3  42.0 253.8  29.3   1.0
NRM    345.1 -62.5 146.2 -88.1 5.30E-05 003.1 029.4 -31.9 0.097839 0.257881 0.094777 hargrave 2017-07-20 17:54:05 
TT 100 341.9 -66.1 172.0 -84.5 5.47E-05 003.2 025.2 -33.4 0.178721 0.263608 0.072379 hargrave 2017-07-21 17:33:30 
TT 200 345.9 -66.6 155.6 -84.0 5.48E-05 003.1 026.2 -34.9 0.147127 0.256745 0.066755 hargrave 2017-07-24 13:15:03 
TT 300 345.3 -67.4 158.8 -83.2 5.55E-05 002.8 025.2 -35.3 0.175300 0.222959 0.075524 hargrave 2017-07-25 10:20:59 
TT 350 344.2 -69.3 162.8 -81.4 5.50E-05 003.0 023.2 -36.3 0.152310 0.233879 0.078605 hargrave 2017-07-31 17:10:09 
TT 400 343.4 -70.7 164.5 -80.0 5.54E-05 001.7 021.6 -37.0 0.117837 0.106748 0.073029 hargrave 2017-08-01 15:16:40 
TT 450 343.5 -71.8 164.3 -78.9 5.61E-05 002.7 020.6 -37.7 0.143878 0.227710 0.072814 hargrave 2017-08-03 14:10:15 
TT 475 341.2 -73.6 167.1 -77.0 5.60E-05 002.1 018.3 -38.4 0.158343 0.141203 0.071375 hargrave 2017-08-04 10:45:48 
TT 500 342.5 -74.1 165.3 -76.6 5.58E-05 002.1 018.2 -39.0 0.172305 0.117862 0.071298 hargrave 2017-08-04 17:42:33 
TT 525 344.0 -74.9 163.6 -75.8 5.52E-05 001.9 017.7 -39.8 0.107857 0.135060 0.071614 hargrave 2017-08-07 16:30:35 
TT 550 340.4 -76.8 166.5 -73.8 5.47E-05 001.8 015.0 -40.4 0.099009 0.134821 0.069688 hargrave 2017-08-08 15:50:10 
TT 555 337.6 -78.0 168.1 -72.6 5.44E-05 002.2 013.3 -40.7 0.117682 0.150255 0.081212 hargrave 2017-08-10 10:06:26 
TT 560 336.7 -78.6 168.3 -72.0 5.42E-05 001.9 012.6 -40.9 0.110955 0.129695 0.075816 hargrave 2017-08-16 15:40:01 
TT 565 338.0 -78.6 167.5 -72.0 5.42E-05 001.7 012.8 -41.1 0.103045 0.103057 0.073306 hargrave 2017-08-17 12:30:25 
TT 570 334.4 -79.6 169.0 -70.9 5.39E-05 001.9 011.2 -41.3 0.102504 0.128926 0.075521 hargrave 2017-08-17 21:45:38 
TT 575 337.2 -79.0 167.8 -71.6 5.36E-05 001.9 012.3 -41.3 0.099068 0.130519 0.077288 hargrave 2017-08-18 17:25:57 
TT 580 337.6 -79.4 167.3 -71.2 5.35E-05 001.8 012.0 -41.6 0.105054 0.117731 0.074702 hargrave 2017-08-21 14:24:58 
TT 600 333.9 -80.5 168.6 -70.0 5.34E-05 002.3 010.3 -41.9 0.108864 0.180765 0.077155 hargrave 2017-08-22 13:28:12 
TT 620 327.9 -81.6 170.2 -68.7 5.35E-05 001.9 008.4 -42.0 0.122792 0.122783 0.077282 hargrave 2017-08-23 12:28:40 
TT 630 331.9 -81.3 168.8 -69.2 5.36E-05 002.4 009.2 -42.2 0.099524 0.194099 0.079408 hargrave 2017-08-24 09:00:51 
TT 640 322.8 -82.4 171.0 -67.7 5.34E-05 001.8 007.0 -42.1 0.100691 0.114351 0.079612 hargrave 2017-08-24 17:09:50 
TT 645 330.1 -81.9 169.0 -68.5 5.34E-05 001.9 008.4 -42.5 0.120052 0.114635 0.081430 hargrave 2017-08-25 15:13:17 
TT 650 332.0 -81.9 168.3 -68.6 5.32E-05 002.0 008.6 -42.6 0.121980 0.137716 0.078526 hargrave 2017-08-29 16:28:32 
TT 655 329.8 -82.3 168.8 -68.1 5.36E-05 002.2 008.0 -42.7 0.143296 0.137961 0.087874 hargrave 2017-09-01 16:32:41 
TT 660 329.4 -81.9 169.2 -68.4 5.39E-05 001.8 008.2 -42.4 0.122487 0.114367 0.065760 hargrave 2017-09-08 18:57:19 
TT 665 333.2 -82.8 167.3 -67.8 5.39E-05 001.9 007.9 -43.4 0.120589 0.100000 0.092762 hargrave 2017-09-12 15:28:45 
TT 670 323.3 -83.9 169.1 -66.3 5.35E-05 002.0 005.7 -43.4 0.129122 0.125335 0.070060 hargrave 2017-09-14 19:00:28 
TT 672 326.7 -83.2 168.9 -67.1 5.34E-05 002.7 006.7 -43.1 0.118109 0.217534 0.072610 hargrave 2017-09-15 19:25:12 
TT 674 317.7 -84.9 169.1 -65.2 5.27E-05 002.1 004.3 -43.9 0.130715 0.121171 0.088724 hargrave 2017-09-19 15:01:13 
TT 676 333.3 -84.5 166.3 -66.1 5.11E-05 002.0 006.2 -44.5 0.116308 0.117468 0.078522 hargrave 2017-09-22 17:18:04 
TT 678 316.5 -86.4 167.6 -63.9 4.73E-05 002.3 003.0 -45.0 0.122958 0.131545 0.080401 hargrave 2017-09-24 15:12:13 
TT 680 324.9 -87.6 165.5 -63.0 3.62E-05 002.1 002.4 -46.3 0.088969 0.093194 0.055449 hargrave 2017-09-25 13:55:57 
TT 682 034.1 -87.2 159.1 -62.4 1.80E-05 002.6 004.0 -49.1 0.047101 0.060052 0.034181 hargrave 2017-09-26 19:39:59 
TT 684 139.3 -86.6 161.2 -57.6 1.94E-05 002.1 356.6 -50.6 0.049363 0.043532 0.037353 hargrave 2017-10-01 23:49:44 
TT 686 058.5 -65.2 114.5 -57.8 2.63E-06 002.6 036.7 -62.1 0.008448 0.008804 0.002753 hargrave 2017-10-03 10:29:10 
TT 688 003.2 -42.9 025.9 -68.7 1.40E-06 004.0 054.3 -26.4 0.005306 0.005411 0.006919 hargrave 2017-10-05 15:16:14 
TT 690 163.7 -30.0 163.7 -00.7 1.91E-06 002.7 273.4 -39.1 0.006487 0.004715 0.010333 hargrave 2017-10-06 17:48:19 
TT 692 112.4  24.2 096.4  39.5 1.70E-06 003.2 191.6 -17.0 0.003651 0.007171 0.006937 hargrave 2017-10-08 18:05:47 
