TR014 -Ea mag compass orientation (IGRF corrected)
 1717.2   7.3  49.0 253.8  29.3   1.0
NRM    349.2 -41.5 356.0 -70.6 3.46E-05 003.1 047.4 -15.0 0.137997 0.135213 0.052874 hargrave 2017-07-20 17:55:14 
TT 100 349.5 -45.5 359.0 -74.5 3.53E-05 002.0 044.5 -17.9 0.089722 0.078923 0.061058 hargrave 2017-07-21 17:34:39 
TT 200 348.3 -49.8 359.1 -78.8 3.56E-05 002.4 040.5 -20.0 0.108777 0.091919 0.069011 hargrave 2017-07-24 13:16:12 
TT 300 349.3 -50.2 002.4 -79.0 3.56E-05 002.9 040.6 -20.7 0.120705 0.126223 0.068082 hargrave 2017-07-25 10:22:08 
TT 350 348.9 -52.1 004.0 -80.9 3.55E-05 002.1 038.9 -21.8 0.085863 0.072378 0.067657 hargrave 2017-07-31 17:11:42 
TT 400 348.8 -53.7 007.0 -82.5 3.56E-05 001.9 037.5 -22.8 0.077045 0.064573 0.068266 hargrave 2017-08-01 15:18:08 
TT 450 350.1 -54.6 015.5 -83.1 3.60E-05 001.9 037.2 -23.9 0.080077 0.079912 0.077814 hargrave 2017-08-03 14:11:24 
TT 475 348.6 -56.4 016.1 -85.0 3.62E-05 002.6 035.2 -24.4 0.106633 0.122042 0.073410 hargrave 2017-08-04 10:46:58 
TT 500 349.0 -57.2 023.4 -85.6 3.58E-05 002.2 034.6 -25.0 0.102099 0.097792 0.071659 hargrave 2017-08-04 17:43:42 
TT 525 353.1 -55.7 032.3 -83.0 3.51E-05 004.8 037.4 -26.0 0.153546 0.241021 0.075976 hargrave 2017-08-07 16:32:04 
TT 550 347.7 -61.4 094.7 -88.0 3.48E-05 001.7 030.5 -27.0 0.046095 0.055988 0.074229 hargrave 2017-08-08 15:51:39 
TT 555 347.8 -62.7 123.1 -87.2 3.45E-05 002.0 029.2 -27.9 0.074630 0.056377 0.083478 hargrave 2017-08-10 10:07:54 
TT 560 347.9 -63.3 129.6 -86.7 3.44E-05 001.8 028.7 -28.3 0.066464 0.047544 0.082828 hargrave 2017-08-16 15:41:29 
TT 565 348.3 -63.7 130.5 -86.4 3.45E-05 002.3 028.5 -28.6 0.056445 0.106053 0.082601 hargrave 2017-08-17 12:31:53 
TT 570 348.8 -64.1 132.1 -85.9 3.45E-05 002.1 028.3 -29.0 0.055500 0.085946 0.081274 hargrave 2017-08-17 21:47:06 
TT 575 348.6 -64.9 137.9 -85.3 3.45E-05 002.6 027.5 -29.4 0.059836 0.126018 0.080233 hargrave 2017-08-18 17:27:24 
TT 580 348.9 -65.3 139.4 -84.9 3.45E-05 002.2 027.2 -29.7 0.052235 0.106925 0.080111 hargrave 2017-08-21 14:26:26 
TT 600 347.7 -66.9 150.0 -83.6 3.46E-05 002.4 025.4 -30.3 0.055855 0.117702 0.079302 hargrave 2017-08-22 13:29:45 
TT 620 348.3 -67.8 150.2 -82.7 3.46E-05 002.0 024.7 -31.0 0.055119 0.090580 0.077186 hargrave 2017-08-23 12:30:08 
TT 630 348.8 -68.6 151.0 -81.8 3.45E-05 002.1 023.9 -31.6 0.054938 0.095429 0.078147 hargrave 2017-08-24 09:02:23 
TT 640 347.7 -68.7 153.8 -81.9 3.44E-05 002.3 023.6 -31.3 0.048008 0.116943 0.080137 hargrave 2017-08-24 17:11:18 
TT 645 349.7 -67.7 146.1 -82.6 3.44E-05 003.0 025.1 -31.4 0.047292 0.164315 0.079521 hargrave 2017-08-25 15:14:44 
TT 650 351.2 -67.8 142.8 -82.2 3.44E-05 002.2 025.3 -31.9 0.054937 0.103231 0.079584 hargrave 2017-08-29 16:30:00 
TT 655 350.1 -68.7 148.0 -81.5 3.44E-05 002.7 024.1 -32.0 0.052568 0.132219 0.104004 hargrave 2017-09-01 16:34:09 
TT 660 349.7 -69.0 149.6 -81.3 3.40E-05 003.3 023.7 -32.1 0.079457 0.172310 0.073983 hargrave 2017-09-08 18:58:54 
TT 665 350.5 -69.2 148.2 -81.1 3.41E-05 003.0 023.8 -32.4 0.063887 0.142632 0.094370 hargrave 2017-09-12 15:30:15 
TT 670 351.0 -69.2 147.3 -81.0 3.37E-05 002.2 023.9 -32.5 0.074431 0.093389 0.064540 hargrave 2017-09-14 19:02:03 
TT 672 356.3 -67.3 129.8 -81.4 3.37E-05 004.3 026.9 -33.3 0.090965 0.231485 0.067416 hargrave 2017-09-16 14:13:26 
TT 672 352.2 -69.5 145.7 -80.6 3.37E-05 002.9 023.8 -33.1 0.082346 0.148211 0.062047 hargrave 2017-09-16 16:05:57 
TT 674 348.0 -72.3 157.5 -78.3 3.32E-05 002.3 020.1 -33.3 0.070114 0.100734 0.062201 hargrave 2017-09-19 15:02:49 
TT 674 348.0 -73.0 158.1 -77.6 3.32E-05 002.6 019.3 -33.7 0.057715 0.122601 0.069852 hargrave 2017-09-19 18:16:19 
TT 676 352.6 -70.3 146.9 -79.8 3.23E-05 002.8 023.0 -33.6 0.077942 0.129245 0.063145 hargrave 2017-09-22 17:19:44 
TT 678 346.7 -73.7 160.2 -77.0 3.11E-05 002.2 018.4 -33.7 0.084390 0.074043 0.059255 hargrave 2017-09-24 15:13:51 
TT 680 351.1 -73.9 155.1 -76.5 2.61E-05 002.6 019.0 -34.9 0.071899 0.088476 0.050054 hargrave 2017-09-25 13:58:23 
TT 682 357.4 -73.2 146.9 -76.5 1.66E-05 002.7 020.7 -36.2 0.043968 0.061109 0.037012 hargrave 2017-09-26 19:41:38 
TT 684 357.7 -72.0 143.8 -77.5 1.73E-05 003.3 022.1 -35.8 0.042876 0.088977 0.028862 hargrave 2017-10-01 23:51:21 
TT 686 269.4 -85.8 172.4 -61.6 3.71E-06 004.3 359.3 -36.8 0.007418 0.026911 0.005301 hargrave 2017-10-03 10:30:44 
TT 688 042.2 -61.6 101.6 -62.8 2.19E-06 003.5 038.8 -51.5 0.010016 0.007017 0.006093 hargrave 2017-10-05 15:17:51 
TT 690 236.6 -56.2 207.8 -40.1 1.44E-06 004.1 338.1 -13.1 0.003364 0.008658 0.006594 hargrave 2017-10-06 17:49:54 
TT 692 030.9  12.5 030.0 -07.9 1.75E-06 003.4 115.1 -08.8 0.006433 0.009251 0.003920 hargrave 2017-10-08 18:07:03 
