TR014 -Aa mag compass orientation (IGRF corrected)
 1716.8   2.3  39.0 253.8  29.3   1.0
NRM    351.3 -32.5 357.0 -61.4 1.75E-05 002.8 060.7 -18.5 0.062651 0.038659 0.061672 hargrave 2017-07-20 17:50:25 
TT 100 352.2 -38.0 000.7 -66.7 1.72E-05 003.7 057.5 -23.0 0.098914 0.046616 0.040603 hargrave 2017-07-21 17:29:51 
TT 200 349.3 -43.5 357.1 -72.5 1.71E-05 002.7 051.6 -25.6 0.072389 0.038807 0.039573 hargrave 2017-07-24 13:11:24 
TT 300 346.9 -47.0 352.8 -76.2 1.69E-05 003.7 047.6 -27.1 0.089823 0.057104 0.041697 hargrave 2017-07-25 10:17:20 
TT 350 346.6 -48.7 352.5 -77.9 1.71E-05 002.5 046.1 -28.1 0.067445 0.035629 0.043694 hargrave 2017-07-31 17:05:19 
TT 400 347.8 -50.1 357.4 -79.2 1.70E-05 002.3 045.6 -29.7 0.054410 0.041494 0.040965 hargrave 2017-08-01 15:12:04 
TT 450 346.1 -54.2 355.5 -83.4 1.70E-05 003.1 041.4 -31.8 0.094556 0.041770 0.035458 hargrave 2017-08-03 14:06:28 
TT 475 343.7 -56.9 343.2 -86.2 1.68E-05 002.1 038.0 -32.8 0.070561 0.035422 0.035005 hargrave 2017-08-04 10:41:55 
TT 500 346.2 -57.3 005.1 -86.4 1.67E-05 003.1 038.8 -34.0 0.061847 0.068220 0.034729 hargrave 2017-08-04 17:38:49 
TT 525 348.0 -58.6 030.2 -87.0 1.66E-05 002.0 038.4 -35.6 0.046879 0.043170 0.036027 hargrave 2017-08-07 16:26:01 
TT 550 350.9 -59.1 053.1 -86.1 1.64E-05 002.8 039.1 -37.1 0.035263 0.077129 0.034533 hargrave 2017-08-08 15:45:35 
TT 555 350.5 -61.8 095.8 -86.6 1.62E-05 002.1 036.3 -38.6 0.048912 0.034215 0.038390 hargrave 2017-08-10 10:01:50 
TT 560 346.9 -64.1 142.2 -86.3 1.62E-05 002.4 032.7 -38.8 0.055901 0.038438 0.038156 hargrave 2017-08-16 15:35:26 
TT 565 348.8 -63.8 129.5 -86.1 1.61E-05 002.3 033.6 -39.3 0.031955 0.057701 0.036318 hargrave 2017-08-17 12:25:51 
TT 570 350.7 -65.2 132.0 -84.5 1.61E-05 002.0 032.8 -40.7 0.041451 0.043544 0.040119 hargrave 2017-08-17 21:41:05 
TT 575 350.1 -66.8 142.3 -83.3 1.61E-05 002.7 030.9 -41.5 0.062466 0.044257 0.041080 hargrave 2017-08-18 17:21:23 
TT 580 350.9 -67.6 142.9 -82.4 1.60E-05 002.0 030.2 -42.2 0.044238 0.034180 0.039632 hargrave 2017-08-21 14:20:24 
TT 600 351.4 -68.7 145.0 -81.4 1.62E-05 002.3 029.2 -42.9 0.033174 0.057248 0.040767 hargrave 2017-08-22 13:23:39 
TT 620 351.4 -70.6 149.6 -79.7 1.62E-05 002.2 027.0 -43.9 0.034861 0.053275 0.038898 hargrave 2017-08-23 12:24:04 
TT 630 354.9 -70.6 143.9 -79.2 1.63E-05 002.4 027.8 -44.9 0.029374 0.062528 0.040713 hargrave 2017-08-24 08:56:17 
TT 640 352.9 -70.6 147.2 -79.4 1.61E-05 002.5 027.2 -44.3 0.034054 0.065925 0.038505 hargrave 2017-08-24 17:05:14 
TT 645 349.1 -71.3 154.6 -79.2 1.61E-05 002.7 025.6 -43.6 0.029511 0.070693 0.038017 hargrave 2017-08-25 15:08:37 
TT 650 349.3 -72.8 156.2 -77.7 1.61E-05 002.4 023.7 -44.5 0.042650 0.060941 0.038455 hargrave 2017-08-29 16:23:52 
TT 655 348.5 -71.7 156.1 -78.8 1.61E-05 003.3 025.0 -43.7 0.033264 0.086104 0.043110 hargrave 2017-09-01 16:28:07 
TT 660 345.1 -73.4 162.1 -77.3 1.58E-05 002.4 022.3 -43.7 0.034761 0.059084 0.037368 hargrave 2017-09-08 18:52:43 
TT 665 348.8 -73.5 157.5 -77.1 1.60E-05 003.1 022.9 -44.7 0.032272 0.081850 0.035690 hargrave 2017-09-12 15:24:22 
TT 670 352.9 -76.0 155.7 -74.3 1.59E-05 002.3 020.4 -46.8 0.033573 0.051652 0.036454 hargrave 2017-09-14 18:55:50 
TT 670 351.8 -76.9 157.4 -73.6 1.58E-05 002.5 019.1 -47.0 0.042767 0.054616 0.035558 hargrave 2017-09-15 09:20:53 
TT 672 349.6 -78.2 159.9 -72.4 1.60E-05 002.6 017.1 -47.1 0.030875 0.060844 0.044000 hargrave 2017-09-15 19:20:31 
TT 674 350.1 -81.6 161.2 -69.0 1.59E-05 002.9 012.4 -48.6 0.039176 0.066884 0.040323 hargrave 2017-09-19 14:56:34 
TT 676 340.1 -83.0 165.0 -67.7 1.63E-05 002.4 009.7 -47.9 0.035107 0.051744 0.039122 hargrave 2017-09-22 17:13:23 
TT 678 275.2 -86.2 171.3 -61.9 1.41E-05 002.2 000.3 -47.2 0.030370 0.040352 0.032415 hargrave 2017-09-24 15:07:32 
TT 680 166.7 -81.7 164.5 -52.4 1.03E-05 001.9 346.8 -52.5 0.023474 0.024702 0.019108 hargrave 2017-09-25 13:51:12 
TT 682 130.4 -83.0 157.1 -54.6 5.82E-06 003.7 352.2 -56.3 0.017532 0.032999 0.023056 hargrave 2017-09-26 19:35:15 
TT 684 096.6 -68.9 133.9 -48.2 2.39E-06 002.6 354.9 -72.0 0.006572 0.008651 0.010643 hargrave 2017-10-01 23:45:03 
TT 686 233.3 -21.6 225.7 -09.3 1.53E-06 009.2 323.6  09.7 0.009833 0.016938 0.016519 hargrave 2017-10-03 10:24:35 
TT 686 233.2 -20.9 226.0 -08.7 1.55E-06 007.5 323.2  10.3 0.006855 0.013487 0.015131 hargrave 2017-10-03 11:42:02 
TT 686 233.8 -21.7 226.1 -09.6 1.55E-06 007.3 324.0  09.7 0.006239 0.013055 0.014867 hargrave 2017-10-03 12:34:42 
TT 688 078.3 -65.4 122.6 -51.0 1.65E-06 003.7 021.2 -73.9 0.006377 0.010507 0.016370 hargrave 2017-10-05 15:11:35 
TT 690 197.6 -29.4 192.9 -04.3 1.97E-06 006.3 300.2 -13.7 0.015152 0.015574 0.006390 hargrave 2017-10-06 17:43:44 
TT 692 048.2  41.6 031.8  24.9 1.21E-06 003.5 148.1  10.3 0.005581 0.005821 0.005959 hargrave 2017-10-08 18:02:07 
