TR014 -Fa mag compass orientation (IGRF corrected)
 1717.4 356.3  29.0 253.8  29.3   1.0
NRM    035.3 -27.4 053.6 -42.2 5.29E-05 001.8 111.1 -42.4 0.131179 0.103064 0.075439 hargrave 2017-07-20 17:56:24 
TT 100 038.1 -30.5 058.6 -43.5 5.30E-05 001.7 111.7 -46.2 0.122931 0.109173 0.071799 hargrave 2017-07-21 17:35:48 
TT 200 039.1 -33.8 062.1 -45.8 5.33E-05 001.8 110.2 -49.4 0.139810 0.118044 0.058208 hargrave 2017-07-24 13:17:20 
TT 300 040.8 -35.1 064.9 -46.1 5.35E-05 001.6 110.8 -51.4 0.106771 0.128969 0.045478 hargrave 2017-07-25 10:23:17 
TT 350 041.2 -36.8 066.9 -47.2 5.35E-05 001.8 109.8 -53.0 0.132271 0.090758 0.061289 hargrave 2017-07-31 17:13:09 
TT 400 043.5 -38.5 070.4 -47.4 5.38E-05 001.7 110.7 -55.3 0.132972 0.091098 0.059590 hargrave 2017-08-01 15:19:36 
TT 450 044.9 -40.2 073.2 -48.0 5.45E-05 002.0 110.4 -57.4 0.137353 0.136878 0.055788 hargrave 2017-08-03 14:12:42 
TT 475 046.2 -40.9 075.1 -48.0 5.45E-05 001.9 111.0 -58.5 0.122603 0.134624 0.051044 hargrave 2017-08-04 10:48:07 
TT 500 048.2 -42.1 078.0 -47.9 5.41E-05 002.2 112.0 -60.4 0.172713 0.123890 0.052934 hargrave 2017-08-04 17:44:52 
TT 525 048.6 -43.8 080.0 -49.0 5.39E-05 001.7 110.3 -61.9 0.104776 0.138120 0.052710 hargrave 2017-08-07 16:33:32 
TT 550 050.8 -45.1 083.1 -48.9 5.35E-05 001.8 111.1 -63.9 0.110790 0.130530 0.049610 hargrave 2017-08-08 15:53:07 
TT 555 051.4 -46.6 085.2 -49.7 5.27E-05 002.0 109.6 -65.3 0.128363 0.126070 0.059880 hargrave 2017-08-10 10:09:22 
TT 560 052.4 -47.0 086.3 -49.4 5.25E-05 002.0 110.2 -66.1 0.128399 0.120295 0.060385 hargrave 2017-08-16 15:42:58 
TT 565 053.1 -47.3 087.2 -49.4 5.24E-05 002.0 110.5 -66.6 0.136906 0.117819 0.062061 hargrave 2017-08-17 12:33:20 
TT 570 053.3 -47.7 087.7 -49.5 5.24E-05 002.0 110.2 -67.0 0.131198 0.117240 0.079692 hargrave 2017-08-17 21:48:32 
TT 575 053.3 -48.4 088.5 -50.0 5.23E-05 002.1 109.0 -67.5 0.148303 0.118684 0.081446 hargrave 2017-08-18 17:28:51 
TT 580 054.2 -48.2 088.9 -49.4 5.22E-05 001.9 110.4 -67.8 0.131458 0.113747 0.085006 hargrave 2017-08-21 14:27:53 
TT 600 053.3 -48.1 088.1 -49.8 5.27E-05 004.0 109.5 -67.3 0.122088 0.375632 0.081469 hargrave 2017-08-22 13:31:13 
TT 620 055.8 -49.7 091.7 -49.7 5.23E-05 002.0 109.8 -69.6 0.135454 0.117722 0.080919 hargrave 2017-08-23 12:31:35 
TT 630 056.2 -50.0 092.3 -49.8 5.23E-05 002.0 109.6 -70.0 0.134867 0.119860 0.078640 hargrave 2017-08-24 09:03:50 
TT 640 056.1 -50.0 092.3 -49.8 5.22E-05 002.0 109.5 -70.0 0.132067 0.132336 0.078378 hargrave 2017-08-24 17:12:46 
TT 645 057.2 -50.3 093.4 -49.5 5.22E-05 002.0 110.3 -70.7 0.123597 0.132171 0.082504 hargrave 2017-08-25 15:16:12 
TT 650 058.0 -50.4 094.0 -49.2 5.22E-05 002.0 111.1 -71.1 0.121855 0.132881 0.080666 hargrave 2017-08-29 16:31:28 
TT 655 057.9 -50.9 094.5 -49.6 5.24E-05 002.1 109.8 -71.4 0.137672 0.131245 0.091809 hargrave 2017-09-01 16:35:36 
TT 660 058.9 -51.0 095.3 -49.2 5.24E-05 002.3 111.0 -71.9 0.159632 0.140538 0.079047 hargrave 2017-09-08 19:00:26 
TT 665 058.9 -52.0 096.4 -49.9 5.25E-05 002.8 108.5 -72.6 0.211087 0.138747 0.070599 hargrave 2017-09-12 15:31:42 
TT 670 060.3 -53.1 098.5 -50.0 5.20E-05 002.4 107.8 -73.9 0.156180 0.155644 0.061719 hargrave 2017-09-14 19:03:35 
TT 672 061.1 -52.5 098.4 -49.3 5.22E-05 003.1 110.3 -73.9 0.248087 0.149721 0.049644 hargrave 2017-09-16 14:14:59 
TT 674 062.7 -53.6 100.5 -49.2 5.16E-05 003.0 109.9 -75.3 0.212500 0.167863 0.045233 hargrave 2017-09-19 15:05:12 
TT 676 064.0 -53.3 101.0 -48.5 5.11E-05 003.0 112.8 -75.7 0.217392 0.154711 0.046505 hargrave 2017-09-22 17:21:16 
TT 678 065.9 -54.3 103.4 -48.4 5.03E-05 002.9 112.5 -77.3 0.191724 0.158078 0.043511 hargrave 2017-09-24 15:15:23 
TT 680 067.5 -54.6 104.6 -47.9 4.79E-05 002.9 114.4 -78.1 0.192292 0.148640 0.034714 hargrave 2017-09-25 13:59:56 
TT 682 069.5 -52.2 103.4 -45.4 3.32E-05 002.8 126.2 -77.3 0.126309 0.097413 0.025898 hargrave 2017-09-26 19:43:10 
TT 684 071.4 -53.8 106.1 -45.7 3.34E-05 002.5 125.7 -79.3 0.117536 0.081269 0.018909 hargrave 2017-10-01 23:52:55 
TT 686 076.1 -54.3 109.4 -44.2 7.08E-06 002.5 136.5 -81.3 0.023413 0.020372 0.006113 hargrave 2017-10-03 10:32:14 
TT 688 031.4 -44.8 065.9 -58.1 4.16E-06 003.0 091.5 -54.5 0.018305 0.011831 0.004850 hargrave 2017-10-05 15:19:25 
TT 690 148.9 -11.0 148.5  17.3 1.74E-06 005.6 250.9 -22.7 0.014194 0.004690 0.009503 hargrave 2017-10-06 17:51:24 
TT 692 151.5 -34.8 153.7 -06.0 1.31E-06 003.8 268.1 -41.7 0.003082 0.003652 0.008637 hargrave 2017-10-08 18:08:15 
