TR014 -Ia mag compass orientation (IGRF corrected)
 1717.6  10.3  36.0 253.8  29.3   1.0
NRM    013.1 -30.3 029.6 -54.0 3.95E-05 002.0 073.0 -25.6 0.129125 0.091056 0.053451 hargrave 2017-07-20 18:00:30 
TT 100 015.0 -33.3 034.5 -56.0 3.98E-05 002.0 072.2 -29.0 0.120245 0.102084 0.053163 hargrave 2017-07-21 17:39:53 
TT 200 014.4 -37.5 037.4 -59.9 3.97E-05 002.5 068.5 -31.7 0.157846 0.116785 0.054989 hargrave 2017-07-24 13:21:24 
TT 300 015.5 -38.4 039.8 -60.3 3.97E-05 002.2 068.5 -33.0 0.135413 0.138806 0.056601 hargrave 2017-07-25 10:27:21 
TT 350 018.3 -39.3 044.5 -59.8 3.90E-05 003.0 069.7 -35.1 0.174731 0.081185 0.066592 hargrave 2017-07-31 17:18:15 
TT 400 019.4 -41.4 048.3 -61.1 3.89E-05 002.5 068.4 -37.2 0.145557 0.079010 0.063399 hargrave 2017-08-01 15:24:43 
TT 450 018.7 -44.4 051.4 -63.8 3.92E-05 002.4 065.2 -38.9 0.144053 0.083985 0.056272 hargrave 2017-08-03 14:17:07 
TT 475 018.4 -46.8 054.7 -65.7 3.87E-05 001.8 062.7 -40.3 0.107985 0.064815 0.044850 hargrave 2017-08-04 10:52:14 
TT 500 020.0 -47.7 058.1 -65.6 3.84E-05 002.2 062.7 -41.7 0.122916 0.083780 0.056660 hargrave 2017-08-04 17:49:01 
TT 525 018.5 -50.6 061.8 -68.4 3.80E-05 001.7 058.7 -42.7 0.069181 0.082383 0.053610 hargrave 2017-08-07 16:38:32 
TT 550 019.9 -51.5 065.2 -68.2 3.79E-05 001.8 058.5 -43.9 0.088113 0.074664 0.045843 hargrave 2017-08-08 15:58:07 
TT 555 019.3 -55.2 073.1 -70.6 3.74E-05 002.2 054.0 -45.8 0.112835 0.059822 0.071263 hargrave 2017-08-10 10:14:24 
TT 560 019.5 -54.9 072.7 -70.4 3.73E-05 001.8 054.4 -45.7 0.083603 0.069334 0.059800 hargrave 2017-08-16 15:47:58 
TT 565 020.9 -54.0 071.8 -69.2 3.73E-05 001.9 056.1 -45.9 0.085722 0.082688 0.056350 hargrave 2017-08-17 12:38:20 
TT 570 018.5 -57.5 079.1 -72.1 3.73E-05 001.9 050.7 -46.7 0.078409 0.073747 0.074461 hargrave 2017-08-17 21:53:31 
TT 575 019.1 -57.4 079.0 -71.8 3.73E-05 001.8 051.2 -46.9 0.086414 0.066849 0.062179 hargrave 2017-08-18 17:33:49 
TT 580 019.9 -57.5 079.8 -71.4 3.74E-05 001.8 051.4 -47.3 0.093146 0.059214 0.064364 hargrave 2017-08-21 14:32:53 
TT 600 019.6 -58.7 083.2 -72.0 3.75E-05 002.1 049.8 -47.8 0.111912 0.071864 0.061897 hargrave 2017-08-22 13:36:12 
TT 620 019.7 -59.9 086.8 -72.4 3.75E-05 001.8 048.3 -48.4 0.086567 0.071397 0.059189 hargrave 2017-08-23 12:36:36 
TT 630 020.1 -60.3 088.4 -72.4 3.77E-05 001.8 047.8 -48.8 0.077065 0.082462 0.062487 hargrave 2017-08-24 09:08:49 
TT 640 018.5 -63.7 099.3 -73.7 3.75E-05 002.9 042.7 -49.7 0.089103 0.153561 0.075378 hargrave 2017-08-24 17:17:52 
TT 645 021.8 -60.0 088.4 -71.4 3.75E-05 002.0 048.9 -49.4 0.079277 0.099182 0.063238 hargrave 2017-08-25 15:21:12 
TT 650 021.7 -61.8 093.9 -72.0 3.76E-05 002.4 046.3 -50.2 0.130045 0.072364 0.063756 hargrave 2017-08-29 16:36:31 
TT 655 022.0 -62.0 094.6 -71.9 3.78E-05 002.2 046.2 -50.4 0.097541 0.087765 0.091500 hargrave 2017-09-01 16:40:35 
TT 660 022.2 -62.6 096.6 -71.9 3.81E-05 002.1 045.4 -50.7 0.068993 0.106012 0.090359 hargrave 2017-09-10 10:27:52 
TT 665 022.7 -62.9 097.6 -71.7 3.78E-05 001.9 045.1 -51.1 0.064709 0.087776 0.080844 hargrave 2017-09-12 15:36:27 
TT 670 022.9 -64.3 102.1 -71.9 3.77E-05 002.2 043.1 -51.7 0.076744 0.112596 0.067388 hargrave 2017-09-14 19:08:33 
TT 672 023.5 -62.4 096.5 -71.3 3.79E-05 003.7 045.9 -51.2 0.141840 0.195923 0.060925 hargrave 2017-09-16 14:20:02 
TT 674 022.4 -65.0 104.3 -72.2 3.77E-05 002.1 041.9 -51.8 0.078816 0.100094 0.062692 hargrave 2017-09-19 15:10:12 
TT 676 026.1 -63.3 099.9 -70.4 3.76E-05 002.1 045.4 -52.6 0.076443 0.094219 0.071313 hargrave 2017-09-22 17:26:25 
TT 678 024.0 -64.9 104.1 -71.5 3.77E-05 002.7 042.5 -52.3 0.097034 0.134880 0.067085 hargrave 2017-09-24 15:20:25 
TT 680 023.7 -66.8 110.3 -71.7 3.72E-05 002.4 039.4 -52.9 0.094104 0.110600 0.064972 hargrave 2017-09-25 14:04:57 
TT 682 025.9 -66.2 108.5 -70.8 3.52E-05 002.6 040.8 -53.5 0.080149 0.131586 0.058187 hargrave 2017-09-26 19:48:09 
TT 684 035.8 -61.1 097.8 -65.4 7.89E-06 003.8 051.5 -56.2 0.035292 0.038492 0.024692 hargrave 2017-10-01 23:57:56 
TT 686 001.6 -70.7 135.4 -77.7 5.88E-06 003.2 028.8 -47.2 0.016441 0.027247 0.019016 hargrave 2017-10-03 10:37:08 
TT 688 017.0 -41.0 044.7 -61.8 4.93E-06 002.6 067.2 -35.6 0.017503 0.012382 0.009286 hargrave 2017-10-05 15:24:23 
TT 690 285.4 -68.3 211.5 -64.8 2.74E-06 007.4 002.2 -32.4 0.007911 0.035374 0.007710 hargrave 2017-10-06 17:56:30 
TT 690 289.7 -67.9 213.2 -66.3 2.77E-06 004.4 004.1 -32.1 0.006615 0.020615 0.007122 hargrave 2017-10-06 20:11:36 
TT 692 006.2 -06.4 010.7 -33.1 1.43E-06 003.1 082.9 -02.7 0.006303 0.002935 0.004466 hargrave 2017-10-08 18:12:18 
