TR014 -Ba mag compass orientation (IGRF corrected)
 1716.9   7.3  30.0 253.8  29.3   1.0
NRM    275.5 -66.8 212.3 -60.8 4.30E-05 002.0 359.1 -36.8 0.053104 0.124818 0.059295 hargrave 2017-07-20 17:51:42 
TT 100 266.2 -67.8 207.7 -57.9 4.58E-05 002.7 354.7 -38.1 0.081396 0.188733 0.081103 hargrave 2017-07-21 17:31:08 
TT 200 263.2 -67.9 206.6 -56.9 4.67E-05 002.3 353.3 -38.3 0.097204 0.138571 0.084285 hargrave 2017-07-24 13:12:41 
TT 300 266.6 -68.3 207.1 -58.2 4.71E-05 002.3 355.0 -38.5 0.084489 0.153546 0.081775 hargrave 2017-07-25 10:18:37 
TT 350 261.6 -67.9 206.1 -56.4 4.79E-05 001.8 352.5 -38.4 0.089034 0.099478 0.076459 hargrave 2017-07-31 17:07:00 
TT 400 261.0 -68.2 205.5 -56.3 4.81E-05 001.8 352.3 -38.7 0.088697 0.103459 0.073485 hargrave 2017-08-01 15:13:40 
TT 450 256.9 -67.8 204.7 -54.9 4.87E-05 003.5 350.3 -38.7 0.133557 0.253565 0.092306 hargrave 2017-08-03 14:07:53 
TT 475 252.3 -67.9 203.0 -53.4 4.86E-05 002.8 348.1 -39.2 0.084681 0.201449 0.087486 hargrave 2017-08-04 10:43:12 
TT 500 252.7 -68.2 202.6 -53.7 4.85E-05 003.2 348.5 -39.5 0.101079 0.243283 0.084526 hargrave 2017-08-04 17:40:06 
TT 525 247.9 -68.1 201.1 -52.2 4.84E-05 001.8 346.2 -39.9 0.080473 0.108556 0.086632 hargrave 2017-08-07 16:27:36 
TT 550 247.1 -68.4 200.4 -52.2 4.82E-05 001.9 345.9 -40.2 0.090629 0.107945 0.082249 hargrave 2017-08-08 15:47:10 
TT 555 245.7 -68.1 200.2 -51.6 4.83E-05 001.9 345.2 -40.2 0.089860 0.113013 0.094094 hargrave 2017-08-10 10:03:26 
TT 560 243.3 -67.8 199.7 -50.7 4.84E-05 002.0 344.0 -40.2 0.104398 0.112915 0.090770 hargrave 2017-08-16 15:37:02 
TT 565 244.5 -67.9 200.1 -51.1 4.86E-05 002.4 344.5 -40.1 0.111899 0.153188 0.089670 hargrave 2017-08-17 12:27:26 
TT 570 240.4 -67.6 198.8 -49.7 4.85E-05 001.9 342.5 -40.4 0.100875 0.109575 0.086821 hargrave 2017-08-17 21:42:40 
TT 575 233.7 -66.5 197.2 -47.1 4.85E-05 001.7 338.8 -40.6 0.086380 0.092316 0.082743 hargrave 2017-08-18 17:22:58 
TT 580 241.1 -67.8 198.8 -50.1 4.83E-05 002.5 343.0 -40.5 0.115568 0.166908 0.085092 hargrave 2017-08-21 14:22:00 
TT 600 241.6 -68.2 198.6 -50.5 4.82E-05 003.0 343.4 -40.8 0.122859 0.207691 0.084839 hargrave 2017-08-22 13:25:14 
TT 620 237.4 -67.6 197.6 -48.9 4.82E-05 001.9 341.2 -40.9 0.098988 0.105818 0.085234 hargrave 2017-08-23 12:25:40 
TT 630 236.2 -67.8 196.9 -48.7 4.82E-05 002.4 340.7 -41.2 0.119539 0.149689 0.088655 hargrave 2017-08-24 08:57:53 
TT 640 235.0 -67.6 196.6 -48.3 4.81E-05 002.0 340.0 -41.3 0.101398 0.109630 0.087583 hargrave 2017-08-24 17:06:50 
TT 645 235.9 -67.8 196.7 -48.7 4.82E-05 002.2 340.6 -41.3 0.111410 0.135501 0.083817 hargrave 2017-08-25 15:10:12 
TT 650 234.8 -67.5 196.7 -48.1 4.82E-05 002.6 339.9 -41.2 0.138473 0.163455 0.084583 hargrave 2017-08-29 16:25:32 
TT 655 237.5 -68.4 196.8 -49.5 4.82E-05 003.8 341.6 -41.6 0.180191 0.245778 0.116786 hargrave 2017-09-01 16:29:42 
TT 660 236.9 -68.1 196.8 -49.1 4.82E-05 002.4 341.2 -41.5 0.117076 0.161006 0.062846 hargrave 2017-09-08 18:54:13 
TT 665 236.4 -68.5 196.2 -49.3 4.82E-05 002.9 341.2 -41.9 0.129423 0.196345 0.087925 hargrave 2017-09-12 15:25:48 
TT 670 235.2 -68.5 195.8 -48.9 4.77E-05 002.1 340.7 -42.0 0.082511 0.135605 0.076349 hargrave 2017-09-14 18:57:22 
TT 672 241.9 -69.8 196.7 -51.6 4.75E-05 003.5 344.3 -42.2 0.103419 0.261450 0.077888 hargrave 2017-09-15 19:22:03 
TT 672 233.8 -68.1 195.6 -48.3 4.77E-05 002.2 339.8 -42.0 0.099537 0.136146 0.073248 hargrave 2017-09-16 16:04:21 
TT 674 233.3 -68.0 195.5 -48.1 4.70E-05 001.9 339.5 -41.9 0.071398 0.118247 0.083813 hargrave 2017-09-19 14:58:05 
TT 676 236.4 -69.1 195.6 -49.7 4.49E-05 002.9 341.5 -42.4 0.091332 0.190437 0.081820 hargrave 2017-09-22 17:14:55 
TT 678 232.5 -68.4 194.8 -48.2 4.03E-05 002.1 339.4 -42.4 0.052989 0.126083 0.070259 hargrave 2017-09-24 15:09:04 
TT 680 228.3 -68.5 193.0 -47.3 2.79E-05 002.0 337.7 -43.3 0.066976 0.060417 0.049462 hargrave 2017-09-25 13:52:44 
TT 682 223.2 -66.4 192.6 -44.4 1.47E-05 003.5 333.9 -42.6 0.042258 0.077364 0.029274 hargrave 2017-09-26 19:36:47 
TT 684 220.2 -65.9 191.7 -43.3 1.62E-05 004.1 332.1 -42.8 0.059112 0.100323 0.021834 hargrave 2017-10-01 23:46:35 
TT 686 120.4 -83.2 155.6 -55.5 2.90E-06 002.4 353.5 -66.1 0.007675 0.005007 0.011923 hargrave 2017-10-03 10:26:05 
TT 688 057.2 -38.5 082.1 -40.7 2.21E-06 003.7 112.4 -56.9 0.010538 0.009572 0.003841 hargrave 2017-10-05 15:13:07 
TT 690 186.4 -28.4 183.5 -01.0 2.29E-06 005.0 284.4 -24.8 0.016748 0.008104 0.008632 hargrave 2017-10-06 17:45:14 
TT 692 103.4 -02.9 101.4  11.4 1.00E-06 005.0 187.2 -32.7 0.002645 0.007157 0.006960 hargrave 2017-10-08 18:03:19 
