TR036 -Ka mag compass orientation (IGRF corrected)
   8.33 291.3  66.0 210.7  87.0   1.0
NRM    009.8  39.6 348.6 -13.9 1.07E-05 002.3 170.2 -25.5 0.018507 0.035401 0.023410 hargrave 2017-10-13 16:14:33 
TT 100 010.6  39.2 349.1 -13.5 9.91E-06 002.9 170.8 -26.0 0.020973 0.044662 0.017694 hargrave 2017-10-15 15:15:55 
TT 200 010.7  37.9 350.4 -13.8 9.43E-06 004.5 170.6 -27.3 0.013224 0.068878 0.028197 hargrave 2017-10-16 10:57:51 
TT 300 008.1  39.6 348.2 -15.2 9.22E-06 003.1 168.8 -25.2 0.021409 0.044954 0.015294 hargrave 2017-10-16 19:47:52 
TT 350 010.1  40.1 348.2 -13.6 8.92E-06 002.2 170.6 -25.1 0.020662 0.028652 0.013645 hargrave 2017-10-17 16:48:46 
TT 400 012.0  38.8 349.9 -12.5 8.77E-06 002.3 171.9 -26.6 0.016692 0.020449 0.023726 hargrave 2017-10-20 13:36:05 
TT 450 012.4  42.1 346.7 -11.4 8.17E-06 002.2 172.8 -23.4 0.014914 0.028058 0.012056 hargrave 2017-10-22 17:10:27 
TT 475 012.7  42.0 346.8 -11.2 7.92E-06 001.5 173.0 -23.5 0.017060 0.017164 0.008907 hargrave 2017-10-23 17:10:39 
TT 500 009.7  41.8 346.4 -13.4 7.63E-06 002.0 170.6 -23.3 0.014622 0.024113 0.009446 hargrave 2017-10-24 15:22:47 
TT 525 009.3  41.6 346.4 -13.8 7.36E-06 002.0 170.2 -23.4 0.012565 0.021339 0.011435 hargrave 2017-10-26 15:36:39 
TT 550 010.4  42.1 346.2 -12.8 6.99E-06 002.8 171.2 -23.1 0.014108 0.032799 0.008776 hargrave 2017-10-27 12:22:23 
TT 555 013.1  42.9 346.0 -10.7 6.80E-06 003.2 173.5 -22.7 0.012104 0.034912 0.012624 hargrave 2017-10-28 14:57:34 
TT 560 009.0  42.3 345.7 -13.8 6.56E-06 002.3 170.2 -22.7 0.015614 0.017971 0.015045 hargrave 2017-10-31 19:42:53 
TT 565 008.5  42.3 345.6 -14.1 6.34E-06 002.3 169.8 -22.7 0.015726 0.019094 0.013458 hargrave 2017-11-03 20:45:19 
TT 570 009.1  41.8 346.2 -13.8 6.20E-06 002.2 170.1 -23.2 0.015843 0.017034 0.013682 hargrave 2017-11-05 20:11:06 
TT 575 009.1  41.8 346.3 -13.9 6.11E-06 002.2 170.1 -23.2 0.015442 0.016408 0.013067 hargrave 2017-11-09 17:08:49 
TT 580 008.7  41.6 346.4 -14.2 6.07E-06 002.5 169.7 -23.4 0.013071 0.015376 0.019320 hargrave 2017-11-14 12:42:12 
TT 600 008.3  41.4 346.5 -14.5 5.54E-06 002.4 169.4 -23.5 0.013107 0.016338 0.014272 hargrave 2017-11-14 21:41:48 
TT 620 004.9  39.9 347.1 -17.4 5.02E-06 004.3 166.3 -24.3 0.015373 0.034016 0.011045 hargrave 2017-11-17 20:57:47 
TT 630 012.2  42.5 346.2 -11.4 4.26E-06 002.1 172.7 -22.9 0.012577 0.011776 0.009618 hargrave 2017-11-19 20:31:01 
TT 640 018.7  36.0 353.7 -07.9 3.89E-06 003.3 177.5 -29.9 0.017395 0.013238 0.016532 hargrave 2017-11-21 19:35:16 
TT 645 013.9  46.3 342.8 -09.3 4.11E-06 003.9 174.6 -19.4 0.019510 0.011654 0.023997 hargrave 2017-11-27 19:15:46 
TT 650 023.1  30.0 000.2 -05.0 2.99E-06 006.4 182.0 -36.0 0.017865 0.020844 0.029921 hargrave 2017-11-28 17:38:05 
TT 655 010.0  47.1 341.3 -11.6 3.15E-06 007.9 171.9 -18.2 0.020469 0.014123 0.040686 hargrave 2017-12-11 14:39:44 
TT 660 015.2  40.3 348.9 -09.7 3.83E-06 006.5 174.9 -25.5 0.026105 0.017312 0.039441 hargrave 2017-12-12 14:19:13 
TT 665 040.9  64.8 325.7  07.1 3.46E-06 008.2 188.2  00.1 0.024807 0.026364 0.041784 hargrave 2018-01-08 13:52:15 
TT 665 039.5  68.2 322.3  06.1 3.41E-06 013.0 186.7  03.2 0.025959 0.027653 0.072794 hargrave 2018-01-08 14:17:20 
TT 665 038.2  67.6 323.0  05.6 3.39E-06 013.7 186.4  02.5 0.026828 0.039632 0.071959 hargrave 2018-01-08 14:39:06 
TT 670 016.1  46.4 343.1 -07.8 4.55E-06 006.8 176.2 -19.5 0.033198 0.031293 0.043004 hargrave 2018-01-10 17:00:59 
TT 672 337.5  39.2 335.7 -35.9 2.33E-06 015.6 146.3 -14.7 0.031451 0.036616 0.051896 hargrave 2018-01-11 16:03:14 
TT 672 334.8  41.1 332.2 -36.1 2.25E-06 020.8 146.0 -11.9 0.033219 0.030652 0.077879 hargrave 2018-01-11 16:42:59 
TT 672 335.7  40.5 333.3 -36.0 2.27E-06 020.2 146.1 -12.8 0.033333 0.031679 0.074994 hargrave 2018-01-11 17:23:43 
TT 674 018.0  35.4 354.2 -08.5 2.24E-06 014.3 176.9 -30.5 0.032078 0.032449 0.051285 hargrave 2018-01-12 17:11:50 
TT 674 031.0  40.6 350.1  02.2 1.17E-06 042.6 188.1 -24.7 0.034541 0.031006 0.098448 hargrave 2018-01-16 12:24:11 
TT 674 026.0  40.6 349.9 -01.6 1.22E-06 043.0 183.9 -25.3 0.034220 0.030273 0.105086 hargrave 2018-01-16 13:23:47 
TT 676 026.3  61.6 329.0  00.6 2.30E-06 019.2 182.4 -04.3 0.036811 0.030864 0.070984 hargrave 2018-01-17 11:33:04 
TT 676 021.5  62.2 328.1 -01.6 2.09E-06 023.8 180.1 -03.8 0.033806 0.039409 0.081265 hargrave 2018-01-17 12:38:22 
TT 676 020.4  62.5 327.7 -02.1 2.13E-06 023.5 179.6 -03.5 0.034675 0.037036 0.082713 hargrave 2018-01-17 13:35:23 
TT 678 027.9  46.3 344.3  00.3 3.49E-06 012.8 184.8 -19.4 0.035315 0.048739 0.065199 hargrave 2018-01-22 14:17:10 
TT 678 023.8  47.8 342.6 -02.4 3.36E-06 015.6 181.8 -18.1 0.038281 0.051584 0.084546 hargrave 2018-01-22 15:49:58 
TT 678 025.4  47.3 343.1 -01.4 3.36E-06 015.5 182.9 -18.6 0.036477 0.045453 0.085792 hargrave 2018-01-22 18:30:45 
TT 680 303.7  46.7 303.4 -40.2 1.49E-06 036.6 137.3  09.3 0.032890 0.039144 0.102036 hargrave 2018-01-25 11:01:34 
TT 680 320.1  57.0 312.5 -28.0 1.37E-06 036.3 151.3  05.8 0.031319 0.034811 0.090221 hargrave 2018-01-26 12:18:07 
TT 680 307.0  56.1 304.8 -30.7 1.28E-06 039.8 146.8  11.5 0.033494 0.038490 0.095099 hargrave 2018-01-26 14:50:20 
TT 682 003.0  41.0 345.4 -18.4 1.95E-06 021.1 165.1 -22.8 0.043552 0.027005 0.077035 hargrave 2018-01-31 10:01:17 
TT 682 355.0  40.7 343.0 -24.0 2.12E-06 026.6 158.9 -20.8 0.035196 0.055551 0.089449 hargrave 2018-01-31 11:49:43 
TT 682 353.8  41.5 341.8 -24.5 1.94E-06 027.9 158.5 -19.7 0.034926 0.054463 0.085051 hargrave 2018-01-31 13:26:43 
TT 684 268.6  20.3 248.6 -50.9 6.87E-07 056.6 101.1  28.1 0.027378 0.022541 0.087807 hargrave 2018-02-05 11:12:56 
TT 684 269.5  05.8 226.5 -57.6 8.41E-07 052.1 086.4  22.2 0.032262 0.037730 0.087648 hargrave 2018-02-05 14:22:09 
TT 684 270.6  08.0 230.9 -58.0 8.07E-07 054.8 089.0  22.1 0.032219 0.040397 0.090320 hargrave 2018-02-05 16:47:45 
TT 686 241.3  11.9 226.2 -29.1 1.42E-06 020.2 079.6  50.3 0.025399 0.048085 0.084246 hargrave 2018-02-07 13:14:17 
TT 686 237.7  05.8 218.7 -26.5 1.32E-06 024.3 068.4  50.5 0.027779 0.040741 0.085782 hargrave 2018-02-07 15:56:35 
TT 686 223.6 -14.2 196.8 -13.3 1.38E-06 026.1 032.1  46.0 0.027933 0.039336 0.083532 hargrave 2018-02-08 12:19:48 
TT 688 224.1 -29.4 181.2 -13.1 2.04E-06 014.7 023.5  32.3 0.022471 0.034500 0.055256 hargrave 2018-02-14 13:50:22 
TT 688 227.0 -27.1 183.4 -15.8 2.06E-06 013.4 027.4  33.2 0.023329 0.031978 0.054345 hargrave 2018-02-14 17:33:38 
