TR036 -Aa mag compass orientation (IGRF corrected)
   6.69 316.3  90.0 210.7  87.0   1.0
NRM    048.0  69.2 320.8  08.9 8.36E-06 006.4 180.7 -20.8 0.040169 0.091400 0.021555 hargrave 2017-10-13 15:59:21 
TT 100 041.5  67.5 322.9  06.9 8.21E-06 005.9 178.0 -22.4 0.035021 0.081724 0.022232 hargrave 2017-10-15 14:58:59 
TT 200 048.6  68.7 321.2  09.2 7.93E-06 003.7 180.9 -21.3 0.041042 0.046692 0.021101 hargrave 2017-10-16 10:45:23 
TT 300 050.7  70.4 319.4  09.4 7.96E-06 004.6 181.6 -19.6 0.036236 0.059941 0.022171 hargrave 2017-10-16 19:31:56 
TT 350 053.0  70.5 319.0  10.1 7.79E-06 004.6 182.4 -19.4 0.036748 0.058616 0.022708 hargrave 2017-10-17 16:34:25 
TT 400 077.6  70.3 314.7  17.2 7.58E-06 005.4 190.6 -16.8 0.039889 0.067389 0.015146 hargrave 2017-10-20 13:20:59 
TT 450 074.7  72.5 313.6  15.0 7.13E-06 006.2 188.5 -15.3 0.039851 0.064907 0.038319 hargrave 2017-10-22 16:55:13 
TT 475 079.6  73.6 311.8  15.3 6.97E-06 005.1 189.2 -13.7 0.038226 0.059625 0.010169 hargrave 2017-10-23 16:55:31 
TT 500 086.8  73.5 310.2  16.6 6.82E-06 005.5 190.9 -12.4 0.039713 0.062288 0.012437 hargrave 2017-10-24 15:07:12 
TT 525 089.4  73.6 309.5  17.0 6.67E-06 005.2 191.4 -11.9 0.041800 0.057266 0.010644 hargrave 2017-10-26 15:21:22 
TT 550 098.0  73.3 307.4  18.4 6.40E-06 005.5 193.3 -10.3 0.038872 0.058402 0.010063 hargrave 2017-10-27 12:07:59 
TT 555 094.4  73.7 308.2  17.6 6.24E-06 005.5 192.3 -10.8 0.041919 0.058399 0.010752 hargrave 2017-10-28 14:42:21 
TT 560 097.7  73.7 307.3  18.0 6.03E-06 005.7 192.9 -10.1 0.039565 0.057425 0.015171 hargrave 2017-10-31 19:27:39 
TT 565 097.8  74.5 306.9  17.2 5.93E-06 006.0 192.2 -09.5 0.037378 0.057488 0.019225 hargrave 2017-11-03 20:30:08 
TT 570 103.7  73.2 305.8  19.1 5.82E-06 006.0 194.3 -09.0 0.037684 0.056911 0.018935 hargrave 2017-11-05 19:55:51 
TT 575 100.7  73.7 306.5  18.2 5.81E-06 005.9 193.3 -09.4 0.037778 0.056431 0.016595 hargrave 2017-11-09 16:53:34 
TT 580 103.2  73.1 306.0  19.1 5.75E-06 006.1 194.3 -09.1 0.043024 0.057332 0.018266 hargrave 2017-11-14 12:26:52 
TT 600 113.1  74.7 302.8  18.2 5.38E-06 006.5 194.1 -06.0 0.040896 0.057705 0.016059 hargrave 2017-11-14 21:27:25 
TT 620 126.0  75.2 299.3  17.7 5.14E-06 006.9 194.6 -02.6 0.038493 0.059216 0.010038 hargrave 2017-11-17 20:42:37 
TT 630 130.9  72.8 297.5  19.9 4.86E-06 006.7 197.1 -01.6 0.040154 0.052408 0.016963 hargrave 2017-11-19 20:15:44 
TT 640 120.2  71.5 300.9  21.5 5.91E-06 008.6 197.8 -05.0 0.040332 0.080441 0.035186 hargrave 2017-11-21 19:19:58 
TT 640 128.2  66.4 297.3  26.4 5.02E-06 005.9 203.4 -03.2 0.021459 0.028400 0.043389 hargrave 2017-11-27 09:47:28 
TT 645 112.8  85.7 301.3  07.3 5.88E-06 008.9 184.0 -01.7 0.034733 0.076755 0.050134 hargrave 2017-11-27 19:00:29 
TT 645 133.6  81.9 298.9  10.8 5.23E-06 007.7 188.0 -00.4 0.030466 0.016527 0.068839 hargrave 2017-11-28 08:41:43 
TT 650 126.4  38.7 293.2  53.9 6.35E-06 008.1 230.9 -07.7 0.049316 0.064177 0.065612 hargrave 2017-11-28 17:22:42 
TT 650 129.0  36.4 288.7  55.7 6.06E-06 009.1 233.4 -05.8 0.031648 0.019840 0.093654 hargrave 2017-11-28 18:28:24 
TT 650 128.4  38.8 290.6  53.5 6.05E-06 009.5 230.9 -06.2 0.033644 0.015972 0.098220 hargrave 2017-11-28 18:36:41 
TT 655 016.3  79.4 310.9  00.3 4.50E-06 014.2 174.7 -09.1 0.039210 0.042772 0.103513 hargrave 2017-12-11 14:23:16 
TT 655 008.7  80.4 309.6 -00.6 4.20E-06 016.2 174.1 -07.6 0.030881 0.020337 0.121337 hargrave 2017-12-11 14:59:35 
TT 655 013.5  79.6 310.6 -00.1 4.21E-06 016.2 174.3 -08.7 0.032930 0.021925 0.121511 hargrave 2017-12-11 15:21:50 
TT 660 124.5  65.3 298.9  27.6 7.24E-06 010.4 204.2 -04.9 0.051587 0.081224 0.099741 hargrave 2017-12-12 14:04:18 
TT 660 132.0  63.1 294.8  29.4 7.11E-06 011.4 206.9 -01.9 0.042399 0.029479 0.139144 hargrave 2017-12-12 15:06:29 
TT 660 132.9  60.1 293.6  32.2 6.90E-06 011.1 209.9 -01.7 0.044456 0.023358 0.131555 hargrave 2017-12-12 15:39:44 
TT 665 096.8  83.2 303.5  09.2 8.67E-06 006.7 185.2 -04.3 0.041829 0.041553 0.092413 hargrave 2018-01-08 13:37:06 
TT 670 147.5  52.3 280.8  36.0 9.76E-06 005.3 217.2  06.8 0.051135 0.057919 0.066382 hargrave 2018-01-10 16:44:17 
TT 672 002.3  82.2 307.6 -00.7 7.92E-06 006.5 174.6 -05.6 0.043816 0.068349 0.061418 hargrave 2018-01-11 15:48:10 
TT 674 156.0  22.5 243.4  50.6 5.93E-06 007.7 246.2  18.2 0.051596 0.047820 0.059428 hargrave 2018-01-12 16:55:05 
TT 676 109.8  65.5 305.7  27.0 8.17E-06 008.4 202.2 -10.6 0.061308 0.067243 0.095201 hargrave 2018-01-17 11:16:09 
TT 676 115.3  59.7 304.0  33.1 7.70E-06 012.6 208.6 -10.4 0.063916 0.054263 0.164610 hargrave 2018-01-17 12:27:36 
TT 676 116.0  60.7 303.4  32.2 7.76E-06 012.8 207.8 -09.8 0.061713 0.044321 0.174354 hargrave 2018-01-17 13:25:16 
TT 678 140.8  25.7 262.1  60.2 8.25E-06 009.8 244.2  04.1 0.070320 0.051212 0.121543 hargrave 2018-01-22 14:01:46 
TT 678 144.4  26.4 258.9  57.4 8.25E-06 012.5 243.3  07.2 0.071626 0.056267 0.163564 hargrave 2018-01-22 15:40:25 
TT 678 143.5  29.1 263.3  56.0 8.09E-06 012.8 240.7  06.3 0.070045 0.047073 0.169708 hargrave 2018-01-22 18:21:26 
TT 680 312.3 -84.0 119.5 -08.9 8.59E-06 012.3 006.0  00.4 0.049925 0.034973 0.181984 hargrave 2018-01-25 10:42:56 
TT 680 129.0 -73.6 123.1  13.2 8.72E-06 017.7 343.7 -02.1 0.074715 0.219507 0.160058 hargrave 2018-01-26 11:59:39 
TT 680 213.6 -88.5 122.2 -03.1 8.93E-06 011.0 359.7  01.5 0.043633 0.047992 0.165566 hargrave 2018-01-26 14:35:15 
TT 682 137.1  50.4 286.9  40.6 5.65E-06 018.0 219.6  00.5 0.071199 0.049692 0.168840 hargrave 2018-01-31 09:42:12 
TT 682 144.8  60.4 287.3  29.7 5.17E-06 024.2 209.3  04.2 0.076857 0.114782 0.192808 hargrave 2018-01-31 11:33:20 
TT 682 146.8  54.2 282.5  34.6 5.21E-06 021.2 215.4  06.1 0.069590 0.085534 0.176420 hargrave 2018-01-31 13:12:26 
TT 684 350.0  53.3 329.6 -20.3 6.05E-06 020.9 148.2 -19.4 0.103609 0.066468 0.203555 hargrave 2018-02-05 10:52:49 
TT 684 353.9  46.8 336.8 -21.8 5.75E-06 018.9 143.4 -24.6 0.078148 0.093863 0.169246 hargrave 2018-02-05 14:06:35 
TT 684 351.9  45.9 336.9 -23.5 5.75E-06 020.9 141.8 -23.9 0.081857 0.102657 0.189870 hargrave 2018-02-05 16:29:26 
TT 686 288.8 -74.9 123.9 -17.7 8.69E-06 013.8 013.4  06.9 0.046531 0.084167 0.194958 hargrave 2018-02-07 12:52:35 
TT 686 290.9 -77.6 122.9 -15.2 8.55E-06 014.7 011.2  05.3 0.045434 0.055484 0.216185 hargrave 2018-02-07 15:34:43 
TT 686 267.6 -83.6 124.2 -08.4 9.41E-06 013.3 004.3  04.8 0.049281 0.059441 0.214512 hargrave 2018-02-08 11:56:34 
TT 688 161.0 -85.6 123.5  00.3 8.26E-06 009.6 356.0  01.8 0.047343 0.074132 0.117440 hargrave 2018-02-14 13:27:49 
TT 688 170.0 -86.9 123.0 -01.0 8.30E-06 010.7 357.4  01.7 0.047510 0.048990 0.146489 hargrave 2018-02-14 17:10:09 
