TR036 -Ba mag compass orientation (IGRF corrected)
   7.35 303.3  41.0 210.7  87.0   1.0
NRM    358.9  50.4 335.3 -17.2 9.56E-06 002.9 158.3  13.6 0.020437 0.035454 0.029090 hargrave 2017-10-13 16:00:52 
TT 100 357.6  49.7 335.5 -18.2 8.63E-06 003.8 157.2  13.4 0.025342 0.051072 0.015302 hargrave 2017-10-15 15:00:31 
TT 200 356.4  49.9 334.9 -18.8 8.19E-06 003.2 156.5  13.9 0.028110 0.036706 0.013722 hargrave 2017-10-16 10:46:36 
TT 300 355.7  50.2 334.4 -19.0 8.06E-06 002.1 156.3  14.3 0.016959 0.026069 0.013312 hargrave 2017-10-16 19:33:21 
TT 350 358.3  52.1 333.4 -16.7 7.82E-06 003.4 158.6  15.4 0.021381 0.041731 0.013084 hargrave 2017-10-17 16:35:50 
TT 400 356.6  51.5 333.5 -17.9 7.51E-06 002.5 157.4  15.3 0.013070 0.016258 0.029109 hargrave 2017-10-20 13:22:25 
TT 450 355.1  55.1 329.8 -16.8 7.07E-06 003.7 158.1  18.9 0.013092 0.018242 0.043412 hargrave 2017-10-22 16:56:44 
TT 475 351.9  55.0 328.8 -18.5 6.85E-06 002.6 156.2  19.6 0.015663 0.029366 0.007964 hargrave 2017-10-23 16:57:02 
TT 500 351.8  55.9 328.0 -18.0 6.65E-06 002.0 156.6  20.4 0.012719 0.021672 0.008556 hargrave 2017-10-24 15:08:45 
TT 525 351.2  56.3 327.5 -18.0 6.53E-06 001.6 156.5  20.9 0.010715 0.014329 0.008683 hargrave 2017-10-26 15:22:48 
TT 550 352.9  57.8 326.8 -16.4 6.34E-06 001.9 158.2  21.8 0.011103 0.018752 0.007734 hargrave 2017-10-27 12:09:25 
TT 555 354.0  58.8 326.2 -15.3 6.28E-06 002.5 159.2  22.5 0.013250 0.023989 0.009689 hargrave 2017-10-28 14:43:52 
TT 560 352.5  58.8 325.8 -16.0 6.01E-06 002.2 158.5  22.8 0.012853 0.015630 0.014637 hargrave 2017-10-31 19:29:10 
TT 565 352.1  58.9 325.6 -16.1 5.91E-06 003.4 158.3  23.0 0.012057 0.032794 0.012483 hargrave 2017-11-03 20:31:39 
TT 570 352.9  58.7 325.9 -15.8 5.81E-06 001.8 158.6  22.7 0.013926 0.011718 0.013413 hargrave 2017-11-05 19:57:22 
TT 575 352.9  59.3 325.4 -15.5 5.80E-06 002.3 158.9  23.2 0.012137 0.020326 0.012670 hargrave 2017-11-09 16:55:05 
TT 580 355.1  60.8 324.8 -13.8 5.69E-06 002.6 160.7  24.0 0.010894 0.013753 0.020812 hargrave 2017-11-14 12:28:23 
TT 600 347.5  60.4 322.8 -17.0 5.34E-06 003.9 156.9  25.5 0.014660 0.031205 0.017987 hargrave 2017-11-14 21:28:49 
TT 620 345.0  59.6 322.5 -18.4 4.78E-06 002.7 155.3  25.5 0.012381 0.018665 0.014081 hargrave 2017-11-17 20:44:07 
TT 630 337.3  57.1 321.3 -23.0 4.53E-06 003.1 150.0  25.8 0.018795 0.012256 0.021748 hargrave 2017-11-19 20:17:15 
TT 640 004.8  74.0 315.1 -04.0 3.82E-06 003.7 170.8  34.5 0.028402 0.013315 0.039254 hargrave 2017-11-21 19:21:29 
TT 645 347.8  68.7 316.4 -11.4 4.71E-06 005.3 162.1  32.4 0.031889 0.015834 0.055087 hargrave 2017-11-27 19:01:59 
TT 650 113.0  82.6 301.7  10.4 3.03E-06 007.2 190.8  47.2 0.038560 0.023268 0.063227 hargrave 2017-11-28 17:24:15 
TT 655 252.8  32.0 252.3 -32.7 2.88E-06 015.4 074.8  56.0 0.033161 0.023413 0.102095 hargrave 2017-12-11 14:26:21 
TT 655 249.1  26.2 244.5 -32.3 3.27E-06 013.8 063.7  54.1 0.030156 0.018883 0.118174 hargrave 2017-12-11 15:01:05 
TT 655 251.7  28.5 248.1 -33.4 3.06E-06 015.0 069.3  54.3 0.035386 0.019852 0.126639 hargrave 2017-12-11 15:24:54 
TT 660 044.4  45.2 345.0  11.7 5.10E-06 012.3 187.8  04.7 0.048167 0.081044 0.078529 hargrave 2017-12-12 14:05:48 
TT 660 054.9  48.9 339.7  18.0 4.82E-06 014.0 194.2  09.7 0.043586 0.021853 0.118227 hargrave 2017-12-12 15:07:59 
TT 660 051.8  50.0 339.2  15.7 4.77E-06 015.1 192.0  10.3 0.045215 0.030733 0.124781 hargrave 2017-12-12 15:41:14 
TT 665 006.6  51.0 336.8 -12.5 8.60E-06 006.5 163.2  12.6 0.049143 0.068058 0.078419 hargrave 2018-01-08 13:38:37 
TT 670 055.7  44.3 344.3  19.8 8.41E-06 006.7 195.9  05.3 0.061846 0.059187 0.076774 hargrave 2018-01-10 16:45:49 
TT 672 034.9  47.2 343.5  05.1 9.10E-06 008.0 181.1  06.3 0.066277 0.105872 0.075015 hargrave 2018-01-11 15:49:41 
TT 672 035.7  49.2 341.5  05.5 9.02E-06 010.5 181.6  08.3 0.062058 0.065365 0.152930 hargrave 2018-01-11 16:36:39 
TT 672 034.9  48.4 342.3  05.0 8.98E-06 010.6 181.1  07.4 0.062009 0.085002 0.144635 hargrave 2018-01-11 17:17:24 
TT 674 165.7  12.4 225.2  44.5 4.97E-06 015.6 296.3  36.5 0.073933 0.047599 0.113574 hargrave 2018-01-12 16:56:36 
TT 674 177.8  01.5 210.6  32.9 6.91E-06 013.6 315.8  33.7 0.056997 0.040384 0.167015 hargrave 2018-01-16 12:09:43 
TT 674 177.0  03.1 212.4  33.8 6.71E-06 015.0 314.0  34.7 0.059519 0.041920 0.184185 hargrave 2018-01-16 13:09:17 
TT 676 115.1  22.0 316.1  70.2 4.21E-06 022.8 249.4  11.3 0.110471 0.053479 0.133837 hargrave 2018-01-17 11:17:40 
TT 676 122.9  20.9 294.0  72.0 4.00E-06 027.3 255.7  15.4 0.072198 0.059570 0.185202 hargrave 2018-01-17 12:29:07 
TT 676 119.9  20.5 303.3  72.5 4.00E-06 028.9 253.8  13.2 0.062708 0.057870 0.204674 hargrave 2018-01-17 13:27:36 
TT 678 077.3  30.6 351.9  40.6 6.13E-06 013.8 216.7 -01.2 0.077511 0.086925 0.112133 hargrave 2018-01-22 14:03:17 
TT 678 076.9  32.7 349.7  39.4 5.90E-06 018.4 215.5  00.4 0.071591 0.100815 0.165417 hargrave 2018-01-22 15:42:01 
TT 678 032.0  42.5 348.2  03.0 4.57E-06 045.6 179.0  01.5 0.066334 0.443309 0.132136 hargrave 2018-01-22 18:22:57 
TT 680 350.0  37.3 344.3 -29.1 6.38E-06 017.9 146.9  04.5 0.070459 0.125854 0.173131 hargrave 2018-01-25 10:44:28 
TT 680 007.8  36.8 351.0 -16.3 6.48E-06 013.9 159.8 -01.3 0.075840 0.085398 0.135300 hargrave 2018-01-26 12:01:14 
TT 680 005.1  40.2 346.8 -17.2 6.17E-06 016.3 158.8  02.7 0.072543 0.102834 0.148400 hargrave 2018-01-26 14:36:46 
TT 682 084.9  20.2 001.6  51.1 2.36E-06 045.8 227.8 -07.0 0.151968 0.042129 0.185448 hargrave 2018-01-31 09:45:20 
TT 682 111.5  16.7 333.5  73.6 1.50E-06 060.6 250.2  05.1 0.064807 0.096417 0.239045 hargrave 2018-01-31 11:36:28 
TT 682 107.3  18.5 340.0  69.7 1.72E-06 056.5 246.0  03.9 0.065966 0.093775 0.230709 hargrave 2018-01-31 13:15:39 
TT 684 331.5  28.9 341.4 -46.5 4.73E-06 024.3 129.2  05.3 0.101129 0.063363 0.198593 hargrave 2018-02-05 10:55:58 
TT 684 324.5  21.3 343.5 -56.4 4.54E-06 025.7 119.5  03.0 0.084432 0.103764 0.184842 hargrave 2018-02-05 14:09:43 
TT 684 324.8  22.2 342.6 -55.5 4.61E-06 026.7 120.3  03.6 0.085549 0.112562 0.197191 hargrave 2018-02-05 16:32:39 
TT 686 254.4 -13.3 195.2 -43.1 6.14E-06 019.0 042.2  17.9 0.064822 0.119285 0.194392 hargrave 2018-02-07 12:54:03 
TT 686 248.1 -19.0 189.2 -36.2 6.13E-06 019.3 034.0  15.3 0.059222 0.109254 0.196993 hargrave 2018-02-07 15:36:07 
TT 686 235.9 -27.5 181.9 -23.7 7.07E-06 015.7 020.3  10.9 0.060154 0.070113 0.193059 hargrave 2018-02-08 11:57:58 
TT 688 306.4  19.9 314.3 -66.4 2.76E-06 033.6 105.6  12.9 0.060466 0.092920 0.163969 hargrave 2018-02-14 13:31:01 
TT 688 301.9  16.7 304.1 -70.3 2.94E-06 033.7 100.1  13.4 0.061672 0.081349 0.181050 hargrave 2018-02-14 17:13:18 
