TR036 -Da mag compass orientation (IGRF corrected)
   7.54 305.3  54.0 210.7  87.0   1.0
NRM    006.7  22.5 005.2 -20.8 1.62E-05 002.4 150.6 -25.6 0.050279 0.044407 0.034609 hargrave 2017-10-13 16:03:46 
TT 100 008.7  22.1 006.1 -19.1 1.56E-05 002.6 152.3 -26.7 0.053439 0.048455 0.024911 hargrave 2017-10-15 15:03:28 
TT 200 005.7  19.6 008.1 -22.3 1.49E-05 001.8 148.3 -27.8 0.028705 0.038258 0.022834 hargrave 2017-10-16 10:48:55 
TT 300 008.9  21.2 007.0 -19.1 1.47E-05 002.8 152.1 -27.6 0.056891 0.050848 0.021740 hargrave 2017-10-16 19:36:06 
TT 350 007.9  19.5 008.6 -20.3 1.44E-05 002.6 150.4 -28.7 0.050723 0.047621 0.025336 hargrave 2017-10-17 16:38:35 
TT 400 009.4  20.5 007.9 -18.7 1.38E-05 003.1 152.3 -28.5 0.049917 0.056543 0.027003 hargrave 2017-10-20 13:25:08 
TT 450 009.1  19.7 008.6 -19.2 1.30E-05 005.9 151.6 -29.0 0.076678 0.112757 0.021063 hargrave 2017-10-22 16:59:39 
TT 475 009.8  19.3 009.2 -18.6 1.28E-05 003.8 152.2 -29.7 0.060600 0.063963 0.015024 hargrave 2017-10-23 16:59:55 
TT 500 009.6  19.3 009.1 -18.8 1.25E-05 003.7 151.9 -29.6 0.057503 0.061465 0.016561 hargrave 2017-10-24 15:11:44 
TT 525 009.1  18.8 009.6 -19.3 1.20E-05 002.6 151.2 -29.8 0.042882 0.035739 0.027568 hargrave 2017-10-26 15:25:33 
TT 550 011.2  19.4 009.4 -17.3 1.16E-05 005.0 153.6 -30.1 0.061956 0.079761 0.034111 hargrave 2017-10-27 12:12:10 
TT 555 011.1  19.2 009.5 -17.4 1.14E-05 004.4 153.4 -30.2 0.052885 0.073712 0.026930 hargrave 2017-10-28 14:46:47 
TT 560 008.9  17.7 010.7 -19.7 1.09E-05 003.9 150.5 -30.8 0.053370 0.051133 0.024421 hargrave 2017-10-31 19:32:06 
TT 565 008.8  17.7 010.7 -19.8 1.07E-05 005.1 150.4 -30.7 0.050776 0.080839 0.027036 hargrave 2017-11-03 20:34:34 
TT 570 010.6  18.4 010.3 -18.0 1.06E-05 003.5 152.5 -30.8 0.048449 0.034224 0.035911 hargrave 2017-11-05 20:00:16 
TT 575 009.2  18.2 010.2 -19.3 1.05E-05 005.6 151.0 -30.4 0.071304 0.073156 0.028250 hargrave 2017-11-09 16:58:01 
TT 580 009.7  18.4 010.1 -18.8 1.03E-05 003.2 151.6 -30.5 0.045899 0.037250 0.023604 hargrave 2017-11-14 12:31:23 
TT 600 007.2  17.2 010.9 -21.4 9.70E-06 003.7 148.6 -30.5 0.048886 0.040473 0.022424 hargrave 2017-11-14 21:31:33 
TT 620 007.3  14.1 014.2 -21.8 8.81E-06 003.0 147.0 -33.3 0.039033 0.030046 0.012158 hargrave 2017-11-17 20:47:02 
TT 630 005.9  15.9 012.0 -22.9 8.08E-06 004.5 146.6 -31.1 0.051390 0.043713 0.011547 hargrave 2017-11-19 20:20:15 
TT 640 006.6  14.2 014.0 -22.5 7.80E-06 004.9 146.3 -32.9 0.051719 0.046772 0.015304 hargrave 2017-11-21 19:24:26 
TT 645 007.0  15.0 013.2 -22.0 7.66E-06 002.1 147.2 -32.4 0.034651 0.016547 0.023399 hargrave 2017-11-27 19:04:53 
TT 650 012.0  11.7 017.4 -17.7 6.93E-06 002.5 150.8 -37.5 0.030296 0.017476 0.027056 hargrave 2017-11-28 17:27:12 
TT 655 358.7  03.3 025.0 -31.7 6.13E-06 003.6 131.0 -38.0 0.023543 0.017520 0.042612 hargrave 2017-12-11 14:29:14 
TT 660 016.2  13.8 015.8 -13.4 7.14E-06 003.4 156.5 -37.0 0.034325 0.024083 0.035616 hargrave 2017-12-12 14:08:41 
TT 665 007.3  19.4 008.6 -20.9 6.92E-06 004.2 149.7 -28.5 0.033857 0.035880 0.036563 hargrave 2018-01-08 13:41:33 
TT 670 028.7  19.3 011.3 -00.9 5.85E-06 004.9 172.4 -34.3 0.034810 0.040280 0.031490 hargrave 2018-01-10 16:48:44 
TT 672 015.9  14.8 014.7 -13.5 7.60E-06 004.5 156.6 -35.9 0.043583 0.044019 0.030980 hargrave 2018-01-11 15:52:36 
TT 674 018.1  02.1 027.9 -12.4 3.99E-06 006.4 153.5 -48.7 0.031849 0.032522 0.030132 hargrave 2018-01-12 16:59:32 
TT 676 019.0 -04.6 034.8 -11.9 3.92E-06 007.4 150.7 -55.2 0.030715 0.034534 0.040210 hargrave 2018-01-17 11:20:39 
TT 678 034.2  21.8 009.0  04.3 4.69E-06 006.8 178.8 -32.1 0.035296 0.045029 0.039236 hargrave 2018-01-22 14:06:17 
TT 680 332.8 -13.6 051.0 -56.6 3.13E-06 013.6 094.9 -30.1 0.035456 0.033751 0.060594 hargrave 2018-01-25 10:47:25 
TT 680 343.0 -11.9 045.0 -47.2 2.92E-06 013.7 103.5 -37.3 0.044895 0.034760 0.048831 hargrave 2018-01-26 12:05:23 
TT 680 340.7 -11.7 045.3 -49.4 2.96E-06 014.1 102.0 -35.4 0.031572 0.035020 0.060632 hargrave 2018-01-26 14:39:05 
TT 682 011.5  05.9 023.4 -18.7 4.12E-06 012.2 147.0 -42.5 0.037518 0.062649 0.065650 hargrave 2018-01-31 09:49:28 
TT 682 013.3  06.6 022.9 -16.9 4.07E-06 011.1 149.5 -42.7 0.036170 0.053018 0.064168 hargrave 2018-01-31 11:37:58 
TT 682 007.8  04.4 024.7 -22.5 4.05E-06 011.9 141.7 -42.1 0.039054 0.058843 0.060833 hargrave 2018-01-31 13:17:10 
TT 684 003.5  23.4 003.6 -23.5 3.63E-06 013.2 148.2 -23.4 0.031024 0.048084 0.069222 hargrave 2018-02-05 10:58:56 
TT 684 005.3  22.5 004.9 -22.1 3.67E-06 013.1 149.4 -24.9 0.033862 0.056838 0.060601 hargrave 2018-02-05 14:12:39 
TT 684 004.0  22.0 005.1 -23.4 3.68E-06 014.2 147.9 -24.9 0.035014 0.063119 0.064515 hargrave 2018-02-05 16:38:20 
TT 686 301.3 -11.8 116.7 -81.2 2.50E-06 018.6 078.1 -03.7 0.030695 0.047302 0.072869 hargrave 2018-02-07 12:59:47 
TT 686 298.8 -19.5 126.8 -73.4 2.44E-06 019.8 070.4 -06.4 0.040380 0.033307 0.075134 hargrave 2018-02-07 15:41:57 
TT 686 289.3 -32.6 139.3 -58.5 2.46E-06 018.9 054.8 -07.4 0.020846 0.046122 0.071399 hargrave 2018-02-08 12:06:25 
TT 688 355.6  37.8 346.2 -25.0 1.68E-06 023.6 149.4 -07.6 0.024739 0.046409 0.054938 hargrave 2018-02-14 13:37:15 
TT 688 354.4  38.1 345.4 -25.6 1.79E-06 023.0 148.8 -06.8 0.024278 0.042881 0.060298 hargrave 2018-02-14 17:19:38 
