TR036 -Ma mag compass orientation (IGRF corrected)
    8.5 268.3  65.0 210.7  87.0   1.0
NRM    349.5  32.2 349.3 -31.9 1.75E-05 002.4 171.2 -32.2 0.035423 0.051906 0.043789 hargrave 2017-10-13 16:16:10 
TT 100 344.3  29.6 349.4 -37.0 1.68E-05 002.2 165.4 -33.7 0.041458 0.042653 0.035650 hargrave 2017-10-15 15:17:32 
TT 200 347.8  28.6 352.3 -34.9 1.60E-05 002.2 168.7 -35.5 0.026150 0.050082 0.029111 hargrave 2017-10-16 10:59:10 
TT 300 345.8  28.2 351.7 -36.6 1.58E-05 003.2 166.4 -35.4 0.034382 0.076123 0.035036 hargrave 2017-10-16 19:49:24 
TT 350 346.6  28.2 352.2 -36.0 1.54E-05 002.5 167.3 -35.7 0.033088 0.052813 0.034772 hargrave 2017-10-17 16:50:17 
TT 400 344.9  26.7 353.0 -38.1 1.49E-05 003.3 165.0 -36.7 0.027332 0.071746 0.042716 hargrave 2017-10-20 13:37:36 
TT 450 343.3  25.4 353.6 -39.9 1.41E-05 004.2 162.8 -37.6 0.025148 0.095765 0.034892 hargrave 2017-10-22 17:12:04 
TT 475 343.5  25.6 353.4 -39.6 1.38E-05 002.1 163.2 -37.4 0.027441 0.038323 0.026086 hargrave 2017-10-23 17:12:15 
TT 500 344.4  24.5 355.2 -39.5 1.33E-05 002.7 163.7 -38.7 0.026368 0.054749 0.025621 hargrave 2017-10-24 15:24:24 
TT 525 342.3  23.3 355.4 -41.7 1.30E-05 002.4 160.9 -39.2 0.025237 0.040110 0.030918 hargrave 2017-10-26 15:38:11 
TT 550 342.7  22.5 356.6 -41.7 1.26E-05 002.3 161.1 -40.1 0.023658 0.040346 0.025484 hargrave 2017-10-27 12:23:55 
TT 555 341.7  22.4 356.2 -42.6 1.25E-05 002.8 159.8 -39.9 0.023503 0.048548 0.031814 hargrave 2017-10-28 14:59:11 
TT 560 342.4  22.8 356.1 -41.8 1.19E-05 002.9 160.8 -39.8 0.026504 0.045416 0.031678 hargrave 2017-10-31 19:44:30 
TT 565 341.4  23.2 355.1 -42.5 1.18E-05 004.6 159.9 -39.1 0.036416 0.086264 0.024653 hargrave 2017-11-03 20:46:56 
TT 570 341.1  22.8 355.3 -42.9 1.15E-05 002.9 159.4 -39.3 0.029817 0.046389 0.024659 hargrave 2017-11-05 20:12:43 
TT 575 342.2  23.2 355.5 -41.9 1.13E-05 003.8 160.7 -39.4 0.039244 0.063490 0.019365 hargrave 2017-11-09 17:11:17 
TT 580 334.4  20.0 354.4 -49.7 1.11E-05 003.9 150.5 -39.3 0.031589 0.053084 0.046522 hargrave 2017-11-14 12:43:50 
TT 600 334.9  23.5 350.3 -47.4 9.86E-06 003.2 153.1 -36.4 0.023263 0.042758 0.030324 hargrave 2017-11-14 21:43:19 
TT 620 331.4  23.4 347.7 -50.1 9.46E-06 002.3 149.5 -35.0 0.026271 0.027328 0.018038 hargrave 2017-11-17 20:59:23 
TT 630 335.9  22.1 352.7 -47.4 9.61E-06 001.9 153.3 -38.1 0.022704 0.021143 0.021707 hargrave 2017-11-19 20:32:38 
TT 640 340.3  17.6 001.4 -45.8 9.11E-06 007.0 155.9 -43.9 0.039860 0.100764 0.035633 hargrave 2017-11-21 19:36:53 
TT 645 342.3  16.4 004.1 -44.6 9.30E-06 008.4 157.7 -45.8 0.049222 0.128590 0.033788 hargrave 2017-11-27 19:17:27 
TT 645 334.3  12.5 005.1 -53.2 9.21E-06 002.9 145.3 -45.8 0.034174 0.027720 0.041719 hargrave 2017-11-28 08:43:17 
TT 650 337.3  10.7 009.6 -51.0 8.46E-06 003.7 147.7 -48.9 0.028651 0.049271 0.035680 hargrave 2017-11-28 17:39:42 
TT 655 333.2  11.4 006.1 -54.6 7.91E-06 003.6 143.1 -46.1 0.028689 0.025636 0.046583 hargrave 2017-12-11 14:41:20 
TT 660 341.7  16.7 003.4 -45.0 9.56E-06 003.3 157.1 -45.3 0.033898 0.036538 0.045456 hargrave 2017-12-12 14:20:49 
TT 665 334.7  14.9 001.8 -51.9 8.22E-06 003.9 147.5 -44.0 0.030147 0.030731 0.044132 hargrave 2018-01-08 13:53:52 
TT 670 328.6  14.0 358.5 -57.6 8.38E-06 007.5 140.1 -41.4 0.077403 0.076033 0.033922 hargrave 2018-01-10 17:02:44 
TT 672 333.6  15.2 000.5 -52.7 6.83E-06 003.8 146.5 -43.1 0.030847 0.026045 0.036077 hargrave 2018-01-11 16:04:54 
TT 674 342.4  15.0 005.9 -44.9 7.09E-06 012.1 157.1 -47.1 0.069290 0.134185 0.033522 hargrave 2018-01-12 17:13:27 
TT 674 338.8  12.8 007.2 -49.0 6.54E-06 004.3 151.1 -47.7 0.028485 0.030320 0.045238 hargrave 2018-01-16 12:27:10 
TT 676 322.7  08.4 003.1 -65.3 6.53E-06 009.8 129.3 -41.9 0.091863 0.058399 0.039049 hargrave 2018-01-17 11:34:46 
TT 676 332.6  15.4 359.5 -53.5 6.51E-06 004.7 145.5 -42.4 0.027245 0.028093 0.048733 hargrave 2018-01-17 12:40:00 
TT 678 323.0 -00.2 024.0 -67.6 6.73E-06 009.6 120.5 -47.8 0.101048 0.044893 0.035027 hargrave 2018-01-22 14:18:47 
TT 678 331.1  08.1 010.4 -57.7 6.74E-06 004.3 137.8 -47.6 0.033971 0.024807 0.043124 hargrave 2018-01-22 15:53:00 
TT 680 325.5  05.5 011.9 -63.8 5.31E-06 006.3 129.2 -45.9 0.024057 0.037321 0.041521 hargrave 2018-01-25 11:03:11 
TT 680 325.1  06.1 010.3 -64.0 5.32E-06 006.6 129.4 -45.2 0.028768 0.043085 0.039580 hargrave 2018-01-26 12:19:48 
TT 680 318.5 -02.3 029.0 -72.2 5.23E-06 009.7 114.2 -45.5 0.081099 0.020586 0.034170 hargrave 2018-01-26 14:51:57 
TT 682 326.4  05.7 012.1 -62.9 4.53E-06 005.8 130.4 -46.4 0.020526 0.024604 0.041679 hargrave 2018-01-31 10:02:54 
TT 684 313.2 -12.0 067.5 -74.7 3.04E-06 010.1 098.5 -45.5 0.034359 0.027517 0.034420 hargrave 2018-02-05 11:14:36 
TT 684 312.9 -08.6 055.9 -76.6 3.08E-06 010.8 102.7 -43.8 0.025475 0.037898 0.038007 hargrave 2018-02-05 14:23:46 
TT 684 311.8 -12.2 071.3 -75.7 3.05E-06 013.9 097.4 -44.3 0.049157 0.043065 0.038717 hargrave 2018-02-05 16:49:21 
TT 686 191.8 -02.3 207.3  18.7 8.19E-07 019.3 027.6  59.7 0.021695 0.026510 0.035881 hargrave 2018-02-07 13:17:23 
TT 686 193.6 -00.6 209.1  17.1 7.88E-07 021.6 032.2  60.4 0.021546 0.026229 0.036429 hargrave 2018-02-07 15:59:39 
TT 686 190.8 -04.5 204.9  19.5 7.97E-07 022.4 024.1  58.1 0.018895 0.028638 0.035617 hargrave 2018-02-08 12:22:50 
TT 688 199.8 -08.3 201.7  10.4 5.97E-07 021.1 034.9  50.7 0.017861 0.020385 0.031212 hargrave 2018-02-14 13:53:36 
TT 688 206.1 -04.9 205.5  04.3 6.11E-07 022.1 045.9  49.7 0.019456 0.020265 0.032361 hargrave 2018-02-14 17:36:52 
