TR036 -Ca mag compass orientation (IGRF corrected)
   7.43 297.3  44.0 210.7  87.0   1.0
NRM    049.7  20.8 009.8  18.8 3.36E-05 002.2 202.3 -20.2 0.057966 0.101568 0.068251 hargrave 2017-10-13 16:02:19 
TT 100 045.0  20.6 010.2  14.4 3.28E-05 001.8 197.8 -21.5 0.039443 0.081633 0.060408 hargrave 2017-10-15 15:02:00 
TT 200 049.9  19.9 010.7  19.0 3.31E-05 002.1 202.8 -21.0 0.131794 0.074787 0.054130 hargrave 2017-10-16 10:47:45 
TT 300 049.6  19.3 011.3  18.8 3.20E-05 001.9 202.6 -21.6 0.039101 0.086222 0.056582 hargrave 2017-10-16 19:34:44 
TT 350 049.5  19.0 011.7  18.7 3.17E-05 001.8 202.7 -22.0 0.040749 0.081129 0.056374 hargrave 2017-10-17 16:37:12 
TT 400 050.1  18.3 012.3  19.4 3.15E-05 001.6 203.5 -22.4 0.040453 0.069034 0.051941 hargrave 2017-10-20 13:23:46 
TT 450 051.2  18.5 012.1  20.3 3.11E-05 002.5 204.4 -22.0 0.062970 0.120189 0.039047 hargrave 2017-10-22 16:58:12 
TT 475 047.9  19.1 011.6  17.2 3.08E-05 001.7 201.0 -22.3 0.037061 0.081725 0.038821 hargrave 2017-10-23 16:58:28 
TT 500 049.5  18.8 011.9  18.7 3.06E-05 001.4 202.7 -22.2 0.038372 0.063160 0.041196 hargrave 2017-10-24 15:10:16 
TT 525 050.5  18.6 012.0  19.7 3.04E-05 001.7 203.7 -22.1 0.030009 0.078335 0.047941 hargrave 2017-10-26 15:24:11 
TT 550 050.3  18.3 012.3  19.6 2.99E-05 001.9 203.7 -22.4 0.028028 0.094405 0.037615 hargrave 2017-10-27 12:10:48 
TT 555 055.0  17.3 013.1  24.1 2.97E-05 001.3 208.6 -21.9 0.023527 0.058166 0.033876 hargrave 2017-10-28 14:45:20 
TT 560 050.4  18.5 012.1  19.7 2.87E-05 002.5 203.7 -22.1 0.045002 0.104515 0.061242 hargrave 2017-10-31 19:30:39 
TT 565 052.8  17.7 012.8  21.9 2.86E-05 002.2 206.3 -22.3 0.029568 0.089190 0.068808 hargrave 2017-11-03 20:33:07 
TT 570 049.8  18.7 011.9  19.1 2.84E-05 001.9 203.1 -22.1 0.036551 0.062217 0.073291 hargrave 2017-11-05 19:58:49 
TT 575 050.3  18.2 012.4  19.5 2.82E-05 002.0 203.6 -22.5 0.031867 0.069830 0.070008 hargrave 2017-11-09 16:56:33 
TT 580 049.4  18.4 012.3  18.7 2.81E-05 002.0 202.7 -22.6 0.023954 0.064675 0.074617 hargrave 2017-11-14 12:29:55 
TT 600 050.1  17.5 013.2  19.4 2.73E-05 002.2 203.7 -23.2 0.030628 0.081737 0.069964 hargrave 2017-11-14 21:30:12 
TT 620 052.0  16.0 014.7  21.3 2.70E-05 002.6 206.1 -24.1 0.037064 0.116526 0.036263 hargrave 2017-11-17 20:45:34 
TT 630 051.0  15.8 015.0  20.4 2.65E-05 001.4 205.2 -24.6 0.036297 0.059987 0.032630 hargrave 2017-11-19 20:18:44 
TT 640 053.4  15.0 015.7  22.7 2.57E-05 001.5 207.9 -24.6 0.035412 0.059878 0.034111 hargrave 2017-11-21 19:22:55 
TT 645 052.8  14.9 015.9  22.1 2.45E-05 001.6 207.3 -24.9 0.039480 0.059218 0.039707 hargrave 2017-11-27 19:03:26 
TT 650 052.2  12.4 018.5  21.6 2.30E-05 001.6 207.6 -27.4 0.039488 0.048610 0.046558 hargrave 2017-11-28 17:25:44 
TT 655 046.7  10.4 020.8  16.2 1.99E-05 002.9 202.4 -31.0 0.047462 0.055884 0.080208 hargrave 2017-12-11 14:27:48 
TT 660 057.0  19.3 010.7  25.8 2.51E-05 002.6 209.7 -19.4 0.051493 0.093532 0.063793 hargrave 2017-12-12 14:07:15 
TT 665 050.1  22.9 007.5  19.0 2.43E-05 002.8 202.1 -18.1 0.043024 0.086948 0.084154 hargrave 2018-01-08 13:40:05 
TT 670 062.0  18.4 011.0  30.6 2.29E-05 002.3 214.7 -18.4 0.046809 0.070385 0.075975 hargrave 2018-01-10 16:47:16 
TT 672 055.6  19.0 011.2  24.5 2.32E-05 002.2 208.5 -20.1 0.061861 0.073628 0.052853 hargrave 2018-01-11 15:51:09 
TT 674 074.8  02.8 029.7  44.2 1.43E-05 003.1 234.9 -25.7 0.065399 0.033511 0.070814 hargrave 2018-01-12 16:58:04 
TT 676 075.0  02.3 030.4  44.4 1.63E-05 005.4 235.3 -26.0 0.109513 0.061491 0.106230 hargrave 2018-01-17 11:19:08 
TT 678 074.5  06.7 024.2  43.8 1.63E-05 003.4 232.1 -22.6 0.069261 0.058464 0.090200 hargrave 2018-01-22 14:04:45 
TT 680 043.8  11.8 019.3  13.4 1.04E-05 006.2 198.8 -30.4 0.065518 0.041873 0.125826 hargrave 2018-01-25 10:45:56 
TT 680 050.2  09.9 021.3  19.7 1.11E-05 005.2 206.4 -30.4 0.062554 0.056322 0.105277 hargrave 2018-01-26 12:02:42 
TT 682 057.0  15.2 015.2  26.2 1.48E-05 005.1 211.3 -23.2 0.072198 0.061916 0.126114 hargrave 2018-01-31 09:48:00 
TT 684 028.5  20.2 010.4 -01.1 6.09E-06 015.5 181.2 -23.8 0.087981 0.063925 0.136079 hargrave 2018-02-05 10:57:29 
TT 684 024.3  16.5 013.8 -05.3 5.64E-06 015.9 176.8 -27.4 0.057539 0.108659 0.125826 hargrave 2018-02-05 14:11:11 
TT 684 025.3  17.1 013.3 -04.3 5.74E-06 016.1 177.8 -26.9 0.058648 0.106557 0.133983 hargrave 2018-02-05 16:36:53 
TT 686 294.0 -17.9 144.1 -73.7 2.51E-06 036.5 075.1 -10.5 0.058422 0.082133 0.157480 hargrave 2018-02-07 12:56:55 
TT 686 286.4 -32.0 144.1 -58.0 2.51E-06 035.2 059.9 -15.6 0.048678 0.056724 0.160517 hargrave 2018-02-07 15:39:02 
TT 686 257.2 -52.7 149.1 -28.7 3.42E-06 025.7 029.1 -17.5 0.051810 0.066113 0.143739 hargrave 2018-02-08 12:00:52 
TT 688 259.1 -44.5 155.9 -34.7 3.31E-06 022.1 034.9 -11.4 0.044880 0.068558 0.110960 hargrave 2018-02-14 13:34:06 
TT 688 262.1 -42.1 156.6 -37.9 3.45E-06 022.9 038.1 -10.7 0.046100 0.065528 0.124793 hargrave 2018-02-14 17:16:29 
