TR036 -Ga mag compass orientation (IGRF corrected)
    7.9 282.3  28.0 210.7  87.0   1.0
NRM    018.5  45.9 343.9 -06.3 1.40E-05 003.4 184.6  18.0 0.024723 0.074771 0.032724 hargrave 2017-10-13 16:07:02 
TT 100 025.9  45.8 344.7 -01.2 1.32E-05 004.7 189.9  18.4 0.028974 0.106778 0.021412 hargrave 2017-10-15 15:06:44 
TT 200 023.7  46.9 343.4 -02.6 1.27E-05 002.2 188.2  19.3 0.028458 0.044541 0.020286 hargrave 2017-10-16 10:51:40 
TT 300 022.1  47.1 343.1 -03.6 1.25E-05 003.3 187.1  19.4 0.023931 0.069030 0.021336 hargrave 2017-10-16 19:39:10 
TT 350 026.0  47.1 343.4 -01.0 1.21E-05 001.8 189.8  19.7 0.026975 0.029499 0.018997 hargrave 2017-10-17 16:41:40 
TT 400 028.7  47.8 342.9  00.9 1.19E-05 003.8 191.7  20.6 0.022820 0.076388 0.019125 hargrave 2017-10-20 13:28:13 
TT 450 027.6  48.4 342.2  00.2 1.12E-05 005.5 190.8  21.1 0.019916 0.105237 0.016893 hargrave 2017-10-22 17:02:56 
TT 475 028.5  48.7 341.9  00.8 1.10E-05 003.0 191.4  21.5 0.022780 0.055067 0.011795 hargrave 2017-10-23 17:03:08 
TT 500 028.9  49.0 341.7  01.1 1.07E-05 004.0 191.6  21.8 0.024110 0.072677 0.013458 hargrave 2017-10-24 15:15:07 
TT 525 030.5  48.8 342.0  02.1 1.04E-05 002.5 192.8  21.7 0.018275 0.042438 0.016455 hargrave 2017-10-26 15:28:37 
TT 550 030.1  48.6 342.1  01.9 9.98E-06 001.7 192.6  21.5 0.020146 0.023351 0.012763 hargrave 2017-10-27 12:15:15 
TT 555 028.9  48.8 341.9  01.1 9.88E-06 002.7 191.7  21.6 0.018309 0.042521 0.018351 hargrave 2017-10-28 14:50:02 
TT 560 029.4  48.6 342.1  01.4 9.39E-06 002.6 192.0  21.5 0.018780 0.034437 0.023129 hargrave 2017-10-31 19:35:22 
TT 565 037.7  47.8 342.9  06.9 9.30E-06 002.0 198.1  21.7 0.020379 0.020992 0.021649 hargrave 2017-11-03 20:37:49 
TT 570 040.6  47.3 343.3  08.9 9.02E-06 004.5 200.2  21.6 0.017051 0.066077 0.023729 hargrave 2017-11-05 20:03:31 
TT 575 031.7  48.8 342.0  02.9 9.02E-06 003.4 193.7  21.8 0.021774 0.048672 0.019843 hargrave 2017-11-09 17:01:16 
TT 580 034.7  48.6 342.1  04.9 8.82E-06 003.6 195.8  22.1 0.017249 0.044930 0.029169 hargrave 2017-11-14 12:34:39 
TT 600 033.9  48.6 342.1  04.4 8.40E-06 004.3 195.2  22.0 0.020462 0.057485 0.023833 hargrave 2017-11-14 21:34:44 
TT 620 030.3  51.0 339.7  02.1 7.82E-06 002.6 192.3  23.9 0.018984 0.028333 0.014917 hargrave 2017-11-17 20:50:16 
TT 630 037.2  52.3 338.4  06.3 7.09E-06 002.4 196.7  25.9 0.023356 0.022681 0.015843 hargrave 2017-11-19 20:23:30 
TT 640 043.5  49.2 341.1  10.6 6.55E-06 005.2 201.7  24.0 0.038560 0.048613 0.021735 hargrave 2017-11-21 19:27:40 
TT 645 044.3  48.2 342.0  11.3 6.48E-06 002.5 202.6  23.1 0.028953 0.014955 0.030232 hargrave 2017-11-27 19:08:08 
TT 650 053.7  49.3 339.6  17.1 5.55E-06 003.7 208.7  26.1 0.033964 0.015618 0.035910 hargrave 2017-11-28 17:30:28 
TT 655 048.1  47.2 342.6  13.9 7.43E-06 003.4 205.5  22.9 0.035802 0.017373 0.045682 hargrave 2017-12-11 14:32:28 
TT 660 067.5  58.1 327.7  21.2 2.74E-06 010.7 213.2  37.4 0.041801 0.024842 0.049660 hargrave 2017-12-12 14:11:55 
TT 660 075.2  59.5 324.0  23.6 2.83E-06 010.6 216.6  40.7 0.029007 0.016025 0.064237 hargrave 2017-12-12 15:09:37 
TT 660 073.4  60.2 324.0  22.5 2.84E-06 011.2 215.1  40.8 0.030333 0.015867 0.067697 hargrave 2017-12-12 15:42:51 
TT 665 071.7  36.9 347.3  33.7 5.27E-06 007.0 227.0  19.8 0.037722 0.037373 0.047640 hargrave 2018-01-08 13:44:47 
TT 670 086.5  14.6 009.6  54.4 2.46E-06 018.5 249.4  05.7 0.044284 0.033920 0.065056 hargrave 2018-01-10 16:51:59 
TT 670 086.9  19.2 002.0  53.2 2.38E-06 022.8 247.6  10.0 0.041772 0.042060 0.083280 hargrave 2018-01-10 17:49:22 
TT 670 088.5  17.8 003.3  55.1 2.35E-06 022.6 249.5  09.4 0.037275 0.038839 0.084112 hargrave 2018-01-10 18:36:54 
TT 672 050.9  43.8 345.7  16.6 4.96E-06 008.2 208.7  20.3 0.047270 0.046276 0.051708 hargrave 2018-01-11 15:55:52 
TT 672 052.1  45.2 344.0  17.1 5.02E-06 011.3 209.1  21.9 0.046596 0.055180 0.083297 hargrave 2018-01-11 16:38:18 
TT 672 051.7  44.6 344.8  16.9 5.00E-06 011.2 209.0  21.2 0.045375 0.053228 0.082093 hargrave 2018-01-11 17:19:02 
TT 674 129.6  41.4 290.1  50.8 1.36E-06 032.5 269.5  48.2 0.038328 0.036788 0.077760 hargrave 2018-01-12 17:04:25 
TT 674 170.0  34.1 250.9  34.6 2.32E-06 023.9 322.8  58.7 0.036230 0.038880 0.117246 hargrave 2018-01-16 12:13:03 
TT 674 168.1  35.3 253.1  35.5 2.20E-06 027.6 319.1  59.3 0.038028 0.043023 0.124786 hargrave 2018-01-16 13:12:40 
TT 676 081.6  44.4 334.7  36.2 3.61E-06 016.2 230.5  29.9 0.067496 0.042548 0.091135 hargrave 2018-01-17 11:23:54 
TT 676 087.1  44.9 330.8  38.8 3.47E-06 018.5 234.1  32.5 0.051093 0.050379 0.103187 hargrave 2018-01-17 12:30:46 
TT 676 084.8  45.8 331.5  37.0 3.48E-06 018.7 231.9  32.3 0.053127 0.051087 0.105298 hargrave 2018-01-17 13:29:15 
TT 678 113.3  13.6 334.9  77.1 3.74E-06 017.4 273.2  17.1 0.060489 0.044297 0.092258 hargrave 2018-01-22 14:09:37 
TT 678 113.9  15.2 329.0  76.1 3.64E-06 020.6 272.9  18.8 0.057945 0.052938 0.114090 hargrave 2018-01-22 15:43:39 
TT 678 116.3  14.1 321.9  78.1 3.53E-06 021.6 275.6  19.0 0.061504 0.047934 0.117841 hargrave 2018-01-22 18:24:35 
TT 680 025.6  46.8 343.7 -01.3 5.23E-06 014.8 189.6  19.3 0.075751 0.083821 0.117521 hargrave 2018-01-25 10:50:41 
TT 680 036.0  44.8 346.0  05.9 5.39E-06 015.7 197.5  18.4 0.059489 0.115842 0.093592 hargrave 2018-01-26 12:08:39 
TT 680 040.3  45.4 345.2  08.9 5.35E-06 013.0 200.5  19.7 0.055948 0.078885 0.093288 hargrave 2018-01-26 14:40:46 
TT 682 149.4  30.8 259.5  51.2 1.50E-06 041.3 298.4  48.4 0.043671 0.030472 0.129991 hargrave 2018-01-31 09:54:20 
TT 682 167.0  36.7 255.1  35.8 1.39E-06 049.9 316.3  60.2 0.042284 0.066035 0.143895 hargrave 2018-01-31 11:41:19 
TT 682 165.5  34.7 253.6  37.8 1.47E-06 046.7 315.8  57.9 0.042895 0.061526 0.139126 hargrave 2018-01-31 13:20:30 
TT 684 048.0  29.5 000.8  16.5 3.54E-06 021.9 210.7  05.9 0.067749 0.055239 0.120095 hargrave 2018-02-05 11:02:10 
TT 684 046.0  27.6 002.9  15.0 3.08E-06 024.4 209.5  03.6 0.047759 0.093255 0.101548 hargrave 2018-02-05 14:14:20 
TT 684 044.3  29.0 001.6  13.3 3.18E-06 024.7 207.7  04.6 0.048794 0.096821 0.106135 hargrave 2018-02-05 16:40:02 
TT 686 042.7  37.2 353.3  11.3 4.24E-06 017.3 204.3  12.2 0.049054 0.078270 0.101875 hargrave 2018-02-07 13:02:49 
TT 686 038.8  37.1 353.7  08.3 4.00E-06 019.3 201.3  11.3 0.046610 0.086363 0.106634 hargrave 2018-02-07 15:47:45 
TT 686 040.1  40.0 350.7  09.1 3.36E-06 020.1 201.6  14.4 0.046920 0.045246 0.109495 hargrave 2018-02-08 12:09:27 
TT 688 028.8  53.1 337.6  01.2 2.02E-06 032.4 190.9  25.8 0.040232 0.074825 0.103195 hargrave 2018-02-14 13:41:20 
TT 688 021.8  54.5 335.7 -02.7 1.98E-06 034.2 186.2  26.8 0.039529 0.072964 0.112862 hargrave 2018-02-14 17:24:34 
