TR036 -Ia mag compass orientation (IGRF corrected)
   8.26 286.3  57.0 210.7  87.0   1.0
NRM    017.8  27.9 001.7 -09.9 1.21E-05 008.8 181.6 -29.1 0.025063 0.186596 0.018246 hargrave 2017-10-13 16:11:27 
NRM    022.1  27.8 002.3 -06.2 1.21E-05 005.1 185.8 -29.0 0.040351 0.103846 0.022693 hargrave 2017-10-13 16:40:06 
TT 100 021.7  27.1 003.0 -06.6 1.15E-05 003.4 185.5 -29.7 0.033708 0.056376 0.033744 hargrave 2017-10-15 15:12:48 
TT 200 018.7  26.6 003.1 -09.3 1.10E-05 003.9 182.5 -30.3 0.030567 0.065897 0.031135 hargrave 2017-10-16 10:55:19 
TT 300 018.2  27.6 002.0 -09.7 1.08E-05 002.4 181.9 -29.3 0.034029 0.023237 0.030556 hargrave 2017-10-16 19:44:57 
TT 350 022.4  27.0 003.1 -06.0 1.06E-05 004.7 186.2 -29.7 0.030278 0.079191 0.032631 hargrave 2017-10-17 16:45:51 
TT 400 023.3  26.1 004.1 -05.3 1.03E-05 006.3 187.3 -30.5 0.020199 0.112264 0.021164 hargrave 2017-10-20 13:33:10 
TT 450 022.0  27.9 002.2 -06.3 9.54E-06 003.9 185.8 -28.9 0.020850 0.063841 0.016292 hargrave 2017-10-22 17:07:22 
TT 475 025.1  26.7 003.7 -03.6 9.48E-06 005.7 189.1 -29.7 0.017526 0.091906 0.022608 hargrave 2017-10-23 17:07:35 
TT 500 021.7  26.6 003.5 -06.7 9.25E-06 007.8 185.6 -30.2 0.018160 0.124166 0.027645 hargrave 2017-10-24 15:19:38 
TT 525 023.7  27.0 003.3 -04.9 9.03E-06 004.3 187.6 -29.6 0.016253 0.063746 0.020610 hargrave 2017-10-26 15:33:44 
TT 550 024.6  26.3 004.1 -04.1 8.70E-06 003.3 188.7 -30.2 0.024856 0.041271 0.023015 hargrave 2017-10-27 12:19:27 
TT 555 025.3  26.3 004.1 -03.5 8.49E-06 004.5 189.3 -30.1 0.016595 0.064375 0.018290 hargrave 2017-10-28 14:54:29 
TT 560 022.7  26.3 003.9 -05.8 8.15E-06 005.0 186.7 -30.4 0.017628 0.066861 0.022336 hargrave 2017-10-31 19:39:46 
TT 565 023.9  26.8 003.5 -04.7 7.97E-06 004.3 187.8 -29.8 0.020265 0.054390 0.023267 hargrave 2017-11-03 20:42:14 
TT 570 023.7  26.5 003.8 -04.9 7.85E-06 006.4 187.7 -30.1 0.024078 0.079983 0.034398 hargrave 2017-11-05 20:08:00 
TT 575 019.0  26.5 003.2 -09.0 7.83E-06 004.0 182.8 -30.4 0.029922 0.038402 0.030644 hargrave 2017-11-09 17:05:43 
TT 580 019.0  25.7 004.0 -09.2 7.53E-06 004.4 182.8 -31.2 0.014193 0.055302 0.017849 hargrave 2017-11-14 12:39:05 
TT 600 026.1  23.4 007.0 -03.1 7.05E-06 003.2 190.7 -32.8 0.015987 0.032847 0.021758 hargrave 2017-11-14 21:38:54 
TT 620 030.4  22.0 008.7  00.9 6.68E-06 005.5 195.7 -33.4 0.014943 0.063010 0.011638 hargrave 2017-11-17 20:54:41 
TT 630 024.5  22.0 008.4 -04.6 5.84E-06 001.9 189.2 -34.5 0.020250 0.011701 0.010649 hargrave 2017-11-19 20:27:56 
TT 640 030.6  18.5 012.2  00.9 5.15E-06 004.5 197.0 -36.7 0.015754 0.040641 0.006458 hargrave 2017-11-21 19:32:04 
TT 645 021.5  24.3 005.7 -07.1 5.41E-06 006.8 185.6 -32.5 0.026850 0.062244 0.007960 hargrave 2017-11-27 19:12:34 
TT 650 022.8  16.0 014.2 -06.7 4.83E-06 002.5 188.2 -40.6 0.023273 0.015941 0.012827 hargrave 2017-11-28 17:34:57 
TT 655 020.1  21.8 008.1 -08.7 4.69E-06 003.1 184.3 -35.0 0.018479 0.012744 0.023918 hargrave 2017-12-11 14:36:41 
TT 660 017.1  08.8 021.0 -13.0 4.31E-06 005.2 181.1 -48.2 0.022871 0.031604 0.025173 hargrave 2017-12-12 14:16:09 
TT 665 042.1  05.0 026.2  11.6 4.42E-06 004.5 217.7 -44.8 0.022141 0.036581 0.026662 hargrave 2018-01-08 13:49:09 
TT 670 043.1  00.3 031.0  12.4 3.62E-06 005.2 222.5 -48.2 0.025180 0.031393 0.028473 hargrave 2018-01-10 16:57:53 
TT 672 020.2  17.9 012.0 -09.1 5.25E-06 007.4 184.7 -39.0 0.034859 0.066507 0.032049 hargrave 2018-01-11 16:00:09 
TT 674 014.9 -01.9 031.8 -15.9 2.50E-06 011.2 177.3 -58.8 0.028153 0.036980 0.036860 hargrave 2018-01-12 17:08:44 
TT 674 020.1 -16.3 046.8 -11.0 1.44E-06 019.9 192.4 -73.0 0.030992 0.030440 0.084204 hargrave 2018-01-16 12:17:46 
TT 674 018.7 -13.5 043.8 -12.4 1.53E-06 019.6 186.8 -70.3 0.029550 0.031915 0.088418 hargrave 2018-01-16 13:17:27 
TT 676 041.7  11.8 019.3  11.3 3.27E-06 022.5 212.7 -39.1 0.056643 0.115510 0.053287 hargrave 2018-01-17 11:29:57 
TT 676 018.3  18.1 011.7 -10.8 3.17E-06 009.6 182.5 -38.9 0.034398 0.025087 0.065222 hargrave 2018-01-17 12:33:53 
TT 676 015.7  18.7 010.7 -13.2 3.21E-06 011.3 179.3 -38.3 0.032486 0.038038 0.065176 hargrave 2018-01-17 13:32:16 
TT 678 010.3  11.5 017.4 -19.3 3.06E-06 009.6 171.7 -45.1 0.035916 0.036925 0.051051 hargrave 2018-01-22 14:13:59 
TT 678 012.3  12.8 016.3 -17.2 3.04E-06 011.7 174.6 -44.1 0.040894 0.044289 0.067822 hargrave 2018-01-22 15:46:48 
TT 678 011.2  12.2 016.8 -18.4 3.02E-06 012.6 173.0 -44.5 0.038169 0.045870 0.068423 hargrave 2018-01-22 18:27:36 
TT 680 021.4  01.5 028.7 -09.2 1.80E-06 024.4 188.9 -55.1 0.034591 0.025093 0.093162 hargrave 2018-01-25 10:56:49 
TT 680 042.8 -16.2 047.9  10.8 1.71E-06 015.1 241.5 -60.8 0.032293 0.038316 0.082844 hargrave 2018-01-26 12:13:20 
TT 680 044.3 -18.8 050.6  11.9 1.60E-06 016.4 247.5 -61.2 0.034106 0.036864 0.086198 hargrave 2018-01-26 14:45:30 
TT 682 029.2  08.3 022.3 -01.1 3.36E-06 011.4 198.8 -46.9 0.036125 0.042858 0.066605 hargrave 2018-01-31 09:57:23 
TT 682 025.0  07.1 023.2 -05.3 3.12E-06 014.2 193.2 -49.0 0.035848 0.067165 0.082839 hargrave 2018-01-31 11:44:20 
TT 682 026.9  07.8 022.7 -03.3 3.07E-06 014.3 195.8 -47.9 0.036900 0.074092 0.077104 hargrave 2018-01-31 13:23:32 
TT 684 042.7  21.7 009.1  12.3 2.60E-06 016.8 208.4 -29.7 0.039916 0.031194 0.071118 hargrave 2018-02-05 11:08:09 
TT 684 032.0  20.9 009.8  02.3 2.28E-06 018.6 197.8 -34.0 0.036147 0.066607 0.068583 hargrave 2018-02-05 14:17:23 
TT 684 031.9  21.8 009.0  02.3 2.33E-06 019.3 197.4 -33.2 0.035018 0.067837 0.072692 hargrave 2018-02-05 16:43:02 
TT 686 263.1  49.1 273.6 -28.6 7.20E-07 066.5 129.3  38.9 0.026708 0.059347 0.092637 hargrave 2018-02-07 13:09:53 
TT 686 248.6  18.6 235.7 -34.4 5.36E-07 073.6 086.3  41.2 0.026781 0.047001 0.094527 hargrave 2018-02-07 15:52:08 
TT 686 207.7 -30.6 180.0  01.1 8.75E-07 051.6 010.9  25.5 0.029210 0.034910 0.094282 hargrave 2018-02-08 12:13:47 
TT 688 114.5 -50.2 115.7  36.6 2.09E-06 017.2 317.6 -20.0 0.025080 0.042204 0.066516 hargrave 2018-02-14 13:45:37 
TT 688 117.1 -50.4 117.9  36.5 1.97E-06 021.1 318.6 -18.6 0.024526 0.051937 0.069441 hargrave 2018-02-14 17:28:49 
