TR036 -Ha mag compass orientation (IGRF corrected)
   8.12 292.3  68.0 210.7  87.0   1.0
NRM    006.7  56.3 331.7 -10.5 1.34E-05 006.1 171.3 -10.6 0.022015 0.138505 0.043754 hargrave 2017-10-13 16:09:58 
TT 100 009.7  57.6 331.1 -08.5 1.27E-05 005.5 173.2 -09.7 0.027650 0.118781 0.027687 hargrave 2017-10-15 15:11:19 
TT 200 005.7  58.2 329.7 -10.2 1.20E-05 002.6 171.2 -08.6 0.024759 0.045710 0.028109 hargrave 2017-10-16 10:54:05 
TT 300 005.2  59.3 328.6 -10.0 1.18E-05 005.9 171.3 -07.5 0.024988 0.118048 0.027319 hargrave 2017-10-16 19:43:34 
TT 350 006.4  60.6 327.6 -09.0 1.14E-05 005.0 172.2 -06.4 0.022141 0.098181 0.025466 hargrave 2017-10-17 16:44:27 
TT 400 014.0  62.0 327.6 -05.1 1.13E-05 007.3 176.1 -05.8 0.018564 0.140743 0.035660 hargrave 2017-10-20 13:31:46 
TT 450 014.3  63.3 326.3 -04.6 1.06E-05 006.6 176.4 -04.5 0.016047 0.122126 0.017408 hargrave 2017-10-22 17:05:52 
TT 475 005.2  64.2 324.1 -08.0 1.04E-05 003.6 172.7 -02.8 0.018710 0.063460 0.019295 hargrave 2017-10-23 17:06:02 
TT 500 010.9  64.8 324.4 -05.5 1.01E-05 004.1 175.2 -02.8 0.016775 0.071279 0.019749 hargrave 2017-10-24 15:18:04 
TT 525 008.8  65.2 323.7 -06.2 9.84E-06 002.8 174.4 -02.2 0.017290 0.041028 0.027125 hargrave 2017-10-26 15:32:18 
TT 550 013.3  66.8 322.9 -04.0 9.42E-06 007.4 176.4 -01.0 0.015812 0.121327 0.017495 hargrave 2017-10-27 12:18:03 
TT 555 011.3  67.1 322.3 -04.6 9.24E-06 004.3 175.7 -00.5 0.014941 0.064470 0.026685 hargrave 2017-10-28 14:52:59 
TT 560 005.3  67.1 321.4 -06.8 8.90E-06 004.3 173.5  00.0 0.014040 0.059944 0.030535 hargrave 2017-10-31 19:38:17 
TT 565 006.1  66.9 321.8 -06.6 8.78E-06 002.0 173.7 -00.3 0.018668 0.017350 0.024565 hargrave 2017-11-03 20:40:45 
TT 570 011.2  67.4 322.0 -04.6 8.64E-06 008.0 175.8 -00.2 0.015495 0.120620 0.021667 hargrave 2017-11-05 20:06:27 
TT 570 000.5  66.2 321.3 -08.9 8.66E-06 006.0 171.4 -00.2 0.014434 0.088583 0.024180 hargrave 2017-11-06 08:17:12 
TT 575 006.5  66.9 321.8 -06.5 8.58E-06 003.4 173.9 -00.3 0.016801 0.046691 0.021818 hargrave 2017-11-09 17:04:13 
TT 580 008.6  68.1 321.0 -05.2 8.51E-06 006.3 174.9  00.6 0.012886 0.087244 0.034970 hargrave 2017-11-14 12:37:35 
TT 600 017.8  68.0 322.1 -02.0 8.24E-06 002.2 178.3  00.1 0.018694 0.018219 0.025772 hargrave 2017-11-14 21:37:31 
TT 620 350.8  65.2 320.0 -12.8 8.03E-06 004.4 167.3  00.5 0.014520 0.057265 0.023567 hargrave 2017-11-17 20:53:12 
TT 630 006.4  68.6 320.2 -05.8 7.46E-06 004.4 174.2  01.4 0.018287 0.055911 0.018441 hargrave 2017-11-19 20:26:27 
TT 640 003.0  67.2 321.0 -07.6 6.98E-06 003.3 172.7  00.4 0.020303 0.033150 0.024934 hargrave 2017-11-21 19:30:35 
TT 645 358.2  73.5 314.7 -05.9 6.58E-06 003.1 173.3  06.8 0.024376 0.015261 0.032915 hargrave 2017-11-27 19:11:04 
TT 650 355.4  70.9 316.4 -08.0 6.38E-06 004.4 171.4  04.7 0.023180 0.028367 0.040267 hargrave 2017-11-28 17:33:27 
TT 655 344.2  77.6 309.2 -06.0 6.09E-06 005.2 172.2  12.1 0.024081 0.022019 0.053088 hargrave 2017-12-11 14:35:13 
TT 660 025.6  62.7 327.9  00.3 6.48E-06 004.4 181.5 -05.3 0.031602 0.019558 0.044956 hargrave 2017-12-12 14:14:41 
TT 665 033.4  65.1 325.6  03.9 8.16E-06 005.4 184.7 -02.4 0.031955 0.059176 0.050129 hargrave 2018-01-08 13:47:39 
TT 670 053.0  68.4 321.0  10.9 7.51E-06 004.9 190.9  03.1 0.036802 0.047799 0.042837 hargrave 2018-01-10 16:56:24 
TT 672 355.5  66.0 320.5 -10.7 5.47E-06 008.7 169.4  00.3 0.035584 0.059803 0.058367 hargrave 2018-01-11 15:58:39 
TT 672 358.9  68.2 319.3 -08.5 5.46E-06 010.9 171.5  01.8 0.037046 0.064760 0.081619 hargrave 2018-01-11 16:39:50 
TT 672 356.2  67.0 319.7 -09.9 5.47E-06 011.2 170.1  01.2 0.038714 0.069577 0.081355 hargrave 2018-01-11 17:20:34 
TT 674 054.8  63.3 325.6  13.3 4.09E-06 010.1 194.0 -01.0 0.034536 0.053014 0.048903 hargrave 2018-01-12 17:07:13 
TT 674 095.0  71.6 309.1  19.5 3.33E-06 015.3 198.2  15.6 0.033038 0.038468 0.080818 hargrave 2018-01-16 12:14:39 
TT 674 089.8  71.7 310.5  18.5 3.43E-06 015.8 197.4  14.1 0.034095 0.040929 0.086423 hargrave 2018-01-16 13:14:16 
TT 676 020.8  66.5 323.8 -01.2 5.97E-06 009.0 179.4 -01.5 0.042002 0.057438 0.074126 hargrave 2018-01-17 11:28:24 
TT 676 020.0  67.4 322.9 -01.3 5.77E-06 010.4 179.1 -00.6 0.039790 0.064280 0.083988 hargrave 2018-01-17 12:32:19 
TT 676 021.4  67.2 323.2 -00.8 5.84E-06 010.2 179.6 -00.8 0.039480 0.062833 0.084175 hargrave 2018-01-17 13:30:47 
TT 678 055.0  64.2 324.8  13.1 6.09E-06 009.0 193.6 -00.2 0.039611 0.074357 0.061237 hargrave 2018-01-22 14:12:30 
TT 678 054.7  64.9 324.1  12.7 6.05E-06 009.2 193.1  00.4 0.041554 0.064692 0.074042 hargrave 2018-01-22 15:45:15 
TT 678 054.2  65.1 324.0  12.4 5.96E-06 009.5 192.8  00.5 0.042547 0.064300 0.075204 hargrave 2018-01-22 18:26:07 
TT 680 325.6  85.1 302.8 -01.5 2.96E-06 015.9 175.6  19.2 0.037024 0.029937 0.086215 hargrave 2018-01-25 10:53:30 
TT 680 037.4  86.8 303.8  03.4 3.20E-06 014.5 180.9  18.9 0.035439 0.042167 0.072369 hargrave 2018-01-26 12:10:12 
TT 680 108.5  88.8 301.0  04.2 3.09E-06 016.3 181.3  21.9 0.034175 0.051549 0.076713 hargrave 2018-01-26 14:42:18 
TT 682 053.8  67.3 321.9  11.5 4.03E-06 013.0 191.6  02.3 0.035110 0.044387 0.080737 hargrave 2018-01-31 09:55:53 
TT 682 049.2  69.8 320.0  09.1 3.94E-06 015.4 189.0  03.8 0.034964 0.064640 0.086509 hargrave 2018-01-31 11:42:52 
TT 682 048.6  70.6 319.4  08.7 3.92E-06 014.3 188.5  04.4 0.035469 0.055943 0.081787 hargrave 2018-01-31 13:22:03 
TT 684 324.1  71.2 308.3 -14.2 3.77E-06 021.5 163.8  11.4 0.039210 0.118186 0.089366 hargrave 2018-02-05 11:06:39 
TT 684 338.6  75.2 309.9 -08.7 3.77E-06 016.1 169.6  11.0 0.033956 0.075792 0.077818 hargrave 2018-02-05 14:15:53 
TT 684 340.9  75.4 310.2 -08.1 3.80E-06 016.3 170.2  10.8 0.034245 0.077467 0.079052 hargrave 2018-02-05 16:41:33 
TT 686 243.1  60.8 275.8 -12.4 3.07E-06 012.6 154.6  42.0 0.029650 0.060876 0.082368 hargrave 2018-02-07 13:06:58 
TT 686 238.0  59.8 273.7 -10.7 2.87E-06 013.6 155.6  44.6 0.027558 0.052539 0.083695 hargrave 2018-02-07 15:49:12 
TT 686 226.3  51.4 263.5 -07.3 2.58E-06 012.5 153.6  55.2 0.027704 0.037553 0.084912 hargrave 2018-02-08 12:10:53 
TT 688 185.2  08.6 218.8  25.6 2.28E-06 014.9 306.6  68.8 0.022864 0.037776 0.065093 hargrave 2018-02-14 13:44:08 
TT 688 188.0  09.2 219.4  22.9 2.30E-06 014.7 310.7  71.2 0.023695 0.037967 0.070501 hargrave 2018-02-14 17:26:06 
