TR036 -Ea mag compass orientation (IGRF corrected)
   7.54 295.3  52.0 210.7  87.0   1.0
NRM    010.8  24.7 003.8 -16.7 1.47E-05 003.2 165.3 -25.8 0.046430 0.064093 0.031295 hargrave 2017-10-13 16:05:17 
TT 100 013.2  23.0 006.0 -14.8 1.40E-05 002.0 167.4 -28.0 0.032472 0.037407 0.023835 hargrave 2017-10-15 15:04:59 
TT 200 012.1  21.6 007.2 -16.1 1.34E-05 001.9 165.9 -29.1 0.022485 0.038992 0.018215 hargrave 2017-10-16 10:50:08 
TT 300 016.2  22.0 007.4 -12.3 1.30E-05 002.0 170.3 -29.4 0.031721 0.034805 0.020247 hargrave 2017-10-16 19:37:31 
TT 350 018.1  22.2 007.5 -10.5 1.26E-05 002.9 172.3 -29.5 0.031085 0.058020 0.018807 hargrave 2017-10-17 16:40:01 
TT 400 019.9  21.7 008.2 -08.9 1.21E-05 003.7 174.2 -30.1 0.027875 0.072106 0.022961 hargrave 2017-10-20 13:26:33 
TT 450 017.1  20.3 009.3 -11.7 1.13E-05 003.1 171.0 -31.2 0.021275 0.056533 0.014582 hargrave 2017-10-22 17:01:11 
TT 475 017.3  20.1 009.5 -11.5 1.10E-05 002.2 171.2 -31.4 0.025027 0.036653 0.011786 hargrave 2017-10-23 17:01:25 
TT 500 016.5  19.4 010.1 -12.3 1.08E-05 002.1 170.2 -32.0 0.024459 0.033052 0.013056 hargrave 2017-10-24 15:13:19 
TT 525 016.3  18.4 011.1 -12.6 1.04E-05 002.0 169.8 -33.0 0.020527 0.026962 0.017299 hargrave 2017-10-26 15:26:58 
TT 550 019.7  18.1 011.8 -09.5 9.97E-06 004.2 173.6 -33.7 0.020599 0.070238 0.011698 hargrave 2017-10-27 12:13:35 
TT 555 017.6  17.8 011.9 -11.5 9.75E-06 004.2 171.2 -33.7 0.018245 0.069979 0.013566 hargrave 2017-10-28 14:48:18 
TT 560 017.3  18.0 011.6 -11.7 9.38E-06 002.9 170.9 -33.5 0.022132 0.041203 0.018578 hargrave 2017-10-31 19:33:37 
TT 565 016.7  17.7 011.8 -12.3 9.21E-06 002.2 170.2 -33.7 0.024259 0.023272 0.020190 hargrave 2017-11-03 20:36:04 
TT 570 017.7  17.5 012.1 -11.4 9.09E-06 002.6 171.3 -34.0 0.023795 0.031976 0.020898 hargrave 2017-11-05 20:01:47 
TT 575 018.8  16.7 013.1 -10.5 8.85E-06 002.8 172.4 -35.0 0.024747 0.035023 0.019505 hargrave 2017-11-09 16:59:31 
TT 580 018.7  16.2 013.6 -10.6 8.75E-06 002.8 172.3 -35.4 0.022232 0.030031 0.022189 hargrave 2017-11-14 12:32:54 
TT 600 015.9  13.7 015.9 -13.6 8.08E-06 002.7 168.4 -37.6 0.020226 0.030172 0.017167 hargrave 2017-11-14 21:33:02 
TT 620 015.5  11.2 018.3 -14.3 7.76E-06 002.1 167.4 -40.0 0.017610 0.020218 0.015094 hargrave 2017-11-17 20:48:32 
TT 630 017.7  11.9 017.9 -12.0 7.40E-06 002.5 170.4 -39.6 0.018967 0.027632 0.015143 hargrave 2017-11-19 20:21:45 
TT 640 020.6  13.5 016.5 -09.1 7.00E-06 003.1 174.1 -38.3 0.020076 0.029178 0.021263 hargrave 2017-11-21 19:25:56 
TT 645 016.0  12.1 017.5 -13.7 6.63E-06 002.7 168.3 -39.2 0.022269 0.016950 0.026109 hargrave 2017-11-27 19:06:23 
TT 650 024.1  09.9 020.5 -05.9 6.02E-06 003.2 178.5 -42.1 0.022137 0.013371 0.030564 hargrave 2017-11-28 17:28:43 
TT 655 015.0  03.9 025.8 -15.4 5.72E-06 003.6 164.8 -47.0 0.018697 0.014004 0.036577 hargrave 2017-12-11 14:30:44 
TT 660 023.4  10.1 020.1 -06.7 6.07E-06 003.7 177.5 -41.8 0.022881 0.016058 0.034714 hargrave 2017-12-12 14:10:11 
TT 665 019.7  16.5 013.4 -09.7 5.87E-06 004.2 173.4 -35.3 0.021209 0.024736 0.036617 hargrave 2018-01-08 13:43:03 
TT 670 026.3  12.0 018.4 -03.7 5.67E-06 004.4 181.3 -40.0 0.023561 0.033374 0.031026 hargrave 2018-01-10 16:50:14 
TT 672 017.9  06.4 023.5 -12.3 4.90E-06 005.6 169.6 -45.1 0.023583 0.035980 0.034669 hargrave 2018-01-11 15:54:07 
TT 674 032.1  04.1 026.6  01.6 4.64E-06 004.6 190.0 -47.4 0.022302 0.027599 0.031192 hargrave 2018-01-12 17:01:03 
TT 676 031.0  06.1 024.6  00.6 4.78E-06 006.0 188.1 -45.6 0.023334 0.032040 0.039905 hargrave 2018-01-17 11:22:10 
TT 678 034.3  09.7 021.2  04.0 4.53E-06 004.9 191.8 -41.6 0.020344 0.026827 0.036680 hargrave 2018-01-22 14:07:49 
TT 680 027.3  02.3 028.3 -03.2 3.89E-06 006.4 183.1 -49.7 0.019141 0.017194 0.047294 hargrave 2018-01-25 10:48:56 
TT 680 029.5  03.8 026.8 -01.0 4.13E-06 005.4 186.2 -48.0 0.018864 0.022340 0.039023 hargrave 2018-01-26 12:06:54 
TT 682 022.7 -00.9 031.2 -08.1 4.04E-06 004.9 175.6 -52.9 0.019040 0.015625 0.042993 hargrave 2018-01-31 09:50:58 
TT 684 014.9  09.2 020.3 -15.1 3.13E-06 007.7 166.2 -41.8 0.019877 0.015848 0.039933 hargrave 2018-02-05 11:00:26 
TT 686 338.1 -11.3 045.3 -52.0 1.99E-06 013.6 109.6 -40.3 0.016632 0.026230 0.038750 hargrave 2018-02-07 13:01:12 
TT 686 339.1 -14.8 050.4 -50.4 1.95E-06 013.4 106.8 -43.2 0.020185 0.022288 0.039404 hargrave 2018-02-07 15:46:07 
TT 686 339.6 -22.1 060.9 -47.7 1.89E-06 012.0 098.7 -47.8 0.016048 0.018003 0.038041 hargrave 2018-02-08 12:07:49 
TT 688 355.7 -29.7 064.0 -31.5 1.25E-06 017.0 100.0 -64.2 0.011662 0.023404 0.035073 hargrave 2018-02-14 13:38:45 
TT 688 353.6 -28.7 063.6 -33.6 1.26E-06 017.2 099.9 -62.1 0.011459 0.022133 0.038054 hargrave 2018-02-14 17:21:10 
