TR036 -Ja mag compass orientation (IGRF corrected)
   8.26 295.3  64.0 210.7  87.0   1.0
NRM    010.8  39.3 349.1 -13.3 1.23E-05 004.7 167.8 -23.3 0.024462 0.092496 0.040571 hargrave 2017-10-13 16:12:58 
TT 100 011.9  37.7 350.9 -12.9 1.14E-05 005.9 168.3 -25.1 0.031452 0.113064 0.026373 hargrave 2017-10-15 15:14:19 
TT 200 012.6  37.9 350.9 -12.3 1.07E-05 003.8 168.9 -25.0 0.016483 0.067153 0.019826 hargrave 2017-10-16 10:56:34 
TT 300 014.6  38.5 350.6 -10.6 1.06E-05 002.2 170.8 -24.7 0.024229 0.032256 0.022765 hargrave 2017-10-16 19:46:22 
TT 350 016.7  38.9 350.6 -08.9 1.04E-05 003.4 172.7 -24.6 0.024296 0.055885 0.024038 hargrave 2017-10-17 16:47:16 
TT 400 017.2  39.5 350.1 -08.4 9.99E-06 003.5 173.2 -24.1 0.019942 0.057335 0.020973 hargrave 2017-10-20 13:34:35 
TT 450 017.6  39.5 350.1 -08.1 9.43E-06 003.7 173.5 -24.1 0.017462 0.056395 0.023058 hargrave 2017-10-22 17:08:52 
TT 475 014.7  39.1 350.0 -10.4 9.30E-06 002.4 171.0 -24.1 0.020571 0.033799 0.017389 hargrave 2017-10-23 17:09:05 
TT 500 018.5  39.7 350.0 -07.4 9.02E-06 001.8 174.2 -24.0 0.018599 0.018785 0.018474 hargrave 2017-10-24 15:21:08 
TT 525 015.5  39.5 349.7 -09.7 8.64E-06 003.2 171.7 -23.8 0.015656 0.041218 0.024833 hargrave 2017-10-26 15:35:09 
TT 550 015.8  40.0 349.3 -09.3 8.28E-06 002.5 172.1 -23.4 0.015861 0.029231 0.019872 hargrave 2017-10-27 12:20:52 
TT 555 017.4  40.2 349.3 -08.2 8.07E-06 002.8 173.4 -23.3 0.014977 0.031789 0.023507 hargrave 2017-10-28 14:55:59 
TT 560 016.6  40.4 349.0 -08.7 7.80E-06 002.8 172.8 -23.1 0.019376 0.027178 0.023964 hargrave 2017-10-31 19:41:17 
TT 565 019.5  40.6 349.3 -06.5 7.57E-06 007.2 175.3 -23.2 0.019216 0.093402 0.017727 hargrave 2017-11-03 20:43:44 
TT 570 017.7  40.3 349.3 -07.9 7.46E-06 002.2 173.7 -23.3 0.017793 0.019149 0.018794 hargrave 2017-11-05 20:09:31 
TT 575 016.5  39.8 349.6 -08.9 7.28E-06 002.7 172.6 -23.7 0.017737 0.028746 0.017339 hargrave 2017-11-09 17:07:14 
TT 580 018.0  39.9 349.8 -07.8 7.08E-06 003.3 173.9 -23.8 0.015559 0.025289 0.029985 hargrave 2017-11-14 12:40:36 
TT 600 016.5  39.8 349.6 -08.9 6.67E-06 003.2 172.6 -23.7 0.015892 0.029171 0.022018 hargrave 2017-11-14 21:40:19 
TT 620 012.2  38.3 350.4 -12.5 6.29E-06 003.0 168.8 -24.6 0.013948 0.026834 0.018957 hargrave 2017-11-17 20:56:11 
TT 630 016.8  38.3 351.2 -08.9 5.58E-06 002.7 172.7 -25.2 0.014401 0.020377 0.018311 hargrave 2017-11-19 20:29:26 
TT 640 022.4  34.5 355.6 -05.1 4.95E-06 003.4 177.2 -29.4 0.017724 0.014984 0.026848 hargrave 2017-11-21 19:33:38 
TT 645 022.1  38.8 351.3 -04.8 4.42E-06 004.2 177.2 -25.1 0.019271 0.011959 0.034659 hargrave 2017-11-27 19:14:09 
TT 650 018.4  31.1 358.5 -08.9 3.21E-06 005.8 173.0 -32.5 0.018801 0.008935 0.040721 hargrave 2017-11-28 17:36:28 
TT 655 011.9  37.5 351.1 -12.9 3.18E-06 011.6 168.2 -25.3 0.022163 0.042761 0.051552 hargrave 2017-12-11 14:38:10 
TT 655 020.8  39.5 350.5 -05.7 3.02E-06 011.9 176.2 -24.4 0.019958 0.020247 0.066556 hargrave 2017-12-11 15:02:38 
TT 655 021.7  38.8 351.3 -05.1 3.01E-06 011.8 176.9 -25.1 0.020549 0.017888 0.066182 hargrave 2017-12-11 15:26:26 
TT 660 034.5  32.0 358.8  04.8 3.81E-06 007.7 189.2 -31.4 0.027877 0.019355 0.047750 hargrave 2017-12-12 14:17:39 
TT 665 060.2  24.0 005.0  28.1 3.19E-06 009.6 217.0 -29.6 0.024752 0.018425 0.055977 hargrave 2018-01-08 13:50:40 
TT 665 063.2  25.3 003.0  30.5 3.01E-06 015.0 218.6 -27.0 0.024506 0.021383 0.090354 hargrave 2018-01-08 14:15:45 
TT 665 060.9  25.5 003.2  28.4 3.02E-06 015.3 216.5 -28.1 0.026076 0.028470 0.087659 hargrave 2018-01-08 14:37:30 
TT 670 035.7  35.8 355.0  05.8 4.98E-06 007.3 189.5 -27.4 0.033012 0.034550 0.057029 hargrave 2018-01-10 16:59:24 
TT 672 027.9  42.5 348.1 -00.1 3.83E-06 009.8 182.0 -21.5 0.035495 0.032744 0.060370 hargrave 2018-01-11 16:01:39 
TT 672 027.6  44.3 346.3 -00.1 3.74E-06 013.7 181.8 -19.7 0.034817 0.040026 0.088722 hargrave 2018-01-11 16:41:24 
TT 672 028.6  43.5 347.2  00.5 3.78E-06 013.0 182.6 -20.5 0.035742 0.037625 0.086144 hargrave 2018-01-11 17:22:08 
TT 674 038.5  09.3 021.7  08.1 2.68E-06 011.5 201.7 -52.4 0.032732 0.034296 0.057846 hargrave 2018-01-12 17:10:15 
TT 674 056.1 -06.2 039.0  24.9 1.63E-06 025.9 241.5 -54.6 0.031662 0.029962 0.107909 hargrave 2018-01-16 12:20:58 
TT 674 053.3 -04.2 036.5  22.3 1.67E-06 025.8 235.6 -55.4 0.030764 0.031137 0.112379 hargrave 2018-01-16 13:20:35 
TT 676 032.3  36.0 354.8  03.1 3.08E-06 016.1 186.4 -27.6 0.040346 0.043490 0.075796 hargrave 2018-01-17 11:31:28 
TT 676 031.2  35.0 355.7  02.1 2.87E-06 018.0 185.5 -28.7 0.037440 0.044741 0.092989 hargrave 2018-01-17 12:35:27 
TT 676 032.7  35.1 355.7  03.4 2.88E-06 017.8 186.9 -28.5 0.035872 0.043129 0.093192 hargrave 2018-01-17 13:33:47 
TT 678 073.0 -07.9 043.9  41.2 2.57E-06 013.2 257.0 -41.2 0.031241 0.035421 0.081442 hargrave 2018-01-22 14:15:34 
TT 678 072.0 -07.0 042.6  40.4 2.45E-06 016.4 255.4 -41.7 0.031506 0.041937 0.100119 hargrave 2018-01-22 15:48:22 
TT 678 070.6 -07.6 043.0  38.9 2.40E-06 017.1 255.2 -43.2 0.031608 0.037976 0.101654 hargrave 2018-01-22 18:29:07 
TT 680 035.6  37.6 353.2  05.7 2.75E-06 019.7 189.1 -25.7 0.043241 0.035666 0.086369 hargrave 2018-01-25 10:58:21 
TT 680 044.5  34.2 356.3  13.1 2.64E-06 016.1 197.8 -27.1 0.033520 0.037692 0.078068 hargrave 2018-01-26 12:14:51 
TT 680 043.9  35.9 354.5  12.4 2.46E-06 018.9 196.6 -25.6 0.032589 0.043747 0.082460 hargrave 2018-01-26 14:47:01 
TT 682 031.9  03.0 027.8  01.4 2.41E-06 010.5 193.5 -60.3 0.040696 0.029945 0.097301 hargrave 2018-01-31 09:59:42 
TT 682 025.4  04.1 026.3 -05.0 2.30E-06 019.9 180.2 -59.8 0.030597 0.055217 0.096508 hargrave 2018-01-31 11:45:58 
TT 682 026.8  02.9 027.6 -03.7 2.22E-06 019.0 183.1 -61.1 0.031241 0.051846 0.095735 hargrave 2018-01-31 13:25:06 
TT 684 028.9  39.7 351.0  00.5 2.05E-06 026.4 183.0 -24.2 0.030471 0.058635 0.082807 hargrave 2018-02-05 11:09:43 
TT 684 032.8  37.7 353.1  03.5 1.90E-06 024.6 186.6 -26.0 0.029596 0.044416 0.081452 hargrave 2018-02-05 14:18:54 
TT 684 033.4  37.4 353.4  04.0 1.91E-06 026.5 187.2 -26.1 0.030423 0.052679 0.086587 hargrave 2018-02-05 16:44:33 
TT 686 058.2  62.1 326.2  15.2 1.86E-06 028.1 194.7  01.9 0.029201 0.055758 0.078450 hargrave 2018-02-07 13:11:17 
TT 686 062.2  61.0 326.4  17.4 1.76E-06 030.1 196.9  02.0 0.027763 0.049144 0.085924 hargrave 2018-02-07 15:53:33 
TT 686 069.4  58.7 326.6  21.7 1.41E-06 036.8 201.2  02.2 0.027801 0.039475 0.093487 hargrave 2018-02-08 12:16:43 
TT 688 149.1 -11.6 182.8  58.2 3.00E-07 070.7 297.3  23.7 0.023020 0.036101 0.077370 hargrave 2018-02-14 13:48:46 
TT 688 166.5 -04.6 201.5  43.6 2.10E-07 076.9 303.4  41.5 0.024394 0.035943 0.080986 hargrave 2018-02-14 17:32:02 
