TR020 -Aa mag compass orientation (IGRF corrected)
 1652.4 178.3  64.0  93.2  10.5   1.0
NRM    053.0  53.3 066.2  59.2 1.79E-05 002.8 214.3  52.2 0.053976 0.068954 0.018865 hargrave 2017-10-13 14:54:21 
TT 100 056.4  51.8 069.1  57.2 1.46E-05 002.8 214.5  54.7 0.053129 0.050043 0.017890 hargrave 2017-10-15 13:54:10 
TT 100 055.6  50.2 067.5  55.7 1.46E-05 004.2 217.3  55.2 0.082007 0.070673 0.022372 hargrave 2017-10-15 15:50:49 
TT 200 059.8  46.0 070.3  51.0 1.16E-05 002.4 221.2  59.8 0.031154 0.037174 0.016601 hargrave 2017-10-16 09:52:50 
TT 300 065.9  41.5 075.1  45.6 9.46E-06 002.7 224.4  65.9 0.038834 0.025436 0.008744 hargrave 2017-10-16 18:27:51 
TT 350 069.8  37.5 078.0  41.0 8.31E-06 002.2 229.1  70.6 0.025723 0.022380 0.007468 hargrave 2017-10-17 15:31:54 
TT 400 074.7  31.0 081.1  33.8 7.12E-06 002.8 244.2  77.1 0.027653 0.021733 0.007125 hargrave 2017-10-20 12:17:01 
TT 450 083.7  18.2 087.2  19.6 5.82E-06 002.2 330.2  81.1 0.012078 0.020060 0.006090 hargrave 2017-10-22 15:48:17 
TT 475 088.5  13.0 091.0  13.6 5.33E-06 002.0 001.1  77.0 0.012810 0.013739 0.003843 hargrave 2017-10-23 15:50:24 
TT 500 091.8  07.0 093.1  07.1 5.08E-06 001.9 010.5  70.7 0.012626 0.011532 0.003991 hargrave 2017-10-24 14:00:53 
TT 525 094.8 -00.2 094.7 -00.5 4.86E-06 001.8 014.4  63.1 0.009285 0.011891 0.002634 hargrave 2017-10-26 14:17:01 
TT 550 100.6 -10.4 098.6 -11.6 4.65E-06 003.4 019.8  51.7 0.010615 0.025055 0.005265 hargrave 2017-10-27 11:05:31 
TT 555 103.2 -14.9 100.3 -16.5 4.76E-06 005.4 021.2  46.6 0.018240 0.041525 0.006383 hargrave 2017-10-28 13:36:25 
TT 560 102.6 -19.6 098.8 -21.0 4.70E-06 002.3 018.4  42.3 0.010621 0.013511 0.009048 hargrave 2017-10-31 18:22:04 
TT 565 106.4 -23.0 101.8 -25.0 4.81E-06 003.8 021.3  38.0 0.010861 0.027425 0.014135 hargrave 2017-11-03 19:25:28 
TT 570 103.2 -27.2 097.7 -28.6 4.84E-06 004.8 016.2  34.9 0.009893 0.037912 0.013968 hargrave 2017-11-05 18:50:50 
TT 575 108.4 -29.8 102.2 -32.0 5.00E-06 003.5 020.4  31.0 0.010908 0.025784 0.014974 hargrave 2017-11-09 15:47:56 
TT 580 110.3 -33.9 103.1 -36.3 5.09E-06 003.8 020.4  26.6 0.016601 0.028372 0.012719 hargrave 2017-11-14 11:20:27 
TT 600 115.1 -40.4 106.0 -43.5 5.51E-06 003.0 021.3  19.1 0.013165 0.022584 0.016393 hargrave 2017-11-14 20:27:03 
TT 620 116.8 -52.7 102.7 -55.7 6.32E-06 005.8 016.9  07.5 0.018319 0.058038 0.022302 hargrave 2017-11-17 19:37:48 
TT 630 131.1 -49.2 119.7 -54.9 6.82E-06 005.0 026.5  05.7 0.016056 0.047665 0.033272 hargrave 2017-11-19 19:10:43 
TT 640 130.6 -55.2 116.1 -60.5 6.58E-06 004.8 022.6  01.1 0.008275 0.041500 0.039053 hargrave 2017-11-21 18:15:30 
TT 645 153.0 -46.3 145.8 -55.1 7.67E-06 005.0 038.7 -02.9 0.012643 0.047189 0.053698 hargrave 2017-11-27 17:54:43 
TT 650 125.6 -63.4 104.1 -67.3 6.02E-06 007.0 015.8 -04.1 0.013159 0.052599 0.057332 hargrave 2017-11-28 16:15:50 
TT 655 164.1 -41.4 160.1 -51.2 6.32E-06 006.9 047.1 -07.1 0.018325 0.066591 0.068528 hargrave 2017-12-11 13:17:30 
TT 660 081.5 -72.9 054.1 -68.3 5.59E-06 008.5 358.0 -09.1 0.020505 0.052821 0.067221 hargrave 2017-12-12 12:56:44 
TT 660 088.6 -70.1 062.9 -66.9 6.00E-06 009.6 000.1 -06.1 0.017221 0.044757 0.090569 hargrave 2017-12-12 14:59:35 
TT 660 085.7 -70.1 060.7 -66.4 6.05E-06 009.7 359.1 -06.1 0.016960 0.050024 0.090603 hargrave 2017-12-12 15:38:04 
TT 665 174.8 -57.5 171.1 -67.9 3.92E-06 008.2 034.7 -19.9 0.021243 0.028502 0.051500 hargrave 2018-01-08 12:31:44 
TT 665 162.1 -55.2 154.5 -64.7 4.14E-06 013.3 034.2 -12.5 0.026918 0.026419 0.092571 hargrave 2018-01-08 14:14:03 
TT 665 163.6 -55.8 156.2 -65.5 4.15E-06 013.0 034.0 -13.6 0.027822 0.029220 0.089362 hargrave 2018-01-08 14:35:44 
TT 670 023.7 -45.2 020.8 -35.3 5.04E-06 009.9 320.4 -02.2 0.020400 0.032228 0.082465 hargrave 2018-01-10 15:32:25 
TT 670 029.9 -48.5 025.7 -38.9 5.01E-06 010.4 325.6 -00.9 0.020162 0.029795 0.086619 hargrave 2018-01-10 17:44:35 
TT 670 030.0 -50.3 025.6 -40.7 5.04E-06 010.3 327.0 -02.0 0.022378 0.029728 0.086573 hargrave 2018-01-10 18:32:19 
TT 672 181.7 -11.8 181.6 -22.2 1.02E-05 004.7 080.8 -08.1 0.039636 0.047277 0.068633 hargrave 2018-01-11 14:38:52 
TT 674 353.5 -22.4 354.1 -12.1 4.80E-06 009.3 288.6 -13.7 0.035405 0.039549 0.077540 hargrave 2018-01-12 15:51:09 
TT 674 010.4 -33.1 009.8 -22.7 5.58E-06 012.0 304.7 -04.7 0.022492 0.034895 0.114518 hargrave 2018-01-16 12:03:48 
TT 674 010.5 -33.4 009.8 -23.0 5.55E-06 013.8 305.0 -04.7 0.023673 0.034398 0.131696 hargrave 2018-01-16 13:07:33 
TT 676 349.5 -15.5 350.0 -05.3 6.54E-06 008.6 280.5 -14.4 0.075326 0.036698 0.076283 hargrave 2018-01-17 10:04:14 
TT 676 353.4 -15.4 353.7 -05.1 6.51E-06 010.0 281.9 -11.0 0.030559 0.034962 0.114174 hargrave 2018-01-17 12:24:12 
TT 676 354.2 -16.5 354.5 -06.1 6.52E-06 010.5 283.3 -10.7 0.031497 0.037585 0.118521 hargrave 2018-01-17 13:23:28 
TT 678 220.7  45.4 215.5  36.7 6.27E-06 010.2 148.5 -06.6 0.043430 0.051120 0.100279 hargrave 2018-01-22 12:56:44 
TT 678 215.5  42.8 211.3  33.8 6.25E-06 012.1 144.1 -05.8 0.047641 0.068094 0.113605 hargrave 2018-01-22 15:28:38 
TT 678 213.7  41.2 209.9  32.0 6.25E-06 010.7 141.9 -05.9 0.043601 0.054287 0.105741 hargrave 2018-01-22 18:12:22 
TT 680 176.5 -10.9 176.1 -21.3 1.48E-05 005.1 079.4 -03.1 0.069276 0.087776 0.098125 hargrave 2018-01-25 09:39:01 
TT 682 257.2  77.7 224.2  71.8 7.28E-06 010.3 177.6  13.9 0.044753 0.108514 0.080355 hargrave 2018-01-27 16:45:46 
TT 682 231.9  70.4 216.1  62.3 7.43E-06 010.0 168.3  09.8 0.054063 0.089367 0.103895 hargrave 2018-01-31 11:24:15 
TT 682 223.6  71.3 209.9  62.5 7.15E-06 011.9 166.6  12.1 0.049367 0.103516 0.112601 hargrave 2018-01-31 13:03:31 
TT 684 228.6  54.9 220.1  46.9 7.38E-06 011.1 158.4 -02.3 0.098451 0.052361 0.119987 hargrave 2018-02-05 09:41:03 
TT 684 215.8  48.1 210.8  39.0 7.12E-06 011.4 148.0 -02.3 0.051748 0.086453 0.114982 hargrave 2018-02-05 13:39:00 
TT 684 216.3  48.5 211.2  39.4 7.16E-06 011.5 148.5 -02.2 0.052130 0.074823 0.124106 hargrave 2018-02-05 16:09:34 
TT 686 202.7  29.8 201.2  19.8 1.18E-05 006.6 127.4 -06.0 0.060672 0.091909 0.117599 hargrave 2018-02-07 11:45:06 
TT 688 223.5  50.6 216.8  42.2 6.90E-06 012.1 153.4 -03.8 0.045242 0.082308 0.124048 hargrave 2018-02-14 12:20:54 
TT 688 216.6  47.4 211.5  38.4 6.95E-06 013.5 147.8 -03.1 0.045637 0.092097 0.141336 hargrave 2018-02-14 16:42:03 
