TR020 -Ba mag compass orientation (IGRF corrected)
 1655.1 161.3  62.0  93.2  10.5   1.0
NRM    127.2 -63.1 106.2 -67.4 1.24E-05 003.7 022.5 -11.2 0.031779 0.068320 0.037119 hargrave 2017-10-13 14:55:50 
TT 100 139.5 -62.0 121.2 -68.5 1.59E-05 003.7 026.8 -15.1 0.054535 0.076444 0.052899 hargrave 2017-10-15 13:55:37 
TT 100 139.0 -62.0 120.7 -68.4 1.59E-05 003.5 026.7 -14.9 0.051907 0.075289 0.047476 hargrave 2017-10-15 15:52:17 
TT 200 142.7 -61.3 125.7 -68.3 1.64E-05 003.2 028.2 -16.1 0.027632 0.078762 0.039824 hargrave 2017-10-16 09:54:00 
TT 300 142.2 -62.1 124.4 -68.9 1.72E-05 002.2 027.4 -16.2 0.045399 0.050100 0.036984 hargrave 2017-10-16 18:29:12 
TT 350 142.6 -62.7 124.3 -69.6 1.74E-05 002.0 027.0 -16.7 0.042210 0.042370 0.040209 hargrave 2017-10-17 15:33:16 
TT 400 145.9 -60.4 130.5 -67.9 1.76E-05 002.9 029.9 -17.0 0.052502 0.078283 0.023384 hargrave 2017-10-20 12:18:23 
TT 450 146.9 -60.7 131.5 -68.3 1.76E-05 005.1 029.8 -17.6 0.080827 0.136970 0.020765 hargrave 2017-10-22 15:49:45 
TT 475 145.3 -62.9 127.6 -70.2 1.75E-05 003.1 027.4 -17.9 0.058307 0.078415 0.028430 hargrave 2017-10-23 15:51:52 
TT 500 146.7 -61.9 130.3 -69.5 1.76E-05 001.6 028.6 -18.0 0.038564 0.038436 0.028868 hargrave 2017-10-24 14:02:21 
TT 525 145.8 -63.1 127.9 -70.5 1.75E-05 001.9 027.3 -18.2 0.035362 0.048929 0.020727 hargrave 2017-10-26 14:18:24 
TT 550 148.6 -60.3 133.9 -68.2 1.72E-05 003.9 030.5 -18.2 0.067598 0.097322 0.025209 hargrave 2017-10-27 11:06:53 
TT 555 148.6 -62.0 132.6 -69.8 1.72E-05 002.9 029.0 -18.9 0.056997 0.077387 0.026755 hargrave 2017-10-28 13:37:54 
TT 560 146.4 -62.6 129.2 -70.1 1.66E-05 002.9 027.9 -18.2 0.045715 0.067569 0.036176 hargrave 2017-10-31 18:23:31 
TT 565 149.8 -59.7 135.9 -67.8 1.65E-05 003.3 031.4 -18.4 0.058094 0.072557 0.043477 hargrave 2017-11-03 19:26:56 
TT 570 148.0 -61.1 132.6 -68.9 1.62E-05 004.5 029.7 -18.2 0.072215 0.100900 0.048123 hargrave 2017-11-05 18:52:18 
TT 575 148.5 -61.4 133.0 -69.2 1.62E-05 003.2 029.5 -18.6 0.050306 0.068668 0.043787 hargrave 2017-11-09 15:49:24 
TT 580 148.2 -60.4 133.4 -68.2 1.62E-05 002.8 030.4 -18.0 0.037435 0.064847 0.038914 hargrave 2017-11-14 11:21:57 
TT 600 145.9 -62.4 128.8 -69.8 1.59E-05 002.9 028.0 -17.9 0.044023 0.063435 0.038415 hargrave 2017-11-14 20:28:25 
TT 620 154.3 -57.0 143.4 -65.7 1.62E-05 005.3 035.0 -19.6 0.097060 0.115835 0.033287 hargrave 2017-11-17 19:39:16 
TT 630 148.5 -63.0 131.5 -70.7 1.63E-05 005.5 028.0 -19.2 0.084942 0.134582 0.024538 hargrave 2017-11-19 19:12:14 
TT 640 149.1 -63.0 132.4 -70.8 1.64E-05 003.0 028.1 -19.5 0.055063 0.069585 0.021942 hargrave 2017-11-21 18:16:57 
TT 645 149.6 -62.7 133.3 -70.6 1.63E-05 002.0 028.5 -19.6 0.041702 0.043713 0.027615 hargrave 2017-11-27 17:56:12 
TT 650 149.4 -63.6 132.1 -71.5 1.62E-05 002.0 027.5 -19.8 0.041624 0.044425 0.025300 hargrave 2017-11-28 16:17:18 
TT 655 150.8 -62.1 135.4 -70.2 1.65E-05 001.7 029.3 -19.8 0.032286 0.044258 0.013225 hargrave 2017-12-11 13:18:58 
TT 660 150.8 -62.1 135.4 -70.2 1.64E-05 001.5 029.3 -19.9 0.031526 0.036754 0.021028 hargrave 2017-12-12 12:58:11 
TT 665 150.0 -63.0 133.5 -71.0 1.61E-05 002.5 028.2 -19.9 0.042100 0.058372 0.020827 hargrave 2018-01-08 12:33:11 
TT 670 151.1 -61.9 135.9 -70.1 1.57E-05 002.1 029.5 -19.9 0.043825 0.042056 0.025611 hargrave 2018-01-10 15:33:53 
TT 672 152.5 -62.0 137.8 -70.3 1.54E-05 002.6 029.7 -20.6 0.049090 0.053777 0.024841 hargrave 2018-01-11 14:40:20 
TT 674 150.7 -63.0 134.4 -71.1 1.44E-05 001.8 028.4 -20.1 0.035639 0.032792 0.026423 hargrave 2018-01-12 15:52:38 
TT 676 150.4 -65.4 131.6 -73.3 1.25E-05 002.3 025.9 -20.9 0.031883 0.043301 0.016699 hargrave 2018-01-17 10:05:43 
TT 678 154.5 -58.8 142.7 -67.5 7.79E-06 001.9 033.3 -20.3 0.019176 0.019582 0.015355 hargrave 2018-01-22 12:58:16 
TT 680 145.3 -50.4 135.3 -58.1 4.31E-06 002.0 038.7 -11.9 0.009141 0.009013 0.012009 hargrave 2018-01-25 09:40:30 
TT 682 119.6 -48.4 107.7 -52.1 1.41E-06 002.0 029.7  02.2 0.002581 0.003624 0.003492 hargrave 2018-01-27 16:47:14 
TT 684 181.4  02.4 181.4 -08.1 2.83E-07 011.2 102.0 -16.4 0.001581 0.001691 0.005516 hargrave 2018-02-05 09:42:31 
TT 684 182.3 -00.7 182.3 -11.2 2.94E-07 009.6 099.6 -18.8 0.002261 0.001305 0.004502 hargrave 2018-02-05 13:43:19 
TT 684 181.2  00.4 181.2 -10.1 2.94E-07 009.4 100.0 -17.3 0.002252 0.001247 0.004396 hargrave 2018-02-05 16:13:51 
TT 686 183.8 -10.4 183.8 -20.9 5.72E-07 004.3 091.1 -24.6 0.003638 0.003501 0.001937 hargrave 2018-02-07 11:46:28 
TT 688 194.0  42.8 192.5  32.5 6.16E-07 004.7 141.8 -01.8 0.002338 0.004909 0.002674 hargrave 2018-02-14 12:22:22 
