TR020 -Da mag compass orientation (IGRF corrected)
 1655.9 173.3  64.0  93.2  10.5   1.0
NRM    120.1 -62.7 099.1 -65.7 2.23E-05 001.8 016.0 -03.4 0.034953 0.058527 0.042559 hargrave 2017-10-13 14:58:56 
TT 100 128.8 -64.0 107.0 -68.4 2.58E-05 001.7 018.4 -06.7 0.039716 0.054280 0.050474 hargrave 2017-10-15 13:58:35 
TT 100 128.4 -64.0 106.5 -68.4 2.59E-05 001.7 018.2 -06.7 0.039105 0.056799 0.049840 hargrave 2017-10-15 15:55:18 
TT 200 131.8 -64.5 109.7 -69.4 2.70E-05 003.6 019.0 -08.0 0.046250 0.159912 0.054449 hargrave 2017-10-16 09:56:23 
TT 300 136.1 -63.8 115.4 -69.6 2.82E-05 001.8 020.8 -08.8 0.050119 0.064211 0.053342 hargrave 2017-10-16 18:31:57 
TT 350 135.7 -64.5 114.2 -70.1 2.85E-05 001.7 020.2 -09.2 0.045849 0.061619 0.054447 hargrave 2017-10-17 15:36:04 
TT 400 139.5 -63.2 120.0 -69.6 2.91E-05 001.6 022.3 -09.5 0.036764 0.062781 0.043929 hargrave 2017-10-20 12:21:17 
TT 450 137.4 -65.2 115.4 -71.0 2.90E-05 001.5 020.2 -10.2 0.033532 0.068748 0.040194 hargrave 2017-10-22 15:52:42 
TT 475 139.4 -64.6 118.4 -70.8 2.90E-05 001.5 021.2 -10.4 0.040428 0.062103 0.040557 hargrave 2017-10-23 15:54:49 
TT 500 139.9 -64.5 119.2 -70.8 2.91E-05 001.6 021.5 -10.5 0.053536 0.065942 0.044535 hargrave 2017-10-24 14:05:20 
TT 525 139.0 -64.9 117.6 -71.0 2.93E-05 001.7 020.9 -10.5 0.056767 0.072632 0.039157 hargrave 2017-10-26 14:21:12 
TT 550 144.2 -62.2 126.9 -69.3 2.92E-05 002.9 024.5 -10.6 0.074173 0.132985 0.037645 hargrave 2017-10-27 11:09:38 
TT 555 140.5 -64.6 119.7 -71.1 2.94E-05 001.4 021.5 -10.8 0.041362 0.059095 0.037334 hargrave 2017-10-28 13:40:53 
TT 560 140.5 -64.4 120.0 -70.8 2.86E-05 002.3 021.7 -10.6 0.051394 0.085502 0.067609 hargrave 2017-10-31 18:26:29 
TT 565 140.9 -63.4 121.5 -70.0 2.83E-05 002.1 022.5 -10.2 0.039169 0.076235 0.066843 hargrave 2017-11-03 19:29:53 
TT 570 136.9 -65.3 114.7 -71.0 2.82E-05 002.5 020.0 -10.1 0.047033 0.099278 0.074004 hargrave 2017-11-05 18:55:17 
TT 575 140.2 -64.0 120.0 -70.4 2.84E-05 001.9 021.9 -10.3 0.039500 0.069544 0.068723 hargrave 2017-11-09 15:52:29 
TT 580 139.9 -63.6 120.1 -70.0 2.84E-05 002.5 022.1 -10.0 0.027790 0.088217 0.088087 hargrave 2017-11-14 11:24:58 
TT 600 138.5 -64.1 117.8 -70.3 2.79E-05 002.2 021.3 -09.8 0.034919 0.077595 0.073386 hargrave 2017-11-14 20:31:11 
TT 620 140.0 -64.0 119.8 -70.4 2.84E-05 003.5 021.9 -10.2 0.061570 0.161414 0.043383 hargrave 2017-11-17 19:42:14 
TT 630 141.3 -62.2 123.1 -69.0 2.85E-05 003.3 023.6 -09.6 0.061818 0.154170 0.049588 hargrave 2017-11-19 19:15:15 
TT 640 138.1 -63.6 118.1 -69.7 2.80E-05 002.1 021.7 -09.3 0.046113 0.088348 0.053740 hargrave 2017-11-21 18:19:54 
TT 645 138.9 -63.2 119.3 -69.5 2.73E-05 002.0 022.1 -09.3 0.043199 0.071636 0.068412 hargrave 2017-11-27 17:59:11 
TT 650 130.2 -66.5 105.4 -71.0 2.64E-05 002.6 017.2 -09.1 0.042833 0.099737 0.071351 hargrave 2017-11-28 16:20:17 
TT 655 140.4 -60.8 123.5 -67.4 2.56E-05 003.1 024.5 -08.3 0.036198 0.116254 0.086899 hargrave 2017-12-11 13:21:54 
TT 660 135.2 -67.0 110.3 -72.3 2.38E-05 002.6 018.3 -10.7 0.040311 0.077103 0.088113 hargrave 2017-12-12 13:01:07 
TT 665 144.2 -64.7 124.2 -71.7 2.21E-05 002.7 022.4 -12.1 0.055542 0.075990 0.060150 hargrave 2018-01-08 12:36:12 
TT 670 132.6 -69.4 103.4 -73.9 1.94E-05 003.1 015.8 -11.8 0.050669 0.063641 0.079323 hargrave 2018-01-10 15:36:55 
TT 672 154.9 -53.3 145.8 -62.2 2.10E-05 002.9 035.2 -10.5 0.046150 0.061898 0.081582 hargrave 2018-01-11 14:43:21 
TT 674 129.9 -73.1 092.3 -76.5 1.55E-05 003.3 012.6 -13.9 0.023068 0.045008 0.082820 hargrave 2018-01-12 15:55:37 
TT 676 158.0 -69.6 136.4 -78.3 1.33E-05 003.3 020.8 -19.2 0.048388 0.042854 0.073868 hargrave 2018-01-17 10:08:40 
TT 678 111.6 -77.3 065.5 -76.4 6.35E-06 009.5 006.2 -14.7 0.022351 0.043624 0.099429 hargrave 2018-01-22 13:01:22 
TT 678 111.2 -75.9 069.3 -75.3 6.54E-06 011.1 006.7 -13.4 0.033038 0.037678 0.120852 hargrave 2018-01-22 15:30:16 
TT 678 108.5 -75.9 067.4 -74.9 6.63E-06 010.1 006.1 -13.1 0.027140 0.039988 0.111219 hargrave 2018-01-22 18:13:56 
TT 680 176.1 -39.8 174.6 -50.2 8.97E-06 007.2 054.0 -18.3 0.046014 0.056118 0.093138 hargrave 2018-01-25 09:43:36 
TT 680 174.1 -44.8 171.9 -55.1 8.36E-06 008.0 048.5 -18.6 0.031253 0.042856 0.113190 hargrave 2018-01-26 11:45:26 
TT 680 172.2 -44.1 169.6 -54.3 8.53E-06 008.2 048.7 -17.0 0.031146 0.045864 0.113425 hargrave 2018-01-26 14:26:42 
TT 682 014.2 -49.8 012.4 -39.5 4.18E-06 012.0 322.6 -07.3 0.029568 0.059106 0.077856 hargrave 2018-01-27 16:50:13 
TT 682 002.4 -59.5 002.6 -49.0 3.27E-06 019.3 328.2 -17.8 0.036879 0.063371 0.115906 hargrave 2018-01-31 11:28:30 
TT 682 009.5 -57.2 008.1 -46.7 3.62E-06 019.0 327.7 -13.5 0.029123 0.061028 0.116038 hargrave 2018-01-31 13:06:32 
TT 684 307.1  13.2 304.5  18.9 1.98E-06 041.3 232.7 -32.1 0.064598 0.043066 0.157078 hargrave 2018-02-05 09:48:46 
TT 684 300.0 -02.2 300.0  02.5 1.61E-06 039.0 242.1 -47.4 0.034705 0.040469 0.134501 hargrave 2018-02-05 13:49:37 
TT 684 299.4 -00.8 299.2  03.8 1.67E-06 038.4 240.0 -47.1 0.034696 0.043469 0.137500 hargrave 2018-02-05 16:20:08 
TT 686 272.5  49.5 260.5  48.2 2.64E-06 027.5 186.2 -14.1 0.034360 0.047878 0.127382 hargrave 2018-02-07 11:52:17 
TT 686 274.3  50.4 261.8  49.4 2.34E-06 033.1 187.1 -13.0 0.032951 0.040248 0.146357 hargrave 2018-02-07 15:22:02 
TT 686 281.0  44.9 270.4  45.4 1.86E-06 038.0 193.0 -17.2 0.032682 0.037753 0.138773 hargrave 2018-02-08 11:45:02 
TT 688 312.9  62.2 293.3  67.6 2.64E-06 028.6 200.9  06.7 0.031543 0.044341 0.133741 hargrave 2018-02-14 12:28:35 
TT 688 310.6  63.7 289.3  68.5 2.41E-06 031.7 199.2  07.1 0.031348 0.049411 0.136761 hargrave 2018-02-14 16:48:21 
