TR020 -Ea mag compass orientation (IGRF corrected)
 1656.3 165.3  30.0  93.2  10.5   1.0
NRM    151.4 -52.6 141.7 -61.0 2.41E-05 004.6 048.4 -37.9 0.120418 0.148021 0.050871 hargrave 2017-10-13 15:02:46 
TT 100 152.8 -52.1 143.7 -60.8 2.91E-05 003.0 049.6 -38.1 0.103803 0.102298 0.071076 hargrave 2017-10-15 14:02:19 
TT 200 159.5 -50.1 152.7 -59.5 3.08E-05 002.4 055.4 -39.2 0.073193 0.118205 0.061952 hargrave 2017-10-16 09:59:30 
TT 300 158.9 -51.3 151.6 -60.6 3.16E-05 002.5 054.1 -39.9 0.103444 0.085577 0.065590 hargrave 2017-10-16 18:35:31 
TT 350 158.9 -51.6 151.5 -60.9 3.20E-05 002.9 053.8 -40.1 0.118771 0.103019 0.063060 hargrave 2017-10-17 15:39:40 
TT 400 162.0 -51.1 155.5 -60.7 3.27E-05 003.2 056.1 -41.0 0.128751 0.112649 0.074336 hargrave 2017-10-20 12:25:50 
TT 450 159.8 -51.5 152.7 -60.9 3.22E-05 004.8 054.4 -40.4 0.221161 0.153395 0.033935 hargrave 2017-10-22 15:57:14 
TT 475 159.7 -51.9 152.4 -61.3 3.23E-05 003.4 054.1 -40.7 0.161112 0.103858 0.057536 hargrave 2017-10-23 15:58:34 
TT 500 159.9 -52.0 152.6 -61.4 3.22E-05 001.8 054.0 -40.8 0.071630 0.062465 0.061174 hargrave 2017-10-24 14:09:09 
TT 525 162.4 -51.1 156.1 -60.7 3.20E-05 002.8 056.4 -41.2 0.118683 0.103999 0.049083 hargrave 2017-10-26 14:24:01 
TT 550 163.4 -50.9 157.4 -60.6 3.17E-05 002.1 057.2 -41.5 0.084489 0.077316 0.062890 hargrave 2017-10-27 11:13:15 
TT 555 165.4 -49.4 160.3 -59.3 3.17E-05 001.8 059.8 -41.2 0.073053 0.065761 0.049983 hargrave 2017-10-28 13:44:41 
TT 560 163.5 -50.5 157.7 -60.2 3.08E-05 002.7 057.6 -41.2 0.100949 0.091235 0.066244 hargrave 2017-10-31 18:30:16 
TT 565 162.6 -50.7 156.5 -60.3 3.06E-05 004.8 056.9 -40.9 0.209599 0.137724 0.085447 hargrave 2017-11-03 19:33:44 
TT 570 163.4 -50.2 157.6 -59.9 3.02E-05 004.6 057.9 -40.9 0.194324 0.127718 0.093069 hargrave 2017-11-05 18:59:03 
TT 575 162.3 -50.4 156.1 -60.0 3.02E-05 003.0 056.9 -40.6 0.111648 0.084636 0.093293 hargrave 2017-11-09 15:56:17 
TT 580 161.8 -50.0 155.6 -59.6 3.01E-05 002.7 057.0 -40.1 0.085626 0.100965 0.068801 hargrave 2017-11-14 11:28:45 
TT 600 160.9 -49.6 154.6 -59.1 2.96E-05 004.0 056.7 -39.4 0.150648 0.135521 0.074314 hargrave 2017-11-14 20:34:45 
TT 620 161.4 -51.9 154.6 -61.4 3.02E-05 002.7 055.1 -41.4 0.100788 0.095865 0.055693 hargrave 2017-11-17 19:46:00 
TT 630 163.1 -51.3 156.9 -61.0 3.02E-05 003.7 056.6 -41.6 0.156985 0.111691 0.059600 hargrave 2017-11-19 19:19:05 
TT 640 162.5 -52.5 155.8 -62.1 2.99E-05 002.7 055.2 -42.2 0.104442 0.095181 0.056765 hargrave 2017-11-21 18:23:38 
TT 645 163.9 -50.9 158.0 -60.7 2.99E-05 002.6 057.5 -41.7 0.097150 0.093321 0.057957 hargrave 2017-11-27 18:02:59 
TT 650 161.5 -53.7 154.2 -63.2 2.93E-05 002.7 053.5 -42.7 0.093043 0.100944 0.062970 hargrave 2017-11-28 16:24:05 
TT 655 167.6 -49.4 163.1 -59.4 3.03E-05 004.1 061.2 -42.1 0.171784 0.133577 0.027839 hargrave 2017-12-11 13:25:28 
TT 660 160.6 -54.4 152.7 -63.8 2.93E-05 002.9 052.3 -42.9 0.110919 0.102859 0.035741 hargrave 2017-12-12 13:04:43 
TT 665 164.6 -52.1 158.6 -61.8 2.87E-05 003.0 056.9 -42.8 0.109007 0.102964 0.040945 hargrave 2018-01-08 12:39:53 
TT 670 164.8 -52.5 158.8 -62.3 2.75E-05 002.1 056.6 -43.2 0.069549 0.071738 0.045957 hargrave 2018-01-10 15:41:21 
TT 672 163.9 -51.4 158.0 -61.2 2.76E-05 002.9 057.0 -42.1 0.109395 0.083905 0.047837 hargrave 2018-01-11 14:47:48 
TT 674 163.4 -54.1 156.5 -63.7 2.58E-05 002.8 054.3 -43.8 0.088425 0.092445 0.037173 hargrave 2018-01-12 15:58:35 
TT 676 166.7 -51.0 161.6 -61.0 2.44E-05 003.2 059.1 -42.9 0.093693 0.098881 0.036398 hargrave 2018-01-17 10:13:09 
TT 678 169.5 -53.0 164.8 -63.1 1.79E-05 006.5 058.9 -45.5 0.180456 0.096827 0.028509 hargrave 2018-01-22 13:04:15 
TT 680 166.7 -50.6 161.7 -60.5 1.42E-05 002.5 059.6 -42.6 0.049565 0.035424 0.023877 hargrave 2018-01-25 09:46:30 
TT 682 160.7 -58.2 151.3 -67.6 1.17E-05 003.1 048.7 -45.7 0.049430 0.037139 0.020363 hargrave 2018-01-27 16:53:03 
TT 684 183.0 -39.1 183.0 -49.6 4.50E-06 003.8 081.4 -41.6 0.025080 0.013862 0.012561 hargrave 2018-02-05 09:53:14 
TT 686 178.9 -35.5 178.2 -46.0 1.74E-06 006.2 081.1 -36.8 0.008373 0.012386 0.011887 hargrave 2018-02-07 11:56:33 
TT 688 318.5 -02.6 318.3  04.8 1.08E-06 005.2 247.6 -15.4 0.006705 0.011606 0.008316 hargrave 2018-02-14 12:31:29 
