TR020 -Ca mag compass orientation (IGRF corrected)
 1655.8 169.3  50.0  93.2  10.5   1.0
NRM    044.7 -33.1 041.0 -25.0 7.40E-06 003.6 331.1  10.2 0.030150 0.032366 0.021512 hargrave 2017-10-13 14:57:22 
TT 100 082.4 -59.5 066.6 -56.1 9.86E-06 002.5 001.6 -09.5 0.018232 0.020452 0.037470 hargrave 2017-10-15 13:57:05 
TT 100 082.5 -59.4 066.7 -56.0 9.88E-06 002.5 001.7 -09.4 0.018736 0.022312 0.036429 hargrave 2017-10-15 15:53:46 
TT 200 090.6 -64.8 069.8 -62.4 1.07E-05 004.0 004.9 -15.2 0.018438 0.054193 0.052850 hargrave 2017-10-16 09:55:10 
TT 300 097.4 -65.4 075.1 -64.1 1.15E-05 002.3 007.8 -16.3 0.024799 0.023922 0.038535 hargrave 2017-10-16 18:30:33 
TT 350 101.9 -65.9 078.6 -65.3 1.18E-05 002.3 009.5 -17.3 0.025328 0.025992 0.039065 hargrave 2017-10-17 15:34:38 
TT 400 103.0 -66.4 078.9 -66.0 1.22E-05 002.5 009.7 -17.9 0.028955 0.047400 0.024691 hargrave 2017-10-20 12:19:49 
TT 450 104.5 -67.1 079.6 -66.8 1.23E-05 004.4 010.1 -18.8 0.025653 0.091826 0.021143 hargrave 2017-10-22 15:51:12 
TT 475 106.3 -66.8 081.4 -66.9 1.23E-05 002.0 010.9 -18.8 0.026334 0.030683 0.028167 hargrave 2017-10-23 15:53:19 
TT 500 107.1 -66.9 082.0 -67.2 1.23E-05 002.0 011.2 -19.0 0.024458 0.026976 0.031480 hargrave 2017-10-24 14:03:49 
TT 525 106.1 -67.6 080.4 -67.6 1.23E-05 001.8 010.5 -19.5 0.022501 0.031556 0.020462 hargrave 2017-10-26 14:19:47 
TT 550 114.0 -66.1 089.5 -67.7 1.23E-05 003.1 014.2 -19.4 0.025369 0.058343 0.026911 hargrave 2017-10-27 11:08:14 
TT 555 109.2 -66.9 083.9 -67.6 1.22E-05 002.3 012.0 -19.4 0.020987 0.045714 0.018938 hargrave 2017-10-28 13:39:21 
TT 560 113.2 -65.8 089.0 -67.3 1.18E-05 002.1 014.0 -19.0 0.022723 0.027972 0.031644 hargrave 2017-10-31 18:24:58 
TT 565 110.3 -65.6 086.5 -66.5 1.17E-05 002.6 013.0 -18.3 0.024915 0.032311 0.042171 hargrave 2017-11-03 19:28:23 
TT 570 110.8 -65.9 086.6 -67.0 1.15E-05 002.7 013.0 -18.7 0.025212 0.031389 0.043819 hargrave 2017-11-05 18:53:45 
TT 575 112.1 -65.7 088.1 -67.0 1.16E-05 002.8 013.6 -18.7 0.025791 0.039141 0.041262 hargrave 2017-11-09 15:50:54 
TT 580 115.6 -66.1 090.9 -68.0 1.17E-05 002.4 014.8 -19.7 0.022899 0.038332 0.029300 hargrave 2017-11-14 11:23:26 
TT 600 115.7 -65.6 091.6 -67.6 1.14E-05 002.3 015.0 -19.4 0.023190 0.027394 0.034811 hargrave 2017-11-14 20:29:47 
TT 620 110.2 -65.7 086.3 -66.7 1.16E-05 003.7 012.9 -18.4 0.025321 0.066324 0.034357 hargrave 2017-11-17 19:40:44 
TT 630 124.5 -63.5 102.8 -67.2 1.15E-05 004.1 019.6 -19.5 0.032733 0.071173 0.038358 hargrave 2017-11-19 19:13:45 
TT 640 121.4 -66.6 096.1 -69.4 1.14E-05 003.2 016.6 -21.3 0.021883 0.049486 0.042411 hargrave 2017-11-21 18:18:24 
TT 645 124.4 -65.5 100.5 -69.0 1.15E-05 003.4 018.4 -21.1 0.020914 0.048535 0.052202 hargrave 2017-11-27 17:57:39 
TT 650 108.9 -67.4 083.1 -67.9 1.12E-05 004.1 011.6 -19.7 0.017410 0.059376 0.059282 hargrave 2017-11-28 16:18:46 
TT 655 122.5 -63.9 100.3 -67.3 1.18E-05 003.2 018.6 -19.4 0.016052 0.045444 0.056767 hargrave 2017-12-11 13:20:24 
TT 660 115.0 -69.1 086.3 -70.5 1.11E-05 003.2 013.0 -22.2 0.015898 0.041780 0.052187 hargrave 2017-12-12 12:59:38 
TT 665 122.8 -69.6 092.9 -72.3 1.09E-05 002.5 015.3 -24.1 0.023955 0.031762 0.036369 hargrave 2018-01-08 12:34:42 
TT 670 109.3 -69.1 081.2 -69.5 1.04E-05 003.2 011.0 -21.4 0.021569 0.024690 0.053630 hargrave 2018-01-10 15:35:24 
TT 672 137.8 -62.0 119.2 -68.2 1.05E-05 002.7 025.6 -22.3 0.025751 0.024587 0.039554 hargrave 2018-01-11 14:41:51 
TT 674 119.1 -68.5 091.1 -70.7 8.92E-06 002.9 014.7 -22.5 0.015265 0.021677 0.039223 hargrave 2018-01-12 15:54:05 
TT 676 127.1 -66.7 101.7 -70.6 7.82E-06 002.2 018.5 -22.8 0.015128 0.019329 0.026670 hargrave 2018-01-17 10:07:10 
TT 678 116.2 -69.2 087.2 -70.8 4.37E-06 005.0 013.3 -22.6 0.005964 0.017402 0.034905 hargrave 2018-01-22 12:59:48 
TT 680 167.2 -59.8 159.6 -69.7 2.57E-06 005.8 036.7 -32.8 0.012304 0.012546 0.026245 hargrave 2018-01-25 09:42:05 
TT 682 039.1 -36.3 035.4 -27.6 9.73E-07 014.7 328.5  05.2 0.005237 0.013251 0.021845 hargrave 2018-01-27 16:48:43 
TT 682 055.6 -47.5 048.0 -40.5 9.99E-07 018.2 344.3  00.0 0.006804 0.014929 0.028748 hargrave 2018-01-31 11:25:46 
TT 682 049.3 -42.3 043.6 -34.6 1.04E-06 018.7 338.2  03.3 0.009132 0.013435 0.031905 hargrave 2018-01-31 13:05:02 
TT 684 279.7  35.3 272.2  35.8 7.52E-07 024.5 197.0 -12.4 0.012574 0.019525 0.026771 hargrave 2018-02-05 09:45:37 
TT 684 264.8  35.2 257.8  33.1 6.21E-07 024.1 184.7 -14.6 0.010180 0.009068 0.026956 hargrave 2018-02-05 13:46:28 
TT 684 264.8  35.4 257.8  33.2 6.31E-07 023.5 184.6 -14.5 0.010109 0.009635 0.026592 hargrave 2018-02-05 16:17:00 
TT 686 192.7 -15.6 193.3 -26.0 9.05E-07 020.0 092.5 -27.8 0.010532 0.017268 0.026472 hargrave 2018-02-07 11:49:21 
TT 686 186.5 -21.4 186.8 -31.9 8.29E-07 021.0 083.4 -26.5 0.009972 0.014405 0.027185 hargrave 2018-02-07 15:19:05 
TT 686 182.9 -25.4 182.9 -35.9 8.43E-07 022.5 077.7 -26.0 0.012779 0.014416 0.029693 hargrave 2018-02-08 11:39:22 
TT 688 260.1  33.7 253.7  30.7 5.71E-07 028.8 180.7 -16.3 0.008963 0.008344 0.030921 hargrave 2018-02-14 12:25:27 
TT 688 243.3  32.3 238.3  26.7 5.07E-07 034.1 166.0 -16.2 0.011154 0.008950 0.032871 hargrave 2018-02-14 16:45:12 
