TR020 -Ja mag compass orientation (IGRF corrected)
 1657.2 133.3  69.0  93.2  10.5   1.0
NRM    112.6 -83.5 039.7 -79.7 3.88E-05 003.3 006.4 -18.6 0.062713 0.214910 0.065299 hargrave 2017-10-13 15:10:01 
TT 100 127.2 -84.3 036.4 -81.3 4.20E-05 003.1 006.1 -20.3 0.073269 0.205428 0.085523 hargrave 2017-10-15 14:09:34 
TT 200 134.3 -83.7 039.9 -82.1 4.35E-05 002.3 006.7 -21.0 0.128577 0.144994 0.083271 hargrave 2017-10-16 10:05:23 
TT 300 140.7 -81.7 055.4 -82.9 4.44E-05 001.6 008.9 -21.8 0.102145 0.066308 0.089349 hargrave 2017-10-16 18:42:10 
TT 350 144.0 -82.3 050.0 -83.4 4.49E-05 003.5 008.1 -22.2 0.103923 0.248134 0.095046 hargrave 2017-10-17 15:46:29 
TT 400 148.0 -80.4 067.7 -83.9 4.55E-05 003.3 010.1 -23.1 0.082640 0.248623 0.065706 hargrave 2017-10-20 12:32:42 
TT 450 148.5 -80.5 067.0 -84.0 4.52E-05 005.4 010.0 -23.2 0.083564 0.420400 0.056514 hargrave 2017-10-22 16:04:25 
TT 475 151.7 -82.0 052.1 -84.4 4.52E-05 001.3 008.3 -23.3 0.084986 0.056382 0.071640 hargrave 2017-10-23 16:06:34 
TT 500 151.3 -80.7 065.8 -84.5 4.54E-05 001.8 009.7 -23.6 0.091328 0.109662 0.075294 hargrave 2017-10-24 14:16:27 
TT 525 153.3 -81.2 060.4 -84.8 4.54E-05 001.2 009.1 -23.8 0.079544 0.055212 0.055574 hargrave 2017-10-26 14:31:36 
TT 550 150.1 -78.5 085.8 -83.7 4.55E-05 002.9 012.1 -23.9 0.104447 0.212299 0.053424 hargrave 2017-10-27 11:19:59 
TT 555 152.7 -79.7 076.0 -84.6 4.54E-05 003.5 010.6 -24.1 0.069908 0.270793 0.054851 hargrave 2017-10-28 13:51:58 
TT 560 154.4 -81.2 060.4 -84.9 4.42E-05 002.0 009.0 -23.9 0.091560 0.096271 0.097378 hargrave 2017-10-31 18:37:29 
TT 565 154.2 -80.2 071.7 -84.9 4.41E-05 003.3 010.1 -24.2 0.094150 0.217360 0.118777 hargrave 2017-11-03 19:40:58 
TT 570 153.2 -79.8 074.8 -84.7 4.39E-05 004.0 010.5 -24.1 0.104542 0.274587 0.113030 hargrave 2017-11-05 19:06:18 
TT 575 167.7 -83.7 023.7 -85.2 4.39E-05 003.2 005.7 -24.4 0.095446 0.203297 0.124289 hargrave 2017-11-09 16:04:20 
TT 580 155.7 -80.4 069.0 -85.2 4.38E-05 002.6 009.7 -24.4 0.086733 0.141246 0.119065 hargrave 2017-11-14 11:36:05 
TT 600 158.0 -81.5 055.7 -85.4 4.32E-05 002.4 008.5 -24.3 0.094677 0.117313 0.109714 hargrave 2017-11-14 20:41:25 
TT 620 160.0 -79.9 076.1 -85.9 4.40E-05 005.9 010.0 -25.2 0.105813 0.443782 0.056140 hargrave 2017-11-17 19:53:11 
TT 630 159.9 -79.0 088.0 -85.7 4.38E-05 005.7 010.9 -25.6 0.113327 0.419128 0.052036 hargrave 2017-11-19 19:26:21 
TT 640 169.5 -81.0 053.5 -87.2 4.36E-05 001.2 008.1 -26.1 0.090040 0.052662 0.059890 hargrave 2017-11-21 18:30:46 
TT 645 163.3 -79.0 091.0 -86.3 4.26E-05 001.5 010.6 -26.2 0.091655 0.068834 0.064496 hargrave 2017-11-27 18:11:09 
TT 650 166.4 -80.2 071.2 -87.0 4.24E-05 002.1 009.1 -26.1 0.087065 0.133621 0.059560 hargrave 2017-11-28 16:32:11 
TT 655 168.1 -79.7 081.8 -87.3 4.18E-05 001.5 009.5 -26.6 0.081320 0.099744 0.030904 hargrave 2017-12-11 13:34:17 
TT 660 174.9 -79.4 094.6 -88.5 4.09E-05 001.3 009.0 -27.8 0.075907 0.074337 0.041057 hargrave 2017-12-12 13:13:30 
TT 665 172.6 -79.5 086.6 -88.1 3.92E-05 001.6 009.1 -27.4 0.091020 0.065394 0.053822 hargrave 2018-01-08 12:47:56 
TT 670 184.3 -79.5 271.2 -89.8 3.80E-05 001.4 007.5 -29.0 0.068362 0.056416 0.055003 hargrave 2018-01-10 15:48:40 
TT 672 170.6 -76.4 136.8 -85.9 3.72E-05 002.2 012.4 -28.8 0.076875 0.121903 0.053032 hargrave 2018-01-11 14:55:08 
TT 674 187.5 -80.6 330.5 -88.7 3.69E-05 001.5 006.3 -28.5 0.068765 0.054167 0.064519 hargrave 2018-01-12 16:05:57 
TT 676 178.9 -77.5 157.7 -87.8 3.56E-05 002.9 010.0 -29.6 0.070111 0.162931 0.051275 hargrave 2018-01-17 10:20:25 
TT 678 166.2 -72.1 145.2 -81.6 3.27E-05 003.6 017.3 -29.8 0.120469 0.162970 0.096971 hargrave 2018-01-22 13:11:35 
TT 680 170.3 -77.0 129.8 -86.4 3.04E-05 001.8 011.7 -28.4 0.083170 0.060010 0.051203 hargrave 2018-01-25 09:53:47 
TT 682 183.8 -78.4 189.9 -88.9 2.96E-05 002.9 008.4 -29.7 0.080408 0.132780 0.045547 hargrave 2018-01-28 11:54:06 
TT 684 190.0 -76.8 213.8 -87.0 1.62E-05 002.9 008.5 -31.8 0.041360 0.053798 0.072846 hargrave 2018-02-05 10:00:29 
TT 686 172.5 -73.6 155.1 -83.6 1.10E-05 003.6 014.7 -30.7 0.021684 0.045233 0.057853 hargrave 2018-02-07 12:03:17 
TT 688 264.1 -82.4 323.9 -78.1 6.45E-06 003.5 354.4 -26.7 0.018103 0.027263 0.032703 hargrave 2018-02-14 12:40:21 
