TR020 -Fa mag compass orientation (IGRF corrected)
 1656.7 164.3  62.0  93.2  10.5   1.0
NRM    056.0 -70.9 038.6 -63.3 5.95E-05 003.6 354.0 -09.7 0.045331 0.360298 0.107822 hargrave 2017-10-13 15:04:19 
TT 100 060.1 -72.5 040.1 -65.2 6.17E-05 003.9 355.7 -11.0 0.094902 0.393758 0.155982 hargrave 2017-10-15 14:03:52 
TT 200 053.8 -72.9 035.6 -64.9 6.27E-05 004.2 354.0 -11.9 0.143636 0.426947 0.158930 hargrave 2017-10-16 10:00:45 
TT 300 063.6 -74.1 040.9 -67.1 6.34E-05 001.7 357.0 -12.4 0.107272 0.092563 0.166398 hargrave 2017-10-16 18:36:56 
TT 350 065.5 -74.3 041.9 -67.5 6.35E-05 001.3 357.6 -12.5 0.095273 0.046378 0.143888 hargrave 2017-10-17 15:41:07 
TT 400 065.4 -74.6 041.5 -67.7 6.38E-05 002.7 357.6 -12.8 0.065808 0.287759 0.097528 hargrave 2017-10-20 12:27:20 
TT 450 060.5 -74.4 038.6 -67.0 6.30E-05 005.0 356.2 -12.8 0.058318 0.549960 0.087875 hargrave 2017-10-22 15:58:46 
TT 475 065.6 -74.8 041.4 -67.9 6.32E-05 001.2 357.7 -13.0 0.087372 0.059040 0.124893 hargrave 2017-10-23 16:00:06 
TT 500 068.9 -75.2 043.0 -68.7 6.30E-05 001.7 358.6 -13.2 0.096679 0.129548 0.139243 hargrave 2017-10-24 14:10:42 
TT 525 061.1 -74.9 038.5 -67.5 6.29E-05 001.6 356.5 -13.2 0.064067 0.151413 0.083377 hargrave 2017-10-26 14:25:27 
TT 550 074.9 -75.3 046.6 -69.5 6.25E-05 002.6 000.2 -13.3 0.088765 0.267241 0.099514 hargrave 2017-10-27 11:14:42 
TT 555 055.3 -74.7 035.1 -66.7 6.25E-05 001.1 354.9 -13.4 0.064175 0.089881 0.081146 hargrave 2017-10-28 13:46:14 
TT 560 061.3 -74.9 038.6 -67.6 6.12E-05 001.5 356.6 -13.3 0.067326 0.072665 0.149721 hargrave 2017-10-31 18:31:48 
TT 565 070.5 -75.7 043.4 -69.3 6.06E-05 003.1 359.0 -13.7 0.096814 0.279048 0.184210 hargrave 2017-11-03 19:35:16 
TT 570 069.8 -75.3 043.4 -68.9 6.02E-05 001.7 358.8 -13.3 0.093726 0.061023 0.173874 hargrave 2017-11-05 19:00:39 
TT 575 063.3 -74.9 039.9 -67.7 6.03E-05 002.2 357.1 -13.1 0.101809 0.093438 0.204033 hargrave 2017-11-09 15:58:39 
TT 580 065.9 -75.2 041.1 -68.3 6.01E-05 001.8 357.8 -13.4 0.050845 0.095924 0.167769 hargrave 2017-11-14 11:30:17 
TT 600 064.2 -75.1 040.1 -68.1 5.91E-05 001.7 357.4 -13.3 0.079850 0.064302 0.163270 hargrave 2017-11-14 20:36:11 
TT 620 060.4 -75.2 037.8 -67.7 5.98E-05 000.9 356.4 -13.6 0.089684 0.056072 0.089734 hargrave 2017-11-17 19:47:32 
TT 630 066.2 -74.9 041.7 -68.1 5.89E-05 002.2 357.9 -13.0 0.081645 0.208351 0.087553 hargrave 2017-11-19 19:20:37 
TT 640 066.1 -75.5 040.9 -68.6 5.87E-05 001.1 357.9 -13.6 0.087690 0.053942 0.098886 hargrave 2017-11-21 18:25:10 
TT 645 062.1 -75.6 038.3 -68.2 5.86E-05 000.9 356.9 -13.9 0.064457 0.052408 0.080298 hargrave 2017-11-27 18:05:24 
TT 650 079.4 -76.4 047.8 -71.0 5.68E-05 001.6 001.2 -14.4 0.059218 0.120417 0.105310 hargrave 2017-11-28 16:26:27 
TT 655 054.1 -75.1 033.9 -67.1 5.81E-05 000.6 354.8 -14.0 0.041456 0.033732 0.042276 hargrave 2017-12-11 13:27:49 
TT 660 065.8 -76.5 039.4 -69.5 5.65E-05 001.8 358.0 -14.7 0.039122 0.147938 0.090201 hargrave 2017-12-12 13:07:04 
TT 665 059.8 -75.5 037.1 -67.9 5.58E-05 001.1 356.3 -13.9 0.035298 0.053161 0.097728 hargrave 2018-01-08 12:42:15 
TT 670 079.4 -76.2 048.0 -70.9 5.18E-05 001.6 001.3 -14.3 0.079000 0.113333 0.089516 hargrave 2018-01-10 15:42:54 
TT 672 063.7 -74.6 040.4 -67.6 5.24E-05 001.3 357.1 -12.9 0.074125 0.066751 0.104860 hargrave 2018-01-11 14:49:20 
TT 674 097.8 -76.7 058.5 -73.8 4.59E-05 004.1 005.5 -15.7 0.080394 0.312622 0.082299 hargrave 2018-01-12 16:00:08 
TT 676 075.7 -76.3 045.6 -70.5 4.51E-05 001.2 000.3 -14.3 0.063747 0.039626 0.085039 hargrave 2018-01-17 10:14:42 
TT 678 071.0 -76.2 042.9 -69.8 3.34E-05 002.1 359.2 -14.2 0.034429 0.049626 0.107819 hargrave 2018-01-22 13:05:47 
TT 680 077.3 -75.4 048.0 -69.9 2.72E-05 003.0 000.8 -13.4 0.042667 0.096201 0.106445 hargrave 2018-01-25 09:48:03 
TT 682 103.2 -76.0 063.5 -74.1 2.23E-05 004.1 006.9 -15.6 0.063036 0.123657 0.086977 hargrave 2018-01-27 16:54:36 
TT 684 065.0 -67.1 047.7 -60.7 9.82E-06 008.2 356.4 -05.3 0.033312 0.052411 0.135101 hargrave 2018-02-05 09:54:46 
TT 684 070.5 -67.6 051.5 -61.9 1.01E-05 007.0 358.5 -05.6 0.021222 0.043571 0.115271 hargrave 2018-02-05 13:51:18 
TT 686 021.5 -42.8 019.1 -32.8 6.27E-06 009.9 324.1  04.1 0.014649 0.038361 0.102849 hargrave 2018-02-07 11:57:59 
TT 686 024.3 -44.3 021.4 -34.4 6.27E-06 010.5 326.6  04.5 0.015732 0.039184 0.109152 hargrave 2018-02-07 15:26:13 
TT 686 025.9 -43.5 022.8 -33.7 6.74E-06 009.4 326.9  05.8 0.030560 0.048052 0.098758 hargrave 2018-02-08 11:46:37 
TT 688 038.9 -45.7 033.8 -36.9 5.20E-06 008.8 335.8  09.6 0.018313 0.042902 0.068207 hargrave 2018-02-14 12:33:01 
TT 688 044.2 -47.2 038.1 -38.9 5.26E-06 008.6 339.7  10.1 0.021530 0.039658 0.068648 hargrave 2018-02-14 16:50:06 
