TR020 -Ga mag compass orientation (IGRF corrected)
 1656.7 193.3  71.0  93.2  10.5   1.0
NRM    122.1 -55.7 106.5 -59.5 3.79E-05 002.1 010.8  13.6 0.051887 0.129638 0.064932 hargrave 2017-10-13 15:05:48 
TT 100 122.9 -57.4 106.3 -61.3 3.96E-05 003.2 010.6  11.9 0.065833 0.202187 0.094169 hargrave 2017-10-15 14:05:25 
TT 200 123.9 -58.8 106.4 -62.8 4.04E-05 003.3 010.7  10.3 0.106860 0.231242 0.089695 hargrave 2017-10-16 10:01:57 
TT 300 126.8 -58.8 109.5 -63.3 4.14E-05 001.7 012.1  09.8 0.088519 0.070323 0.101203 hargrave 2017-10-16 18:38:18 
TT 350 129.9 -58.6 113.0 -63.6 4.15E-05 002.2 013.7  09.4 0.087325 0.128817 0.091406 hargrave 2017-10-17 15:42:30 
TT 400 129.8 -59.6 112.2 -64.6 4.20E-05 002.1 013.2  08.5 0.070996 0.131164 0.072129 hargrave 2017-10-20 12:28:44 
TT 450 131.7 -59.2 114.6 -64.5 4.18E-05 003.1 014.3  08.4 0.080244 0.218353 0.053497 hargrave 2017-10-22 16:00:14 
TT 475 129.1 -59.9 111.1 -64.8 4.19E-05 001.8 012.7  08.3 0.079689 0.103351 0.077464 hargrave 2017-10-23 16:01:35 
TT 500 131.4 -59.9 113.7 -65.1 4.19E-05 001.4 013.8  07.9 0.088776 0.055845 0.079146 hargrave 2017-10-24 14:12:11 
TT 525 130.1 -60.7 111.6 -65.6 4.20E-05 000.9 012.9  07.4 0.081784 0.041831 0.055132 hargrave 2017-10-26 14:26:51 
TT 550 134.1 -60.0 116.7 -65.7 4.18E-05 001.1 015.0  07.1 0.090265 0.053193 0.053948 hargrave 2017-10-27 11:16:05 
TT 555 131.7 -60.8 113.3 -66.0 4.16E-05 003.5 013.5  07.0 0.084249 0.247675 0.054440 hargrave 2017-10-28 13:47:43 
TT 560 133.3 -60.5 115.3 -66.1 4.07E-05 001.6 014.3  06.8 0.072555 0.059870 0.097407 hargrave 2017-10-31 18:33:18 
TT 565 131.1 -61.3 112.2 -66.4 4.07E-05 003.1 013.1  06.7 0.071791 0.200761 0.103502 hargrave 2017-11-03 19:36:44 
TT 570 135.8 -60.1 118.5 -66.0 4.06E-05 002.7 015.6  06.7 0.073004 0.157127 0.110677 hargrave 2017-11-05 19:02:08 
TT 575 132.6 -61.3 113.9 -66.6 4.05E-05 002.0 013.7  06.4 0.079449 0.103201 0.105451 hargrave 2017-11-09 16:00:08 
TT 580 136.3 -60.0 119.1 -66.0 4.05E-05 002.5 015.9  06.6 0.050740 0.116153 0.129708 hargrave 2017-11-14 11:31:46 
TT 600 132.6 -61.7 113.5 -67.0 3.98E-05 002.5 013.5  06.0 0.052561 0.139709 0.113430 hargrave 2017-11-14 20:37:34 
TT 620 141.3 -60.2 125.0 -67.0 4.05E-05 005.4 017.9  05.0 0.125441 0.363576 0.052709 hargrave 2017-11-17 19:49:01 
TT 630 137.7 -61.1 119.9 -67.3 4.05E-05 003.6 015.9  05.3 0.090761 0.246244 0.056000 hargrave 2017-11-19 19:22:06 
TT 640 133.9 -62.8 113.8 -68.3 4.00E-05 002.1 013.5  04.7 0.065625 0.140282 0.052963 hargrave 2017-11-21 18:26:38 
TT 645 137.8 -61.3 119.9 -67.5 3.91E-05 001.4 015.8  05.1 0.067693 0.071821 0.062293 hargrave 2017-11-27 18:06:53 
TT 650 131.2 -62.9 110.7 -67.9 3.92E-05 002.1 012.3  05.2 0.065830 0.136946 0.064417 hargrave 2017-11-28 16:27:57 
TT 655 137.2 -61.3 119.1 -67.5 4.01E-05 001.4 015.6  05.2 0.054877 0.088832 0.053442 hargrave 2017-12-11 13:29:17 
TT 660 133.7 -62.5 113.9 -68.0 3.69E-05 002.2 013.5  05.0 0.059559 0.126547 0.078311 hargrave 2017-12-12 13:08:32 
TT 665 140.1 -59.8 123.8 -66.4 3.51E-05 001.2 017.6  05.7 0.056293 0.055606 0.057375 hargrave 2018-01-08 12:43:44 
TT 670 125.9 -64.5 103.3 -68.4 3.27E-05 002.0 009.6  04.7 0.041801 0.090239 0.070436 hargrave 2018-01-10 15:44:23 
TT 672 143.6 -60.1 127.9 -67.3 3.17E-05 002.5 018.9  04.4 0.124715 0.108220 0.074206 hargrave 2018-01-11 14:50:49 
TT 674 121.4 -65.0 098.0 -68.1 3.10E-05 001.7 007.6  04.9 0.057840 0.039941 0.081501 hargrave 2018-01-12 16:01:38 
TT 676 134.0 -61.9 114.9 -67.4 2.65E-05 002.4 014.0  05.5 0.080627 0.099437 0.059390 hargrave 2018-01-17 10:16:10 
TT 678 101.6 -67.5 076.5 -66.7 2.28E-05 003.3 359.3  03.5 0.072882 0.066279 0.110325 hargrave 2018-01-22 13:07:17 
TT 680 164.7 -48.3 159.6 -58.1 1.75E-05 003.7 035.8  03.3 0.068789 0.038201 0.092890 hargrave 2018-01-25 09:49:33 
TT 682 092.8 -66.0 070.6 -63.9 1.65E-05 003.5 355.7  04.6 0.068473 0.053350 0.083173 hargrave 2018-01-27 16:56:04 
TT 684 186.6 -25.0 187.0 -35.5 5.37E-06 015.0 064.2 -02.2 0.055404 0.049299 0.132469 hargrave 2018-02-05 09:56:16 
TT 684 187.4 -26.5 187.9 -37.0 6.00E-06 011.8 063.0 -03.3 0.035819 0.071388 0.110856 hargrave 2018-02-05 13:52:47 
TT 684 188.5 -28.0 189.2 -38.4 5.89E-06 012.8 062.0 -04.8 0.044991 0.073621 0.117875 hargrave 2018-02-05 16:21:46 
TT 686 184.9 -18.2 185.0 -28.7 7.10E-06 010.2 070.0  01.7 0.032583 0.083207 0.117107 hargrave 2018-02-07 11:59:22 
TT 686 183.9 -21.5 183.9 -32.0 6.99E-06 011.1 066.7  01.4 0.032287 0.068800 0.127966 hargrave 2018-02-07 15:27:36 
TT 686 179.2 -29.1 178.7 -39.6 7.00E-06 010.8 058.0  02.4 0.035681 0.063988 0.124345 hargrave 2018-02-08 11:48:00 
TT 688 183.2 -15.2 183.2 -25.7 4.06E-06 014.9 072.3  04.3 0.030227 0.073876 0.100082 hargrave 2018-02-14 12:34:30 
TT 688 182.7 -17.6 182.6 -28.1 4.49E-06 014.9 069.9  03.9 0.031422 0.074731 0.111821 hargrave 2018-02-14 16:51:36 
