TR020 -Ia mag compass orientation (IGRF corrected)
 1657.2 112.3  69.0  93.2  10.5   1.0
NRM    150.2 -69.6 124.7 -77.2 3.59E-05 002.2 019.0 -32.4 0.126479 0.086187 0.052438 hargrave 2017-10-13 15:08:37 
TT 100 152.4 -68.3 130.3 -76.2 3.84E-05 002.6 019.9 -33.7 0.137501 0.103507 0.092179 hargrave 2017-10-15 14:08:13 
TT 200 154.6 -68.6 133.0 -76.8 4.02E-05 002.4 019.1 -34.3 0.169533 0.113741 0.091446 hargrave 2017-10-16 10:04:12 
TT 300 153.9 -65.7 135.9 -74.1 4.07E-05 002.7 022.2 -35.5 0.155912 0.099591 0.112324 hargrave 2017-10-16 18:40:55 
TT 350 156.8 -67.0 138.7 -75.7 4.11E-05 002.2 020.1 -35.8 0.138299 0.082301 0.101093 hargrave 2017-10-17 15:45:11 
TT 400 157.1 -66.2 140.1 -74.9 4.16E-05 002.0 020.8 -36.4 0.120953 0.087719 0.065754 hargrave 2017-10-20 12:31:24 
TT 450 161.3 -68.2 144.0 -77.3 4.12E-05 002.6 017.7 -36.5 0.108905 0.152697 0.053940 hargrave 2017-10-22 16:03:02 
TT 475 159.4 -66.6 143.0 -75.6 4.14E-05 001.9 019.8 -36.9 0.121709 0.057412 0.088640 hargrave 2017-10-23 16:05:11 
TT 500 159.6 -66.5 143.4 -75.6 4.15E-05 001.9 019.8 -37.0 0.120076 0.055610 0.092898 hargrave 2017-10-24 14:15:03 
TT 525 159.8 -66.2 144.0 -75.3 4.17E-05 001.7 020.0 -37.3 0.114707 0.072475 0.042186 hargrave 2017-10-26 14:30:18 
TT 550 158.8 -65.8 143.1 -74.8 4.19E-05 002.0 020.7 -37.2 0.138197 0.090224 0.046743 hargrave 2017-10-27 11:18:42 
TT 555 159.4 -65.9 143.8 -75.0 4.18E-05 003.5 020.4 -37.3 0.140708 0.219977 0.040147 hargrave 2017-10-28 13:50:33 
TT 560 160.4 -66.6 144.7 -75.7 4.06E-05 002.3 019.5 -37.3 0.122398 0.102522 0.078629 hargrave 2017-10-31 18:36:07 
TT 565 160.7 -66.8 144.8 -76.0 4.04E-05 003.2 019.1 -37.2 0.177629 0.136192 0.099756 hargrave 2017-11-03 19:39:35 
TT 570 159.1 -65.9 143.5 -74.9 4.00E-05 003.6 020.6 -37.3 0.167859 0.180334 0.093824 hargrave 2017-11-05 19:04:57 
TT 575 160.8 -66.4 145.4 -75.6 4.01E-05 002.7 019.5 -37.5 0.142914 0.111163 0.093135 hargrave 2017-11-09 16:02:57 
TT 580 157.5 -65.1 141.8 -74.0 4.01E-05 002.5 021.8 -37.1 0.126754 0.098785 0.086307 hargrave 2017-11-14 11:34:38 
TT 600 158.7 -65.8 142.9 -74.8 3.95E-05 003.0 020.8 -37.2 0.126722 0.147727 0.084486 hargrave 2017-11-14 20:40:10 
TT 620 162.4 -65.7 148.6 -75.1 4.04E-05 002.6 019.6 -38.4 0.136060 0.138455 0.048933 hargrave 2017-11-17 19:51:50 
TT 630 163.3 -66.8 148.8 -76.2 4.01E-05 001.7 018.3 -37.9 0.107763 0.084035 0.050878 hargrave 2017-11-19 19:24:58 
TT 640 162.5 -64.5 149.8 -73.9 3.96E-05 002.6 020.8 -39.2 0.147285 0.125634 0.054256 hargrave 2017-11-21 18:29:26 
TT 645 164.5 -65.0 152.5 -74.6 3.86E-05 002.1 019.6 -39.5 0.126158 0.090632 0.054183 hargrave 2017-11-27 18:09:45 
TT 650 164.6 -65.9 151.9 -75.4 3.87E-05 002.7 018.8 -39.0 0.206916 0.106199 0.060877 hargrave 2017-11-28 16:30:47 
TT 655 165.5 -65.4 153.7 -75.0 3.83E-05 001.7 018.9 -39.6 0.089609 0.091708 0.028093 hargrave 2017-12-11 13:32:54 
TT 660 168.6 -64.9 159.0 -74.8 3.75E-05 001.7 018.2 -40.9 0.092215 0.081794 0.050184 hargrave 2017-12-12 13:12:09 
TT 665 167.7 -64.9 157.7 -74.7 3.58E-05 001.9 018.5 -40.6 0.091926 0.082725 0.043954 hargrave 2018-01-08 12:46:33 
TT 670 172.0 -63.9 165.1 -74.1 3.47E-05 002.1 017.5 -42.5 0.099344 0.079587 0.058786 hargrave 2018-01-10 15:47:13 
TT 672 166.9 -62.9 157.6 -72.8 3.36E-05 002.5 020.7 -41.7 0.116049 0.103065 0.052128 hargrave 2018-01-11 14:53:40 
TT 674 175.5 -65.2 170.2 -75.6 3.37E-05 002.5 014.8 -42.4 0.117734 0.097140 0.060573 hargrave 2018-01-12 16:04:35 
TT 676 174.8 -64.4 169.4 -74.7 3.15E-05 002.7 015.8 -42.9 0.103284 0.113675 0.038590 hargrave 2018-01-17 10:19:03 
TT 678 170.1 -61.2 163.3 -71.3 2.75E-05 002.9 020.9 -44.0 0.080196 0.080755 0.101830 hargrave 2018-01-22 13:10:13 
TT 680 156.8 -55.9 147.2 -64.9 2.53E-05 012.8 032.3 -41.6 0.283631 0.499565 0.059487 hargrave 2018-01-25 09:52:22 
TT 680 168.3 -62.9 159.8 -72.8 2.57E-05 002.8 020.1 -42.2 0.062031 0.082992 0.082826 hargrave 2018-01-26 11:48:05 
TT 682 178.6 -65.9 175.3 -76.4 2.48E-05 002.5 012.8 -42.5 0.086949 0.070837 0.035880 hargrave 2018-01-28 11:52:43 
TT 684 167.8 -60.6 160.1 -70.6 1.20E-05 004.0 022.6 -43.6 0.032753 0.063061 0.077613 hargrave 2018-02-05 09:59:06 
TT 686 161.2 -52.6 154.2 -62.1 7.91E-06 006.1 034.7 -45.4 0.048407 0.044655 0.063108 hargrave 2018-02-07 12:02:00 
TT 688 162.0 -55.9 154.1 -65.4 4.00E-06 007.2 030.3 -44.1 0.017852 0.030556 0.047573 hargrave 2018-02-14 12:38:57 
