TR020 -Ha mag compass orientation (IGRF corrected)
 1656.7 188.3  59.0  93.2  10.5   1.0
NRM    339.7 -67.4 346.6 -57.5 5.58E-05 003.2 334.2 -39.3 0.157393 0.255603 0.077162 hargrave 2017-10-13 15:07:14 
TT 100 342.4 -69.1 348.9 -59.0 5.72E-05 001.8 335.9 -38.0 0.131971 0.100351 0.108964 hargrave 2017-10-15 14:06:50 
TT 200 343.3 -68.9 349.5 -58.8 5.86E-05 002.2 335.6 -37.7 0.143354 0.155182 0.110556 hargrave 2017-10-16 10:03:05 
TT 300 340.7 -71.1 348.3 -61.1 5.90E-05 001.8 338.6 -38.0 0.170936 0.075799 0.117666 hargrave 2017-10-16 18:39:39 
TT 350 339.4 -72.2 347.8 -62.2 5.94E-05 001.7 340.1 -38.1 0.155901 0.086302 0.110363 hargrave 2017-10-17 15:43:51 
TT 400 338.5 -72.2 347.2 -62.4 6.00E-05 001.4 340.3 -38.4 0.121403 0.094468 0.067439 hargrave 2017-10-20 12:30:04 
TT 450 336.1 -74.5 346.6 -64.7 5.93E-05 003.1 343.3 -38.2 0.120752 0.296778 0.069477 hargrave 2017-10-22 16:01:40 
TT 475 339.3 -71.2 347.4 -61.3 5.92E-05 001.4 338.9 -38.4 0.133008 0.077916 0.077488 hargrave 2017-10-23 16:03:48 
TT 500 339.0 -72.2 347.6 -62.3 5.91E-05 001.6 340.2 -38.2 0.141805 0.088726 0.094385 hargrave 2017-10-24 14:13:38 
TT 525 339.6 -71.7 347.8 -61.8 5.88E-05 001.4 339.5 -38.2 0.119977 0.074670 0.065557 hargrave 2017-10-26 14:29:00 
TT 550 338.3 -72.2 347.1 -62.3 5.87E-05 001.5 340.2 -38.4 0.144590 0.060454 0.093227 hargrave 2017-10-27 11:17:25 
TT 555 338.6 -72.7 347.5 -62.8 5.87E-05 001.7 340.8 -38.2 0.111544 0.139323 0.067150 hargrave 2017-10-28 13:49:10 
TT 560 338.4 -73.0 347.5 -63.1 5.69E-05 001.8 341.2 -38.1 0.123571 0.090325 0.118941 hargrave 2017-10-31 18:34:44 
TT 565 336.5 -74.1 346.7 -64.3 5.69E-05 003.0 342.8 -38.2 0.148124 0.220555 0.174014 hargrave 2017-11-03 19:38:10 
TT 570 336.3 -73.8 346.5 -64.0 5.67E-05 002.2 342.5 -38.4 0.151585 0.093983 0.165861 hargrave 2017-11-05 19:03:33 
TT 575 337.9 -74.0 347.5 -64.1 5.66E-05 002.3 342.4 -37.9 0.178858 0.089753 0.161300 hargrave 2017-11-09 16:01:34 
TT 580 337.4 -73.8 347.2 -64.0 5.64E-05 002.2 342.3 -38.1 0.115837 0.132611 0.127019 hargrave 2017-11-14 11:33:15 
TT 600 337.8 -73.4 347.2 -63.5 5.54E-05 002.1 341.7 -38.2 0.125360 0.114955 0.132557 hargrave 2017-11-14 20:38:54 
TT 620 335.9 -74.3 346.4 -64.5 5.65E-05 002.0 343.0 -38.3 0.122506 0.165832 0.093646 hargrave 2017-11-17 19:50:28 
TT 630 333.6 -75.5 345.6 -65.8 5.58E-05 001.6 344.7 -38.4 0.135244 0.083109 0.101001 hargrave 2017-11-19 19:23:31 
TT 640 336.1 -73.7 346.3 -63.9 5.51E-05 001.6 342.3 -38.5 0.124337 0.085131 0.105657 hargrave 2017-11-21 18:28:04 
TT 645 337.9 -73.0 347.1 -63.1 5.39E-05 002.7 341.3 -38.3 0.115386 0.209781 0.126299 hargrave 2017-11-27 18:08:19 
TT 650 342.9 -72.2 350.1 -62.1 5.42E-05 001.9 339.7 -37.1 0.115240 0.117295 0.125688 hargrave 2017-11-28 16:29:24 
TT 655 337.7 -74.6 347.7 -64.8 5.28E-05 001.3 343.2 -37.8 0.080981 0.089671 0.058654 hargrave 2017-12-11 13:31:32 
TT 660 340.1 -70.6 347.8 -60.7 5.20E-05 001.6 338.1 -38.3 0.103427 0.070026 0.095118 hargrave 2017-12-12 13:10:47 
TT 665 333.8 -73.1 344.5 -63.4 4.84E-05 001.6 341.9 -39.4 0.072230 0.089288 0.079592 hargrave 2018-01-08 12:45:10 
TT 670 340.6 -70.3 348.1 -60.4 4.81E-05 001.6 337.7 -38.2 0.077655 0.070315 0.106249 hargrave 2018-01-10 15:45:50 
TT 672 328.5 -72.5 340.9 -63.3 4.41E-05 001.8 342.2 -41.0 0.078729 0.069813 0.108306 hargrave 2018-01-11 14:52:15 
TT 674 347.9 -70.6 353.0 -60.3 4.67E-05 001.7 337.4 -35.8 0.076529 0.067472 0.114512 hargrave 2018-01-12 16:03:04 
TT 676 337.8 -69.4 345.9 -59.6 4.07E-05 001.6 336.8 -39.4 0.081395 0.090991 0.095607 hargrave 2018-01-17 10:17:40 
TT 678 321.5 -74.0 337.3 -65.2 3.01E-05 002.6 345.3 -41.9 0.078214 0.053933 0.125569 hargrave 2018-01-22 13:08:47 
TT 680 305.2 -78.6 332.4 -70.8 2.54E-05 002.4 353.2 -41.0 0.093354 0.059358 0.126187 hargrave 2018-01-25 09:50:59 
TT 682 340.6 -65.8 346.9 -55.8 2.72E-05 004.1 332.0 -39.3 0.076874 0.092946 0.174539 hargrave 2018-01-28 11:51:20 
TT 684 301.8 -70.6 321.5 -63.9 6.72E-06 006.7 348.5 -48.4 0.083545 0.052928 0.159213 hargrave 2018-02-05 09:57:42 
TT 686 190.1 -51.6 192.4 -62.0 6.04E-06 016.0 043.2 -24.9 0.043711 0.092794 0.145804 hargrave 2018-02-07 12:00:41 
TT 686 186.5 -55.8 187.7 -66.3 6.23E-06 015.3 038.0 -24.2 0.032560 0.069527 0.157622 hargrave 2018-02-07 15:28:56 
TT 686 172.4 -63.3 165.9 -73.5 6.84E-06 013.9 027.5 -20.8 0.030766 0.078593 0.151049 hargrave 2018-02-08 11:49:18 
TT 688 247.5 -53.9 262.1 -57.2 9.24E-07 066.5 034.9 -58.2 0.037497 0.058765 0.145508 hargrave 2018-02-14 12:37:34 
TT 688 222.7 -49.5 232.6 -57.0 1.11E-06 059.3 049.2 -44.9 0.038121 0.060226 0.154929 hargrave 2018-02-14 16:54:41 
