TR012 -Ia mag compass orientation (IGRF corrected)
 1155.8  69.3  81.0 313.8  39.2   1.0
NRM    013.2 -01.8 005.7 -34.6 2.16E-05 002.7 074.0  54.5 0.081356 0.066117 0.053749 hargrave 2017-07-20 17:38:17 
TT 100 014.2 -04.3 005.6 -37.3 2.10E-05 003.6 070.6  52.7 0.115960 0.068508 0.049450 hargrave 2017-07-21 17:17:17 
TT 200 013.3 -05.0 004.2 -37.6 2.13E-05 002.4 068.8  53.3 0.075120 0.047354 0.048619 hargrave 2017-07-24 12:58:53 
TT 300 013.2 -06.0 003.5 -38.5 2.11E-05 003.3 067.3  53.0 0.110705 0.050779 0.048385 hargrave 2017-07-25 10:04:49 
TT 350 015.1 -06.4 005.5 -39.6 2.12E-05 002.5 067.8  51.1 0.064627 0.067420 0.047110 hargrave 2017-07-31 16:50:04 
TT 400 015.7 -07.3 005.8 -40.7 2.09E-05 002.6 066.9  50.2 0.065238 0.067678 0.047481 hargrave 2017-08-01 14:58:05 
TT 450 015.4 -09.5 004.3 -42.5 2.05E-05 002.8 063.7  49.6 0.085164 0.064733 0.031817 hargrave 2017-08-03 13:54:11 
TT 475 016.3 -09.4 005.4 -42.8 2.02E-05 002.7 064.4  48.8 0.078337 0.064807 0.030457 hargrave 2017-08-04 10:29:40 
TT 500 016.9 -10.5 005.5 -44.1 1.96E-05 003.2 063.2  47.8 0.097024 0.064875 0.031373 hargrave 2017-08-04 17:26:45 
TT 525 017.7 -12.3 005.5 -46.0 1.93E-05 002.8 061.5  46.3 0.073162 0.064378 0.031516 hargrave 2017-08-07 16:11:58 
TT 550 018.6 -12.0 006.9 -46.1 1.90E-05 003.1 062.4  45.6 0.081345 0.064977 0.031371 hargrave 2017-08-08 15:31:36 
TT 555 017.5 -14.0 004.4 -47.5 1.89E-05 001.9 059.3  45.6 0.051731 0.047315 0.017295 hargrave 2017-08-09 15:23:11 
TT 555 018.1 -14.4 004.8 -48.1 1.86E-05 002.8 059.1  45.0 0.070424 0.067562 0.026740 hargrave 2017-08-10 09:47:54 
TT 560 017.9 -14.7 004.4 -48.3 1.85E-05 002.9 058.5  45.0 0.072458 0.066440 0.026857 hargrave 2017-08-16 15:21:27 
TT 565 017.2 -15.3 003.2 -48.5 1.83E-05 003.3 057.4  45.3 0.083945 0.072006 0.027335 hargrave 2017-08-17 12:11:05 
TT 570 017.3 -15.1 003.3 -48.4 1.80E-05 003.2 057.6  45.3 0.080275 0.068558 0.026858 hargrave 2017-08-17 21:27:09 
TT 575 017.1 -16.1 002.4 -49.2 1.80E-05 003.7 056.3  45.0 0.092363 0.077841 0.028159 hargrave 2017-08-18 17:05:45 
TT 580 017.1 -16.9 001.9 -49.9 1.79E-05 003.4 055.4  44.6 0.081753 0.072087 0.029335 hargrave 2017-08-21 14:06:32 
TT 600 017.5 -18.4 001.4 -51.5 1.72E-05 002.9 053.9  43.4 0.067245 0.062183 0.032943 hargrave 2017-08-22 13:09:30 
TT 620 016.2 -19.7 358.6 -52.1 1.69E-05 003.3 051.4  43.7 0.072066 0.070438 0.032357 hargrave 2017-08-23 12:10:06 
TT 630 016.7 -19.9 359.2 -52.4 1.67E-05 003.2 051.6  43.2 0.065254 0.070446 0.030573 hargrave 2017-08-24 08:42:22 
TT 640 016.2 -20.5 358.0 -52.8 1.66E-05 003.5 050.5  43.2 0.073267 0.073597 0.031117 hargrave 2017-08-24 16:51:11 
TT 645 016.5 -21.3 357.7 -53.6 1.64E-05 003.4 049.8  42.5 0.069648 0.072378 0.030438 hargrave 2017-08-25 14:54:38 
TT 650 017.2 -21.6 358.5 -54.2 1.62E-05 003.3 050.1  41.8 0.069621 0.067686 0.030204 hargrave 2017-08-29 16:09:42 
TT 655 017.0 -23.7 356.3 -55.9 1.58E-05 003.7 047.6  40.7 0.079049 0.073601 0.027417 hargrave 2017-09-01 16:14:09 
TT 660 015.4 -23.9 354.0 -55.3 1.56E-05 003.7 046.3  41.8 0.076306 0.065964 0.026299 hargrave 2017-09-08 18:36:50 
TT 665 016.6 -26.5 353.1 -58.1 1.52E-05 003.5 044.5  39.3 0.074357 0.060863 0.024032 hargrave 2017-09-12 15:09:16 
TT 670 017.6 -28.1 352.8 -59.9 1.45E-05 002.6 043.6  37.6 0.052583 0.047336 0.028158 hargrave 2017-09-14 18:39:57 
TT 672 016.2 -29.9 348.8 -60.6 1.44E-05 002.9 040.9  37.4 0.056553 0.051954 0.028869 hargrave 2017-09-15 19:04:26 
TT 674 018.1 -30.3 351.1 -62.0 1.31E-05 003.8 041.9  35.8 0.065705 0.064501 0.026875 hargrave 2017-09-19 14:40:20 
TT 676 025.1 -32.3 000.0 -67.0 1.22E-05 004.4 044.3  29.9 0.069744 0.070525 0.025196 hargrave 2017-09-22 16:56:40 
TT 678 021.2 -30.2 355.9 -63.4 1.10E-05 004.5 044.0  33.8 0.064457 0.064137 0.026579 hargrave 2017-09-24 14:50:28 
TT 680 021.2 -29.3 357.1 -62.6 8.68E-06 002.8 044.9  34.4 0.027529 0.027355 0.021616 hargrave 2017-09-25 13:35:06 
TT 682 018.7 -11.3 007.5 -45.5 3.89E-06 002.0 063.5  45.9 0.008284 0.009320 0.011245 hargrave 2017-09-26 19:16:51 
TT 684 000.9 -09.3 348.1 -35.6 2.39E-06 004.1 050.1  61.7 0.014961 0.009163 0.009385 hargrave 2017-10-01 23:27:31 
TT 686 314.1  15.5 324.0  11.7 1.86E-06 002.5 252.8  64.6 0.004987 0.005001 0.010275 hargrave 2017-10-03 10:08:54 
TT 688 041.5  30.7 041.8 -08.5 2.36E-06 002.4 120.1  28.4 0.009027 0.003315 0.005111 hargrave 2017-10-05 14:56:01 
TT 690 329.9  21.0 339.3  06.6 1.72E-06 002.7 215.9  75.0 0.006429 0.004131 0.005987 hargrave 2017-10-06 17:28:02 
TT 692 303.2  53.3 349.5  43.7 2.34E-06 003.9 206.1  37.0 0.014618 0.010725 0.006962 hargrave 2017-10-08 17:49:09 
