TR012 -Na mag compass orientation (IGRF corrected)
 1161.6   2.3  81.0 313.8  39.2   1.0
NRM    033.4 -25.8 022.3 -63.8 3.41E-05 003.1 065.1 -31.9 0.155409 0.117559 0.054448 hargrave 2017-07-20 17:44:18 
TT 100 037.5 -28.4 029.4 -67.1 3.41E-05 003.2 061.5 -35.1 0.167855 0.106480 0.043246 hargrave 2017-07-21 17:23:11 
TT 200 039.0 -29.3 032.4 -68.2 3.41E-05 002.0 060.2 -36.2 0.107695 0.079465 0.040526 hargrave 2017-07-24 13:04:45 
TT 300 040.2 -28.8 035.3 -67.9 3.39E-05 002.9 060.5 -37.3 0.167829 0.084646 0.039986 hargrave 2017-07-25 10:10:42 
TT 350 041.1 -28.7 037.6 -67.8 3.39E-05 001.9 060.4 -38.2 0.085527 0.070077 0.058209 hargrave 2017-07-31 16:57:38 
TT 400 043.4 -31.4 042.8 -70.6 3.37E-05 001.9 056.4 -39.5 0.081593 0.073796 0.056251 hargrave 2017-08-01 15:05:34 
TT 450 045.4 -32.3 048.0 -71.5 3.37E-05 001.8 054.7 -40.8 0.097118 0.089103 0.038364 hargrave 2017-08-03 14:00:14 
TT 475 046.4 -33.2 051.0 -72.3 3.37E-05 002.3 053.2 -41.4 0.121407 0.101323 0.042607 hargrave 2017-08-04 10:35:37 
TT 500 047.6 -33.4 054.3 -72.4 3.35E-05 001.7 052.5 -42.2 0.063759 0.108663 0.037160 hargrave 2017-08-04 17:32:49 
TT 525 049.1 -33.7 058.7 -72.5 3.33E-05 001.6 051.5 -43.3 0.058465 0.069104 0.049729 hargrave 2017-08-07 16:19:26 
TT 550 051.5 -35.1 066.3 -73.4 3.31E-05 001.6 048.6 -44.5 0.065175 0.056566 0.044227 hargrave 2017-08-08 15:39:05 
TT 555 053.3 -36.9 073.4 -74.6 3.30E-05 001.7 045.4 -45.0 0.070342 0.048847 0.058919 hargrave 2017-08-10 09:55:21 
TT 560 052.7 -35.7 070.2 -73.6 3.29E-05 001.8 047.2 -45.1 0.073171 0.061498 0.055060 hargrave 2017-08-16 15:28:56 
TT 565 053.1 -36.1 071.7 -73.8 3.30E-05 001.8 046.6 -45.3 0.070949 0.070010 0.052959 hargrave 2017-08-17 12:18:33 
TT 570 053.8 -36.4 074.2 -73.9 3.28E-05 001.9 045.8 -45.7 0.084445 0.066509 0.055260 hargrave 2017-08-17 21:34:38 
TT 575 054.5 -37.0 076.8 -74.3 3.28E-05 001.9 044.6 -45.8 0.076993 0.073825 0.058405 hargrave 2017-08-18 17:13:13 
TT 580 055.1 -36.9 078.3 -73.9 3.26E-05 001.8 044.4 -46.3 0.076142 0.060126 0.058281 hargrave 2017-08-21 14:13:57 
TT 600 056.9 -37.8 084.3 -74.0 3.26E-05 002.0 042.3 -47.1 0.078525 0.079588 0.060180 hargrave 2017-08-22 13:17:02 
TT 620 059.7 -39.0 093.3 -73.8 3.20E-05 002.0 038.9 -48.1 0.076096 0.081719 0.058631 hargrave 2017-08-23 12:17:34 
TT 630 060.9 -39.5 097.0 -73.6 3.19E-05 002.5 037.4 -48.6 0.077822 0.119522 0.058634 hargrave 2017-08-24 08:49:49 
TT 640 062.4 -40.2 101.7 -73.2 3.19E-05 002.1 035.5 -49.1 0.072025 0.102122 0.056469 hargrave 2017-08-24 16:58:39 
TT 645 063.0 -40.6 103.7 -73.2 3.18E-05 002.2 034.6 -49.1 0.072979 0.110198 0.053096 hargrave 2017-08-25 15:02:08 
TT 650 064.8 -41.5 109.3 -72.8 3.20E-05 002.0 032.1 -49.5 0.075729 0.082113 0.057091 hargrave 2017-08-29 16:17:18 
TT 655 065.6 -42.2 112.3 -72.8 3.20E-05 002.0 030.7 -49.3 0.085779 0.086717 0.062628 hargrave 2017-09-01 16:21:39 
TT 660 067.0 -42.7 115.6 -72.2 3.21E-05 003.2 029.0 -49.7 0.083104 0.159287 0.039309 hargrave 2017-09-08 18:45:11 
TT 665 068.3 -42.6 117.2 -71.5 3.24E-05 002.1 028.0 -50.3 0.061107 0.093172 0.055850 hargrave 2017-09-12 15:17:12 
TT 670 071.4 -43.3 122.7 -69.9 3.21E-05 002.2 024.4 -51.2 0.066691 0.101596 0.036677 hargrave 2017-09-14 18:48:20 
TT 672 068.8 -42.0 116.2 -70.8 3.20E-05 003.1 028.2 -51.1 0.088867 0.147014 0.038832 hargrave 2017-09-15 19:12:49 
TT 672 072.4 -43.8 125.0 -69.6 3.21E-05 002.2 023.1 -51.1 0.072570 0.095178 0.038576 hargrave 2017-09-16 16:02:36 
TT 674 072.5 -43.6 124.7 -69.4 3.15E-05 002.1 023.1 -51.3 0.064944 0.092832 0.037407 hargrave 2017-09-19 14:48:58 
TT 676 072.9 -43.7 125.2 -69.2 3.11E-05 002.3 022.7 -51.4 0.066001 0.097582 0.044037 hargrave 2017-09-22 17:05:04 
TT 678 075.3 -43.2 126.5 -67.4 2.97E-05 002.4 020.6 -52.7 0.071044 0.099293 0.036699 hargrave 2017-09-24 14:58:59 
TT 680 075.1 -42.4 124.5 -67.1 2.59E-05 002.2 021.5 -53.3 0.065004 0.079537 0.027856 hargrave 2017-09-25 13:43:34 
TT 682 081.4 -44.2 134.0 -64.1 1.44E-05 002.3 013.1 -53.5 0.034837 0.045589 0.023250 hargrave 2017-09-26 19:26:04 
TT 684 080.1 -41.2 126.9 -63.3 9.19E-06 002.2 016.5 -56.1 0.019772 0.023760 0.037923 hargrave 2017-10-01 23:35:09 
TT 686 119.6 -53.4 168.1 -45.6 4.74E-06 003.1 338.9 -40.4 0.012829 0.018830 0.018032 hargrave 2017-10-03 10:16:26 
TT 688 043.9  01.5 044.0 -37.7 2.96E-06 003.5 099.8 -40.7 0.015613 0.008010 0.012547 hargrave 2017-10-05 15:03:30 
TT 690 167.0  07.3 156.1  26.2 2.56E-06 003.8 260.2 -13.8 0.015146 0.007047 0.007835 hargrave 2017-10-06 17:35:36 
TT 692 055.6  47.1 051.9  08.5 1.96E-06 004.1 153.3 -25.1 0.007649 0.009444 0.010044 hargrave 2017-10-08 17:55:09 
