TR012 -Ka mag compass orientation (IGRF corrected)
 1156.7  26.3  72.0 313.8  39.2   1.0
NRM    320.9 -58.8 270.1 -44.7 5.05E-05 001.5 012.7  10.6 0.085082 0.100963 0.088456 hargrave 2017-07-20 17:40:40 
TT 100 311.7 -62.8 262.2 -42.8 5.06E-05 002.1 007.1  08.3 0.039763 0.166753 0.077601 hargrave 2017-07-21 17:19:35 
TT 200 310.0 -63.6 260.8 -42.5 5.13E-05 002.9 006.1  07.7 0.103739 0.248460 0.077997 hargrave 2017-07-24 13:01:10 
TT 300 318.4 -63.3 263.6 -45.7 5.16E-05 001.8 009.8  06.9 0.108040 0.145831 0.076729 hargrave 2017-07-25 10:07:07 
TT 350 307.7 -65.2 258.2 -42.5 5.17E-05 002.0 004.8  06.3 0.027268 0.161432 0.082420 hargrave 2017-07-31 16:53:01 
TT 400 310.4 -65.7 258.4 -43.7 5.19E-05 001.3 005.8  05.6 0.019385 0.081510 0.082520 hargrave 2017-08-01 15:01:00 
TT 450 305.7 -67.1 255.5 -42.8 5.23E-05 001.4 003.7  04.7 0.120585 0.091106 0.080867 hargrave 2017-08-03 13:56:29 
TT 475 305.2 -67.7 254.6 -42.9 5.24E-05 001.4 003.4  04.0 0.125057 0.100852 0.076990 hargrave 2017-08-04 10:31:59 
TT 500 306.9 -68.3 254.3 -43.8 5.25E-05 001.3 003.9  03.3 0.154158 0.088870 0.078011 hargrave 2017-08-04 17:29:13 
TT 525 303.1 -69.2 252.3 -43.1 5.14E-05 001.7 002.4  02.7 0.024566 0.127719 0.081233 hargrave 2017-08-07 16:14:54 
TT 550 304.2 -69.7 252.0 -43.6 5.14E-05 002.2 002.7  02.1 0.022688 0.174955 0.083563 hargrave 2017-08-08 15:34:33 
TT 555 299.8 -70.3 250.2 -42.7 5.23E-05 001.5 001.2  01.7 0.112322 0.132227 0.044104 hargrave 2017-08-09 15:25:49 
TT 555 304.0 -70.1 251.5 -43.8 5.12E-05 001.3 002.6  01.7 0.023409 0.069946 0.095560 hargrave 2017-08-10 09:50:50 
TT 560 300.9 -70.7 250.0 -43.2 5.10E-05 001.8 001.5  01.2 0.021391 0.130431 0.093542 hargrave 2017-08-16 15:24:24 
TT 565 299.2 -71.0 249.2 -42.9 5.10E-05 001.5 000.9  00.9 0.016774 0.092678 0.091417 hargrave 2017-08-17 12:14:02 
TT 570 296.2 -71.3 248.2 -42.3 5.09E-05 001.6 360.0  00.7 0.024936 0.105388 0.089867 hargrave 2017-08-17 21:30:03 
TT 575 289.8 -71.4 246.4 -40.8 5.09E-05 001.7 357.9  00.4 0.030725 0.126561 0.084040 hargrave 2017-08-18 17:08:42 
TT 580 295.9 -71.9 247.5 -42.5 5.07E-05 001.6 359.9  00.1 0.031500 0.110791 0.082906 hargrave 2017-08-21 14:09:27 
TT 600 287.9 -72.4 244.9 -40.9 5.06E-05 001.5 357.5 -00.5 0.032482 0.108653 0.083063 hargrave 2017-08-22 13:12:26 
TT 620 292.1 -72.9 245.4 -42.2 5.05E-05 002.2 358.8 -00.9 0.034121 0.178336 0.083221 hargrave 2017-08-23 12:13:01 
TT 630 289.1 -73.1 244.5 -41.6 5.05E-05 003.4 357.9 -01.2 0.036130 0.284523 0.084408 hargrave 2017-08-24 08:45:18 
TT 640 281.4 -73.2 242.4 -40.1 5.02E-05 001.6 355.7 -01.7 0.036035 0.112251 0.084790 hargrave 2017-08-24 16:54:06 
TT 645 285.5 -73.6 243.1 -41.2 5.02E-05 002.2 357.0 -01.9 0.040938 0.176224 0.083027 hargrave 2017-08-25 14:57:33 
TT 650 282.2 -73.7 242.1 -40.6 5.00E-05 002.2 356.1 -02.2 0.048265 0.168759 0.083774 hargrave 2017-08-29 16:12:41 
TT 655 285.0 -74.2 242.4 -41.5 5.00E-05 004.5 356.9 -02.5 0.066718 0.379311 0.110870 hargrave 2017-09-01 16:17:06 
TT 660 284.1 -73.9 242.4 -41.1 5.03E-05 003.0 356.6 -02.3 0.057745 0.255497 0.074291 hargrave 2017-09-08 18:39:44 
TT 665 281.1 -74.5 241.2 -40.9 5.02E-05 003.6 356.0 -03.0 0.056507 0.298787 0.083310 hargrave 2017-09-12 15:12:02 
TT 670 277.4 -74.6 240.1 -40.4 5.03E-05 001.9 355.1 -03.4 0.068360 0.130877 0.105498 hargrave 2017-09-14 18:42:51 
TT 672 280.3 -75.3 240.2 -41.4 4.98E-05 003.4 356.0 -03.9 0.067831 0.272079 0.103217 hargrave 2017-09-15 19:07:20 
TT 674 274.7 -75.5 238.6 -40.6 4.89E-05 003.0 354.7 -04.4 0.058786 0.235799 0.102887 hargrave 2017-09-19 14:43:20 
TT 676 283.1 -76.5 239.7 -42.7 4.69E-05 003.7 356.9 -04.8 0.051019 0.282917 0.097066 hargrave 2017-09-22 16:59:35 
TT 678 264.0 -75.7 235.6 -39.2 4.49E-05 004.1 352.4 -05.8 0.074946 0.303748 0.101950 hargrave 2017-09-24 14:53:25 
TT 680 261.8 -75.8 235.0 -39.0 3.48E-05 003.4 352.0 -06.2 0.061121 0.190841 0.072979 hargrave 2017-09-25 13:38:00 
TT 682 235.7 -76.3 227.3 -37.3 1.33E-05 002.0 347.8 -10.9 0.028855 0.038328 0.027667 hargrave 2017-09-26 19:19:46 
TT 684 246.8 -74.8 231.1 -36.5 1.01E-05 003.9 348.4 -07.8 0.023823 0.065744 0.016114 hargrave 2017-10-01 23:30:27 
TT 686 257.4 -61.4 240.9 -25.3 4.46E-06 002.9 342.4  04.8 0.006748 0.016187 0.016322 hargrave 2017-10-03 10:11:46 
TT 688 356.8 -17.5 338.0 -40.1 1.13E-06 003.1 062.5  20.7 0.004946 0.002313 0.005120 hargrave 2017-10-05 14:58:52 
TT 690 189.8 -30.9 195.1  02.9 2.65E-06 005.7 296.7 -23.0 0.024493 0.008903 0.008068 hargrave 2017-10-06 17:31:00 
TT 692 145.9  34.8 118.0  33.5 8.05E-07 004.4 208.0 -30.1 0.005133 0.005155 0.003107 hargrave 2017-10-08 17:51:26 
