TR012 -Pa mag compass orientation (IGRF corrected)
 1161.9  89.3  78.0 313.8  39.2   1.0
NRM    161.4 -49.7 185.1 -23.7 5.00E-05 002.1 017.8 -49.5 0.117885 0.142958 0.111870 hargrave 2017-07-20 17:45:42 
TT 100 164.5 -49.7 186.8 -22.5 5.23E-05 002.1 015.0 -50.4 0.109955 0.165572 0.099481 hargrave 2017-07-21 17:24:29 
TT 200 166.0 -50.0 187.8 -22.1 5.31E-05 002.4 013.5 -50.5 0.111468 0.189582 0.088714 hargrave 2017-07-24 13:06:04 
TT 300 162.3 -49.3 185.3 -23.0 5.37E-05 002.4 017.3 -50.1 0.118396 0.194771 0.085816 hargrave 2017-07-25 10:12:00 
TT 350 165.3 -49.6 187.2 -22.1 5.38E-05 001.8 014.3 -50.7 0.134636 0.102050 0.099485 hargrave 2017-07-31 16:59:20 
TT 400 166.4 -49.9 188.0 -21.9 5.45E-05 002.0 013.0 -50.6 0.116030 0.149942 0.103039 hargrave 2017-08-01 15:07:11 
TT 450 162.9 -49.3 185.6 -22.8 5.55E-05 001.8 016.8 -50.3 0.116458 0.144922 0.086201 hargrave 2017-08-03 14:01:37 
TT 475 162.5 -49.1 185.3 -22.7 5.59E-05 002.5 017.3 -50.4 0.134306 0.208105 0.084744 hargrave 2017-08-04 10:36:56 
TT 500 161.2 -48.4 184.1 -22.7 5.63E-05 001.7 019.0 -50.6 0.099666 0.146194 0.088889 hargrave 2017-08-04 17:34:08 
TT 525 162.7 -48.7 185.1 -22.3 5.63E-05 001.8 017.3 -50.8 0.129965 0.131196 0.087691 hargrave 2017-08-07 16:21:04 
TT 550 161.9 -48.1 184.3 -22.2 5.69E-05 001.9 018.6 -51.1 0.149843 0.124988 0.085893 hargrave 2017-08-08 15:40:43 
TT 555 163.8 -48.4 185.6 -21.7 5.72E-05 001.9 016.5 -51.4 0.150101 0.121062 0.096462 hargrave 2017-08-10 09:56:58 
TT 560 162.2 -47.7 184.2 -21.8 5.76E-05 002.1 018.6 -51.5 0.168009 0.131832 0.093392 hargrave 2017-08-16 15:30:34 
TT 565 161.9 -47.4 183.8 -21.6 5.79E-05 002.0 019.1 -51.7 0.160837 0.118511 0.093774 hargrave 2017-08-17 12:20:11 
TT 570 161.3 -46.9 183.1 -21.5 5.85E-05 001.9 020.0 -51.9 0.155906 0.117309 0.104974 hargrave 2017-08-17 21:36:15 
TT 575 161.5 -46.9 183.3 -21.4 5.88E-05 001.9 019.8 -52.0 0.153092 0.123913 0.107526 hargrave 2017-08-18 17:15:42 
TT 580 162.0 -46.9 183.6 -21.3 5.90E-05 002.1 019.3 -52.1 0.131341 0.168935 0.108835 hargrave 2017-08-21 14:15:34 
TT 600 161.1 -46.5 182.8 -21.2 5.93E-05 002.2 020.5 -52.3 0.130190 0.180637 0.110491 hargrave 2017-08-22 13:18:40 
TT 620 160.5 -46.2 182.2 -21.3 5.92E-05 002.1 021.4 -52.2 0.134868 0.165504 0.107445 hargrave 2017-08-23 12:19:12 
TT 630 161.5 -46.6 183.1 -21.2 5.90E-05 002.2 020.1 -52.3 0.133490 0.181255 0.110380 hargrave 2017-08-24 08:51:26 
TT 640 160.2 -46.0 181.9 -21.3 5.92E-05 002.0 021.8 -52.3 0.143328 0.151967 0.107833 hargrave 2017-08-24 17:00:17 
TT 645 160.9 -46.3 182.5 -21.2 5.91E-05 002.0 020.9 -52.3 0.134042 0.156208 0.111267 hargrave 2017-08-25 15:03:45 
TT 650 160.5 -46.0 182.1 -21.1 5.90E-05 002.0 021.6 -52.4 0.160298 0.134194 0.111892 hargrave 2017-08-29 16:18:55 
TT 655 160.4 -45.9 181.9 -21.0 5.90E-05 002.1 021.8 -52.5 0.165675 0.149180 0.121082 hargrave 2017-09-01 16:23:17 
TT 660 159.8 -46.6 182.1 -21.9 5.92E-05 002.3 021.7 -51.7 0.160236 0.185549 0.077201 hargrave 2017-09-08 18:47:11 
TT 665 160.1 -45.7 181.7 -21.0 5.91E-05 002.2 022.2 -52.6 0.136040 0.169541 0.098241 hargrave 2017-09-12 15:19:04 
TT 670 159.7 -45.7 181.4 -21.2 5.90E-05 002.1 022.6 -52.4 0.156183 0.123408 0.105290 hargrave 2017-09-14 18:50:17 
TT 672 159.5 -46.0 181.6 -21.5 5.92E-05 002.3 022.4 -52.1 0.157516 0.163125 0.101600 hargrave 2017-09-15 19:14:45 
TT 674 159.9 -46.1 181.8 -21.4 5.88E-05 002.3 022.1 -52.2 0.167952 0.156501 0.103551 hargrave 2017-09-19 14:50:55 
TT 676 156.4 -45.0 179.0 -22.1 5.82E-05 002.6 026.4 -51.6 0.179291 0.177240 0.099857 hargrave 2017-09-22 17:07:00 
TT 678 159.5 -46.3 181.7 -21.8 5.41E-05 002.8 022.2 -51.8 0.165964 0.194458 0.093674 hargrave 2017-09-24 15:00:56 
TT 680 158.8 -42.6 178.9 -19.1 4.20E-05 003.1 026.4 -54.6 0.122165 0.183715 0.071566 hargrave 2017-09-25 13:45:34 
TT 682 157.8 -33.9 172.8 -12.6 1.88E-05 002.5 038.4 -60.6 0.055887 0.060104 0.022395 hargrave 2017-09-26 19:28:49 
TT 684 155.2 -23.8 164.9 -05.9 8.25E-06 002.6 059.4 -64.2 0.026032 0.020820 0.022587 hargrave 2017-10-01 23:37:07 
TT 686 199.6 -27.0 202.1  09.3 3.34E-06 002.5 311.1 -65.7 0.014156 0.008213 0.005894 hargrave 2017-10-03 10:18:25 
TT 688 145.0 -15.6 152.2 -05.2 1.32E-06 004.6 079.8 -56.5 0.005576 0.005552 0.008654 hargrave 2017-10-05 15:05:25 
TT 690 233.6 -04.2 235.6  34.3 1.70E-06 002.5 266.5 -35.8 0.005793 0.004663 0.005731 hargrave 2017-10-06 17:37:33 
TT 692 185.2  52.5 114.6  66.2 2.04E-06 004.4 183.9 -25.3 0.003106 0.013036 0.010352 hargrave 2017-10-08 17:56:46 
