TR012 -Qa mag compass orientation (IGRF corrected)
 1162.2  82.3  68.0 313.8  39.2   1.0
NRM    342.8  00.2 337.2 -17.7 1.59E-05 001.8 335.8  66.3 0.035564 0.036273 0.006423 hargrave 2017-07-20 17:49:02 
TT 100 340.6 -06.8 330.8 -22.0 1.32E-05 001.9 337.0  59.0 0.030878 0.031157 0.012905 hargrave 2017-07-21 17:28:30 
TT 200 341.1 -11.6 328.0 -26.1 1.22E-05 001.9 340.7  54.6 0.028612 0.028635 0.012716 hargrave 2017-07-24 13:10:03 
TT 300 342.2 -16.0 325.8 -30.1 1.16E-05 002.2 344.5  50.8 0.020223 0.039643 0.010435 hargrave 2017-07-25 10:15:59 
TT 350 341.7 -19.0 323.1 -32.1 1.12E-05 002.0 345.0  47.7 0.028204 0.028407 0.014795 hargrave 2017-07-31 17:03:35 
TT 400 338.6 -22.9 317.5 -33.1 1.05E-05 003.2 342.6  43.2 0.034559 0.047763 0.013680 hargrave 2017-08-01 15:10:24 
TT 450 339.2 -28.3 313.3 -37.3 9.81E-06 002.0 345.3  38.1 0.036466 0.017552 0.013816 hargrave 2017-08-03 14:05:03 
TT 475 337.1 -31.6 308.7 -38.3 9.40E-06 002.9 344.3  34.5 0.029947 0.039707 0.012002 hargrave 2017-08-04 10:40:25 
TT 500 337.4 -36.2 304.4 -41.4 9.00E-06 002.5 346.1  30.2 0.016301 0.037499 0.012293 hargrave 2017-08-04 17:37:28 
TT 525 333.0 -40.3 297.3 -41.3 8.77E-06 002.0 343.9  25.2 0.018279 0.027931 0.012895 hargrave 2017-08-07 16:24:21 
TT 550 329.3 -44.2 290.9 -41.4 8.37E-06 001.8 342.6  20.5 0.017157 0.021295 0.013198 hargrave 2017-08-08 15:43:55 
TT 555 336.2 -49.1 288.7 -48.0 8.15E-06 001.7 349.0  17.5 0.015080 0.017470 0.014892 hargrave 2017-08-10 10:00:10 
TT 560 332.0 -51.9 283.1 -47.0 8.08E-06 002.9 347.3  14.0 0.012732 0.039078 0.014350 hargrave 2017-08-16 15:33:47 
TT 565 332.2 -54.8 279.3 -48.4 7.94E-06 002.8 348.3  11.3 0.011512 0.037430 0.014175 hargrave 2017-08-17 12:24:11 
TT 570 329.0 -57.8 274.2 -48.1 7.71E-06 002.3 347.7  07.9 0.010493 0.028718 0.013582 hargrave 2017-08-17 21:39:26 
TT 575 323.8 -59.5 270.2 -46.3 7.82E-06 003.1 345.9  05.2 0.020772 0.037315 0.013321 hargrave 2017-08-18 17:19:43 
TT 580 319.9 -61.4 266.6 -45.4 7.83E-06 001.6 345.1  02.6 0.014932 0.018485 0.012738 hargrave 2017-08-21 14:18:45 
TT 600 319.5 -65.8 260.6 -47.1 7.76E-06 002.2 347.2 -01.3 0.011369 0.028773 0.012887 hargrave 2017-08-22 13:22:00 
TT 620 312.7 -68.9 255.0 -45.9 8.18E-06 002.2 346.7 -05.3 0.011343 0.028808 0.013665 hargrave 2017-08-23 12:22:24 
TT 630 314.9 -72.0 251.2 -47.8 8.17E-06 002.7 349.1 -07.4 0.010783 0.036271 0.014257 hargrave 2017-08-24 08:54:37 
TT 640 320.7 -74.4 248.3 -50.1 8.35E-06 001.9 351.8 -08.6 0.012854 0.023167 0.014576 hargrave 2017-08-24 17:03:34 
TT 645 314.1 -76.0 245.4 -48.8 8.48E-06 001.8 351.2 -10.8 0.013649 0.022203 0.015213 hargrave 2017-08-25 15:06:57 
TT 650 309.8 -78.1 241.9 -48.5 8.58E-06 001.9 351.8 -13.0 0.012674 0.024591 0.014274 hargrave 2017-08-29 16:22:07 
TT 655 314.3 -80.5 238.6 -49.9 8.62E-06 002.9 354.0 -14.4 0.014016 0.041589 0.014718 hargrave 2017-09-01 16:26:28 
TT 660 291.8 -80.5 236.7 -46.5 8.77E-06 004.7 351.3 -17.1 0.017692 0.070242 0.017320 hargrave 2017-09-08 18:51:08 
TT 665 272.8 -83.1 231.3 -46.0 8.94E-06 003.2 352.7 -20.6 0.013540 0.045854 0.018867 hargrave 2017-09-12 15:22:52 
TT 670 247.2 -85.1 226.6 -46.2 9.20E-06 002.2 354.8 -23.2 0.020814 0.021794 0.024063 hargrave 2017-09-14 18:54:15 
TT 672 225.5 -84.9 224.0 -45.7 9.27E-06 004.2 355.5 -25.0 0.020797 0.063815 0.023150 hargrave 2017-09-15 19:18:56 
TT 674 210.6 -82.2 221.4 -43.1 9.44E-06 003.4 354.5 -28.0 0.020957 0.049406 0.024612 hargrave 2017-09-19 14:54:54 
TT 676 190.0 -82.5 218.0 -44.4 1.01E-05 003.7 357.4 -29.1 0.020822 0.059600 0.022299 hargrave 2017-09-22 17:11:48 
TT 678 194.3 -75.4 214.8 -37.6 1.03E-05 003.5 353.3 -35.4 0.022528 0.056168 0.024582 hargrave 2017-09-24 15:05:55 
TT 680 200.0 -65.4 212.9 -27.7 8.50E-06 002.6 344.7 -43.0 0.025854 0.025851 0.016689 hargrave 2017-09-25 13:49:36 
TT 682 154.4 -56.9 186.8 -31.9 4.24E-06 003.7 016.1 -52.7 0.018236 0.015667 0.016264 hargrave 2017-09-26 19:33:40 
TT 684 028.5 -61.5 256.3 -76.4 4.06E-07 015.7 016.4  01.6 0.003297 0.007259 0.008519 hargrave 2017-10-01 23:43:21 
TT 684 029.3 -61.6 254.6 -76.6 4.16E-07 015.7 016.6  01.3 0.004533 0.007652 0.008217 hargrave 2017-10-02 08:59:11 
TT 684 028.9 -63.5 250.2 -75.1 4.15E-07 015.5 015.5 -00.2 0.004349 0.007470 0.008281 hargrave 2017-10-02 09:39:30 
TT 686 251.6 -00.1 258.0  33.9 7.92E-07 006.9 266.0 -10.0 0.009321 0.005445 0.001710 hargrave 2017-10-03 10:23:01 
TT 688 112.8 -08.6 122.7 -19.9 8.43E-07 004.7 093.3 -31.4 0.003781 0.007228 0.009142 hargrave 2017-10-05 15:10:01 
TT 690 317.3  29.2 335.7  20.2 1.82E-06 003.2 249.8  57.7 0.007801 0.006991 0.005426 hargrave 2017-10-06 17:42:10 
TT 692 146.8  32.8 120.3  32.7 1.91E-06 004.1 155.3 -30.0 0.006457 0.012602 0.003492 hargrave 2017-10-08 18:00:51 
