TR012 -Ga mag compass orientation (IGRF corrected)
 1154.8   7.3  64.0 313.8  39.2   1.0
NRM    357.7  37.9 008.8  07.5 4.86E-05 001.9 122.4  22.8 0.136473 0.073656 0.083693 hargrave 2017-07-20 17:35:50 
TT 100 000.0  35.9 009.6  04.9 4.45E-05 001.8 121.0  20.5 0.116263 0.060205 0.070894 hargrave 2017-07-21 17:14:51 
TT 200 002.1  33.3 010.0  01.8 4.22E-05 003.1 119.0  18.0 0.196318 0.102904 0.067141 hargrave 2017-07-24 12:56:27 
TT 300 002.9  33.6 010.7  01.8 4.18E-05 003.4 119.5  17.5 0.225757 0.099524 0.067979 hargrave 2017-07-25 10:02:22 
TT 350 002.1  31.6 009.3  00.2 4.11E-05 002.3 117.2  17.4 0.132631 0.105394 0.062429 hargrave 2017-07-31 16:46:51 
TT 400 003.0  33.1 010.6  01.3 4.09E-05 001.4 119.0  17.2 0.076587 0.067006 0.063202 hargrave 2017-08-01 14:54:55 
TT 450 004.2  34.4 012.0  02.1 4.07E-05 002.0 120.7  16.8 0.126007 0.073105 0.064366 hargrave 2017-08-03 13:50:47 
TT 475 003.6  32.8 011.0  00.8 4.04E-05 002.0 118.9  16.6 0.132824 0.068797 0.067231 hargrave 2017-08-04 10:27:09 
TT 500 004.7  34.6 012.5  02.1 4.01E-05 001.9 121.0  16.4 0.123093 0.068423 0.064192 hargrave 2017-08-04 17:24:14 
TT 525 003.2  32.1 010.3  00.3 3.91E-05 001.5 118.1  16.7 0.071283 0.053779 0.066870 hargrave 2017-08-07 16:08:55 
TT 550 004.5  34.3 012.2  01.9 3.89E-05 002.3 120.6  16.5 0.118896 0.086342 0.065594 hargrave 2017-08-08 15:28:33 
TT 555 004.4  32.6 011.5  00.3 4.00E-05 002.2 118.9  15.9 0.160888 0.062143 0.028556 hargrave 2017-08-09 15:20:35 
TT 555 003.8  31.4 010.5 -00.6 3.88E-05 001.5 117.6  15.9 0.072729 0.084703 0.062656 hargrave 2017-08-10 09:44:50 
TT 560 003.8  31.5 010.6 -00.4 3.89E-05 001.3 117.7  16.0 0.057588 0.071004 0.062202 hargrave 2017-08-16 15:18:23 
TT 565 003.9  32.1 010.9  00.1 3.86E-05 001.7 118.3  16.1 0.090510 0.071294 0.062081 hargrave 2017-08-17 12:08:02 
TT 570 002.8  29.8 009.0 -01.6 3.85E-05 001.4 115.7  16.2 0.063612 0.069163 0.060535 hargrave 2017-08-17 21:24:07 
TT 575 003.4  31.7 010.3 -00.2 3.83E-05 001.5 117.7  16.4 0.066764 0.066885 0.060393 hargrave 2017-08-18 17:02:42 
TT 580 003.3  31.0 010.0 -00.8 3.82E-05 001.4 117.0  16.2 0.060998 0.069024 0.059641 hargrave 2017-08-21 14:03:29 
TT 600 003.4  30.8 009.9 -00.9 3.79E-05 001.7 116.9  16.1 0.082067 0.073429 0.061256 hargrave 2017-08-22 13:06:28 
TT 620 004.6  31.9 011.3 -00.3 3.73E-05 002.4 118.4  15.5 0.131667 0.082900 0.060055 hargrave 2017-08-23 12:07:00 
TT 630 004.4  31.5 011.0 -00.7 3.73E-05 001.6 117.9  15.5 0.075703 0.066317 0.060511 hargrave 2017-08-24 08:39:19 
TT 640 003.9  30.3 010.1 -01.6 3.68E-05 001.4 116.5  15.5 0.057948 0.061077 0.061490 hargrave 2017-08-24 16:48:07 
TT 645 004.8  32.2 011.6 -00.1 3.63E-05 002.9 118.7  15.5 0.151438 0.094388 0.061925 hargrave 2017-08-25 14:51:36 
TT 650 004.1  30.6 010.4 -01.4 3.58E-05 001.6 116.9  15.5 0.063616 0.065335 0.060578 hargrave 2017-08-29 16:06:38 
TT 655 004.2  30.6 010.5 -01.5 3.54E-05 002.6 117.0  15.3 0.128703 0.083302 0.064461 hargrave 2017-09-01 16:11:06 
TT 660 004.6  30.3 010.7 -01.8 3.46E-05 002.1 116.8  14.9 0.100935 0.072159 0.053556 hargrave 2017-09-08 18:33:53 
TT 665 004.5  30.1 010.5 -02.0 3.38E-05 001.5 116.5  15.0 0.062298 0.046007 0.058197 hargrave 2017-09-12 15:06:29 
TT 670 004.7  31.4 011.2 -00.9 3.16E-05 001.5 117.9  15.3 0.055036 0.044641 0.056974 hargrave 2017-09-14 18:36:58 
TT 672 004.7  32.4 011.6  00.1 3.17E-05 002.1 118.8  15.7 0.087457 0.057250 0.059150 hargrave 2017-09-15 19:01:29 
TT 674 005.1  32.4 011.9 -00.1 2.79E-05 002.7 118.9  15.3 0.105580 0.066598 0.054347 hargrave 2017-09-19 14:37:20 
TT 676 004.6  33.1 011.8  00.7 2.48E-05 004.9 119.5  16.0 0.182263 0.104755 0.054068 hargrave 2017-09-22 16:53:43 
TT 678 004.3  32.2 011.3  00.0 2.30E-05 004.4 118.6  15.8 0.150897 0.091687 0.050899 hargrave 2017-09-24 14:47:29 
TT 680 006.2  30.3 012.0 -02.3 1.66E-05 002.3 117.4  13.7 0.049960 0.029116 0.039507 hargrave 2017-09-25 13:32:09 
TT 682 007.9  51.8 021.5  17.0 4.50E-06 003.3 138.9  19.8 0.013387 0.022298 0.009725 hargrave 2017-09-26 19:13:54 
TT 684 022.3  52.5 030.5  14.9 3.54E-06 006.6 143.1  11.9 0.019339 0.029394 0.022980 hargrave 2017-10-01 23:24:27 
TT 686 160.8  24.6 137.9  35.7 1.05E-06 005.0 235.9 -10.5 0.005873 0.006736 0.005709 hargrave 2017-10-03 10:05:59 
TT 688 015.9  47.1 024.9  10.8 1.35E-06 004.0 136.3  13.3 0.007504 0.003477 0.005799 hargrave 2017-10-05 14:53:05 
TT 690 152.0 -58.8 187.3 -34.1 1.04E-06 004.9 326.5 -40.1 0.005177 0.007247 0.003217 hargrave 2017-10-06 17:25:04 
TT 692 131.4  48.3 097.3  34.1 1.31E-06 006.1 202.3 -09.7 0.004384 0.009863 0.009524 hargrave 2017-10-08 17:46:49 
