TR012 -Ca mag compass orientation (IGRF corrected)
 1152.9  27.3  81.0 313.8  39.2   1.0
NRM    092.4 -67.5 187.3 -61.2 2.98E-05 003.6 010.6 -29.1 0.050214 0.174677 0.056888 hargrave 2017-07-20 17:28:33 
TT 100 095.7 -67.1 186.0 -60.0 3.10E-05 003.7 009.5 -30.1 0.058084 0.189648 0.046358 hargrave 2017-07-21 17:07:06 
TT 200 106.3 -68.1 187.7 -55.9 3.22E-05 003.9 004.7 -30.4 0.098605 0.202067 0.047875 hargrave 2017-07-24 12:48:44 
TT 300 106.0 -68.1 187.6 -56.0 3.26E-05 003.5 004.9 -30.5 0.087295 0.180511 0.048142 hargrave 2017-07-25 09:54:38 
TT 350 106.5 -68.0 187.5 -55.8 3.31E-05 001.7 004.7 -30.6 0.028963 0.084435 0.052907 hargrave 2017-07-31 16:37:45 
TT 400 113.6 -68.0 187.9 -53.1 3.33E-05 002.1 001.6 -30.9 0.039570 0.106795 0.053756 hargrave 2017-08-01 14:45:58 
TT 450 115.5 -67.9 188.0 -52.4 3.40E-05 002.0 000.8 -31.0 0.128066 0.104239 0.048829 hargrave 2017-08-03 13:43:17 
TT 475 118.1 -67.8 188.0 -51.4 3.43E-05 002.8 359.6 -31.2 0.152510 0.156415 0.048408 hargrave 2017-08-04 10:19:38 
TT 500 119.6 -66.8 186.8 -50.7 3.37E-05 002.9 358.9 -32.2 0.125296 0.143664 0.048144 hargrave 2017-08-04 17:16:56 
TT 525 117.6 -66.4 185.8 -51.3 3.38E-05 001.8 359.9 -32.6 0.034682 0.093578 0.049910 hargrave 2017-08-07 16:00:14 
TT 550 123.8 -65.6 185.8 -48.7 3.39E-05 002.6 356.8 -33.2 0.037213 0.146016 0.052967 hargrave 2017-08-08 15:19:51 
TT 555 122.1 -65.8 185.8 -49.4 3.44E-05 002.4 357.7 -33.1 0.046584 0.137589 0.028819 hargrave 2017-08-09 14:41:43 
TT 555 123.5 -65.8 186.0 -48.9 3.39E-05 001.6 357.0 -33.0 0.033895 0.074619 0.053406 hargrave 2017-08-10 09:36:08 
TT 560 123.8 -65.9 186.2 -48.8 3.39E-05 001.8 356.9 -32.9 0.046371 0.084709 0.052533 hargrave 2017-08-16 15:08:46 
TT 565 124.3 -65.8 186.2 -48.6 3.40E-05 002.3 356.6 -33.0 0.045188 0.124539 0.052632 hargrave 2017-08-17 11:59:20 
TT 570 122.1 -66.0 185.9 -49.4 3.41E-05 002.8 357.7 -33.0 0.049598 0.152216 0.056231 hargrave 2017-08-17 21:15:30 
TT 575 126.9 -65.7 186.6 -47.5 3.41E-05 001.7 355.3 -32.9 0.043740 0.082816 0.057867 hargrave 2017-08-18 16:53:56 
TT 580 125.0 -65.7 186.1 -48.2 3.40E-05 002.4 356.2 -33.1 0.042044 0.128070 0.057431 hargrave 2017-08-21 13:54:48 
TT 600 127.9 -65.7 186.8 -47.1 3.38E-05 002.1 354.8 -32.8 0.033270 0.108668 0.059799 hargrave 2017-08-22 12:57:43 
TT 620 128.5 -65.4 186.6 -46.8 3.40E-05 001.9 354.4 -33.0 0.049900 0.082869 0.058558 hargrave 2017-08-23 11:58:17 
TT 630 129.2 -65.5 186.8 -46.6 3.39E-05 003.0 354.2 -32.9 0.049741 0.164158 0.058938 hargrave 2017-08-24 08:29:49 
TT 640 129.6 -65.5 186.9 -46.4 3.38E-05 002.5 354.0 -32.9 0.033329 0.133692 0.058065 hargrave 2017-08-24 16:39:23 
TT 645 127.9 -65.4 186.4 -47.0 3.37E-05 002.1 354.8 -33.1 0.028844 0.109673 0.057713 hargrave 2017-08-25 14:42:51 
TT 650 126.4 -65.3 186.0 -47.6 3.38E-05 002.3 355.5 -33.3 0.033860 0.125784 0.058352 hargrave 2017-08-29 15:57:55 
TT 655 130.8 -64.5 185.9 -45.5 3.37E-05 002.7 353.1 -33.7 0.054457 0.138336 0.070466 hargrave 2017-09-01 16:02:24 
TT 660 135.5 -64.5 187.2 -43.7 3.29E-05 003.2 350.8 -33.1 0.077712 0.160386 0.049882 hargrave 2017-09-08 18:24:55 
TT 665 133.4 -63.9 185.9 -44.3 2.41E-05 003.4 351.6 -33.9 0.075146 0.123721 0.042628 hargrave 2017-09-12 14:58:01 
TT 665 131.2 -64.4 185.8 -45.3 2.41E-05 002.6 352.8 -33.8 0.072912 0.082779 0.041229 hargrave 2017-09-12 17:13:17 
TT 670 139.9 -64.0 188.0 -41.9 9.63E-06 002.1 348.5 -32.7 0.017436 0.027655 0.020568 hargrave 2017-09-14 18:27:58 
TT 670 138.7 -64.4 188.0 -42.5 9.64E-06 002.1 349.2 -32.6 0.017528 0.028383 0.020065 hargrave 2017-09-15 09:15:43 
TT 672 131.1 -63.8 185.1 -45.1 1.10E-05 003.0 352.7 -34.4 0.023697 0.047336 0.030842 hargrave 2017-09-15 18:52:34 
TT 672 133.1 -63.2 184.9 -44.0 1.10E-05 002.7 351.4 -34.6 0.022183 0.042018 0.028848 hargrave 2017-09-16 15:51:10 
TT 674 143.2 -26.9 158.2 -15.0 4.24E-06 002.1 309.6 -59.7 0.011475 0.010286 0.007338 hargrave 2017-09-19 14:29:12 
TT 674 142.7 -27.4 158.2 -15.7 4.24E-06 002.4 310.9 -59.8 0.012975 0.012061 0.007989 hargrave 2017-09-19 18:05:51 
TT 676 305.2 -59.5 263.6 -38.3 4.94E-07 012.3 004.3  21.2 0.004561 0.004297 0.009174 hargrave 2017-09-22 16:45:36 
TT 676 307.0 -59.4 264.4 -39.0 4.98E-07 012.2 005.3  21.2 0.004640 0.003809 0.009367 hargrave 2017-09-22 18:17:14 
TT 676 305.2 -60.2 262.8 -38.7 4.96E-07 012.1 004.2  20.5 0.004582 0.002682 0.009661 hargrave 2017-09-22 18:51:14 
TT 678 144.5 -25.3 158.0 -13.0 6.78E-07 005.6 305.6 -59.4 0.005315 0.003516 0.002910 hargrave 2017-09-24 14:36:41 
TT 680 100.4  19.5 095.9 -03.9 9.91E-07 003.7 149.8 -57.0 0.004422 0.003544 0.005967 hargrave 2017-09-25 13:24:02 
TT 682 172.4  40.6 129.5  53.5 1.78E-06 003.6 221.2 -19.1 0.006247 0.007204 0.007433 hargrave 2017-09-26 19:05:46 
TT 684 073.0  39.6 065.9  03.9 8.24E-07 005.9 143.0 -26.4 0.006133 0.008048 0.006044 hargrave 2017-10-01 23:14:44 
TT 686 195.5  53.1 115.3  72.5 2.42E-06 003.6 216.0  00.2 0.008323 0.012466 0.006964 hargrave 2017-10-03 09:56:28 
TT 688 016.7  44.0 024.4  07.6 2.58E-06 003.7 133.2  13.9 0.007853 0.011926 0.011238 hargrave 2017-10-05 14:43:34 
TT 690 117.5 -20.6 135.0 -26.0 7.54E-07 005.4 358.9 -78.4 0.003350 0.006363 0.003620 hargrave 2017-10-06 17:15:29 
TT 692 177.3  50.8 115.4  61.1 2.16E-06 003.4 213.9 -11.0 0.003785 0.015093 0.005944 hargrave 2017-10-08 17:38:42 
