TR012 -Ma mag compass orientation (IGRF corrected)
 1161.5 352.3  56.0 313.8  39.2   1.0
NRM    026.7 -26.8 008.9 -62.7 3.10E-05 002.9 082.9 -42.1 0.148679 0.053064 0.018430 hargrave 2017-07-20 17:43:03 
TT 100 028.5 -31.2 007.9 -67.3 3.16E-05 002.3 078.0 -45.1 0.116002 0.062225 0.022017 hargrave 2017-07-21 17:21:56 
TT 200 030.4 -31.8 011.2 -68.5 3.18E-05 003.1 077.9 -46.8 0.165215 0.064935 0.021471 hargrave 2017-07-24 13:03:30 
TT 300 031.5 -33.9 011.1 -70.9 3.19E-05 002.8 075.2 -48.3 0.139247 0.075549 0.021965 hargrave 2017-07-25 10:09:27 
TT 350 033.4 -33.8 015.8 -71.4 3.19E-05 002.4 076.0 -49.9 0.116757 0.055437 0.032749 hargrave 2017-07-31 16:55:59 
TT 400 035.0 -35.3 018.1 -73.2 3.20E-05 001.9 074.2 -51.4 0.084960 0.056801 0.029095 hargrave 2017-08-01 15:04:00 
TT 450 037.0 -35.4 023.5 -73.9 3.24E-05 002.7 074.6 -53.1 0.126604 0.107449 0.024499 hargrave 2017-08-03 13:58:59 
TT 475 038.5 -35.7 027.5 -74.4 3.26E-05 002.4 074.5 -54.3 0.092986 0.120926 0.018525 hargrave 2017-08-04 10:34:21 
TT 500 040.4 -36.2 033.1 -75.2 3.23E-05 002.4 074.0 -55.9 0.088579 0.120087 0.018590 hargrave 2017-08-04 17:31:34 
TT 525 042.1 -37.4 037.8 -76.5 3.21E-05 001.9 072.2 -57.4 0.076835 0.081233 0.014991 hargrave 2017-08-07 16:17:52 
TT 550 043.5 -38.4 042.8 -77.6 3.21E-05 002.1 070.6 -58.6 0.081029 0.093456 0.017789 hargrave 2017-08-08 15:37:31 
TT 555 044.3 -39.7 046.0 -78.9 3.20E-05 002.1 068.1 -59.3 0.079424 0.085088 0.030623 hargrave 2017-08-10 09:53:48 
TT 560 045.1 -39.0 048.6 -78.1 3.19E-05 002.2 069.6 -59.9 0.083804 0.088541 0.028259 hargrave 2017-08-16 15:27:22 
TT 565 045.7 -39.4 051.0 -78.5 3.19E-05 002.1 068.7 -60.3 0.079228 0.084622 0.028675 hargrave 2017-08-17 12:17:00 
TT 570 046.4 -38.9 053.5 -78.0 3.18E-05 002.3 069.7 -60.9 0.081946 0.096101 0.031253 hargrave 2017-08-17 21:33:05 
TT 575 047.3 -41.0 059.0 -79.9 3.17E-05 002.1 065.5 -61.6 0.074958 0.090322 0.035090 hargrave 2017-08-18 17:11:40 
TT 580 048.0 -41.9 063.2 -80.6 3.17E-05 002.1 063.5 -62.0 0.079861 0.086270 0.034946 hargrave 2017-08-21 14:12:24 
TT 600 049.4 -41.9 069.3 -80.3 3.17E-05 002.2 063.3 -63.1 0.079577 0.093998 0.037235 hargrave 2017-08-22 13:15:29 
TT 620 051.8 -42.4 079.8 -80.0 3.17E-05 002.2 061.6 -64.7 0.076111 0.094945 0.036912 hargrave 2017-08-23 12:15:59 
TT 630 053.6 -44.1 092.1 -80.6 3.18E-05 002.2 056.9 -65.7 0.076375 0.091723 0.036215 hargrave 2017-08-24 08:48:16 
TT 640 054.9 -44.2 096.5 -80.0 3.18E-05 002.2 056.2 -66.6 0.077985 0.090732 0.038084 hargrave 2017-08-24 16:57:05 
TT 645 055.0 -44.1 096.7 -79.9 3.20E-05 002.3 056.2 -66.6 0.076299 0.099613 0.038772 hargrave 2017-08-25 15:00:30 
TT 650 056.6 -45.4 106.1 -79.9 3.18E-05 002.2 052.3 -67.3 0.077395 0.095400 0.037504 hargrave 2017-08-29 16:15:44 
TT 655 057.3 -45.7 109.3 -79.7 3.20E-05 002.4 051.0 -67.6 0.090303 0.094596 0.058714 hargrave 2017-09-01 16:20:05 
TT 660 059.0 -45.1 110.4 -78.4 3.23E-05 002.1 051.1 -69.0 0.079631 0.089350 0.050609 hargrave 2017-09-08 18:43:34 
TT 665 060.2 -44.8 111.5 -77.5 3.25E-05 002.3 050.9 -69.9 0.089482 0.092905 0.062985 hargrave 2017-09-12 15:15:41 
TT 670 063.3 -46.1 121.3 -76.2 3.21E-05 002.2 044.4 -71.2 0.082755 0.091635 0.035270 hargrave 2017-09-14 18:46:42 
TT 672 062.3 -45.2 116.5 -76.5 3.20E-05 002.2 047.9 -71.0 0.085379 0.093290 0.039212 hargrave 2017-09-15 19:11:12 
TT 672 062.9 -45.4 118.0 -76.2 3.20E-05 002.3 046.8 -71.3 0.084549 0.095229 0.032714 hargrave 2017-09-16 16:00:59 
TT 674 065.7 -46.8 126.6 -75.1 3.15E-05 002.4 039.6 -72.1 0.092664 0.090540 0.041097 hargrave 2017-09-19 14:47:20 
TT 676 062.8 -45.0 116.6 -76.1 3.10E-05 002.4 047.9 -71.4 0.083274 0.100315 0.040650 hargrave 2017-09-22 17:03:26 
TT 678 067.2 -46.8 128.3 -74.1 2.91E-05 002.5 037.2 -72.9 0.082341 0.094268 0.036758 hargrave 2017-09-24 14:57:21 
TT 680 070.6 -47.4 133.3 -72.2 2.59E-05 002.6 029.8 -74.0 0.071078 0.092508 0.032594 hargrave 2017-09-25 13:41:52 
TT 682 075.2 -46.7 134.9 -69.0 1.31E-05 002.6 020.7 -76.2 0.038537 0.041973 0.023715 hargrave 2017-09-26 19:23:37 
TT 684 073.6 -42.6 123.5 -68.2 9.76E-06 002.3 035.7 -79.0 0.031132 0.025200 0.014374 hargrave 2017-10-01 23:33:31 
TT 686 112.3 -56.5 169.5 -50.7 2.96E-06 003.4 326.9 -59.7 0.010482 0.008690 0.024253 hargrave 2017-10-03 10:14:46 
TT 688 038.0 -51.7 296.9 -86.3 2.36E-06 002.5 047.0 -53.8 0.007259 0.006218 0.005656 hargrave 2017-10-05 15:01:53 
TT 690 172.5  27.7 144.9  45.3 1.47E-06 007.9 246.6  15.2 0.013008 0.007240 0.017182 hargrave 2017-10-06 17:34:00 
TT 690 172.6  27.4 145.3  45.1 1.47E-06 008.9 246.9  15.1 0.016891 0.007391 0.017220 hargrave 2017-10-06 20:09:46 
TT 690 170.5  28.9 141.9  44.9 1.46E-06 009.1 244.5  14.4 0.017819 0.008271 0.016032 hargrave 2017-10-06 21:58:56 
TT 692 145.2  43.4 109.4  38.5 9.34E-07 006.0 220.6  06.3 0.003337 0.007807 0.006285 hargrave 2017-10-08 17:53:51 
