TR012 -Fa mag compass orientation (IGRF corrected)
 1154.8  15.3  64.0 313.8  39.2   1.0
NRM    354.1  25.0 000.0 -02.4 2.88E-05 002.9 105.7  28.7 0.145911 0.059289 0.055602 hargrave 2017-07-20 17:34:30 
TT 100 357.0  20.8 000.4 -07.5 2.50E-05 004.9 102.1  24.8 0.210351 0.069111 0.039108 hargrave 2017-07-21 17:13:31 
TT 200 359.9  15.4 000.4 -13.5 2.31E-05 004.1 097.7  20.2 0.161248 0.059030 0.037209 hargrave 2017-07-24 12:55:09 
TT 300 001.8  17.6 003.1 -12.3 2.28E-05 002.4 100.7  19.4 0.089911 0.069666 0.038901 hargrave 2017-07-25 10:01:04 
TT 350 002.0  16.9 002.9 -13.1 2.24E-05 003.4 100.0  19.0 0.122894 0.061526 0.034066 hargrave 2017-07-31 16:45:08 
TT 400 002.0  16.4 002.7 -13.5 2.22E-05 001.6 099.6  18.8 0.043343 0.054657 0.033745 hargrave 2017-08-01 14:53:13 
TT 450 002.2  15.1 002.3 -14.8 2.20E-05 003.6 098.3  18.1 0.136575 0.061615 0.034315 hargrave 2017-08-03 13:49:24 
TT 475 002.7  15.4 002.9 -14.6 2.19E-05 003.0 098.9  17.8 0.111220 0.065342 0.034758 hargrave 2017-08-04 10:25:41 
TT 500 003.1  15.9 003.4 -14.4 2.18E-05 002.3 099.5  17.6 0.081006 0.054475 0.034789 hargrave 2017-08-04 17:22:54 
TT 525 003.1  16.2 003.6 -14.1 2.12E-05 002.2 099.8  17.7 0.071060 0.043357 0.036523 hargrave 2017-08-07 16:07:17 
TT 550 003.9  15.8 004.1 -14.8 2.11E-05 002.2 099.7  16.9 0.069565 0.043267 0.036431 hargrave 2017-08-08 15:26:55 
TT 555 002.7  13.1 001.8 -16.7 2.15E-05 003.0 096.6  16.9 0.110178 0.038006 0.022030 hargrave 2017-08-09 15:19:12 
TT 555 004.2  15.2 004.1 -15.5 2.12E-05 003.2 099.3  16.4 0.106194 0.063451 0.034449 hargrave 2017-08-10 09:43:13 
TT 560 004.2  14.8 004.0 -15.9 2.11E-05 001.5 098.9  16.2 0.035727 0.055844 0.034568 hargrave 2017-08-16 15:16:45 
TT 565 004.8  15.2 004.7 -15.7 2.11E-05 001.9 099.5  15.8 0.051815 0.054996 0.034394 hargrave 2017-08-17 12:06:25 
TT 570 004.2  13.7 003.5 -16.8 2.09E-05 001.5 097.8  15.8 0.033748 0.055002 0.033406 hargrave 2017-08-17 21:22:29 
TT 575 005.2  14.9 004.9 -16.2 2.08E-05 001.6 099.3  15.4 0.044005 0.042040 0.034806 hargrave 2017-08-18 17:01:04 
TT 580 004.8  14.5 004.4 -16.4 2.06E-05 001.7 098.8  15.5 0.043326 0.047368 0.032661 hargrave 2017-08-21 14:01:52 
TT 600 004.8  12.9 003.7 -17.8 2.06E-05 001.5 097.3  14.9 0.034943 0.046530 0.033382 hargrave 2017-08-22 13:04:51 
TT 620 005.6  13.8 004.8 -17.3 2.03E-05 001.5 098.5  14.5 0.037328 0.042185 0.033891 hargrave 2017-08-23 12:05:23 
TT 630 005.6  12.9 004.4 -18.2 2.01E-05 001.8 097.6  14.2 0.047550 0.039025 0.034945 hargrave 2017-08-24 08:37:42 
TT 640 005.1  12.1 003.6 -18.7 1.98E-05 001.6 096.7  14.3 0.039076 0.041055 0.033639 hargrave 2017-08-24 16:46:29 
TT 645 003.2  07.7 359.8 -21.8 1.94E-05 005.2 091.8  14.2 0.172840 0.035597 0.036599 hargrave 2017-08-25 14:49:58 
TT 650 004.9  10.2 002.6 -20.3 1.90E-05 001.7 094.8  13.7 0.042882 0.044110 0.032241 hargrave 2017-08-29 16:05:00 
TT 655 006.3  12.3 004.8 -18.9 1.88E-05 003.2 097.4  13.4 0.099532 0.040207 0.031521 hargrave 2017-09-01 16:09:28 
TT 660 006.7  11.8 005.0 -19.6 1.84E-05 005.3 097.0  12.8 0.166806 0.038188 0.028926 hargrave 2017-09-08 18:32:16 
TT 665 006.1  10.9 004.0 -20.2 1.82E-05 003.5 095.9  12.9 0.107803 0.036595 0.028256 hargrave 2017-09-12 15:05:01 
TT 670 006.4  10.6 004.2 -20.5 1.72E-05 002.3 095.9  12.6 0.063014 0.027859 0.030408 hargrave 2017-09-14 18:35:25 
TT 672 006.5  10.6 004.3 -20.6 1.69E-05 003.3 095.8  12.5 0.094947 0.016220 0.029743 hargrave 2017-09-15 18:59:57 
TT 674 007.4  12.1 005.8 -19.6 1.34E-05 003.0 097.6  12.2 0.065710 0.014774 0.025796 hargrave 2017-09-19 14:35:46 
TT 674 007.0  12.2 005.4 -19.3 1.34E-05 002.7 097.5  12.7 0.057807 0.017285 0.027479 hargrave 2017-09-19 18:10:58 
TT 676 006.6  13.5 005.6 -18.0 1.20E-05 005.8 098.6  13.6 0.119486 0.013501 0.025341 hargrave 2017-09-22 16:52:10 
TT 678 005.1  13.5 004.3 -17.4 1.18E-05 004.1 098.0  14.9 0.080857 0.011624 0.024179 hargrave 2017-09-24 14:44:57 
TT 680 010.7  12.2 009.0 -20.7 9.32E-06 001.5 099.1  09.4 0.015456 0.014637 0.019323 hargrave 2017-09-25 13:30:36 
TT 682 027.9  53.2 034.0  14.8 1.30E-06 003.6 143.0  13.5 0.007609 0.004964 0.006304 hargrave 2017-09-26 19:12:21 
TT 684 039.5  13.9 039.2 -25.2 2.04E-06 008.4 113.8 -14.6 0.020182 0.007422 0.022445 hargrave 2017-10-01 23:22:48 
TT 684 045.4  07.1 045.7 -32.1 2.14E-06 006.0 111.0 -23.2 0.010420 0.006175 0.021727 hargrave 2017-10-02 08:55:57 
TT 686 280.2 -45.7 261.6 -18.1 6.87E-07 004.3 356.3  18.2 0.003541 0.004726 0.002404 hargrave 2017-10-03 10:04:27 
TT 688 079.9  37.5 071.7  03.8 1.79E-06 004.9 158.4 -22.2 0.006803 0.011970 0.009196 hargrave 2017-10-05 14:51:33 
TT 690 256.1 -35.4 249.6 -00.8 7.95E-07 007.5 334.5  22.7 0.003495 0.004299 0.009071 hargrave 2017-10-06 17:23:32 
TT 690 256.0 -34.6 249.8 -00.0 7.96E-07 008.1 334.0  23.3 0.005604 0.004267 0.009152 hargrave 2017-10-06 20:06:29 
TT 690 256.2 -35.1 249.8 -00.5 7.97E-07 006.2 334.4  23.0 0.004117 0.003608 0.007108 hargrave 2017-10-06 21:55:43 
TT 692 006.5  54.1 021.7  19.4 1.78E-06 003.7 139.9  25.8 0.006232 0.007610 0.007083 hargrave 2017-10-08 17:45:35 
