TR012 -Ja mag compass orientation (IGRF corrected)
 1156.6   9.3  70.0 313.8  39.2   1.0
NRM    286.0 -73.4 243.4 -41.2 4.45E-05 002.3 001.9 -03.5 0.063834 0.134264 0.119220 hargrave 2017-07-20 17:39:31 
TT 100 292.9 -74.9 243.5 -43.6 4.47E-05 002.5 003.5 -05.3 0.058483 0.175718 0.080470 hargrave 2017-07-21 17:18:26 
TT 200 283.4 -75.2 241.0 -41.9 4.48E-05 001.5 001.1 -05.3 0.055911 0.091125 0.075893 hargrave 2017-07-24 13:00:02 
TT 300 277.7 -75.6 239.3 -41.1 4.49E-05 002.5 359.6 -05.6 0.072822 0.185237 0.077091 hargrave 2017-07-25 10:05:57 
TT 350 278.8 -76.0 239.1 -41.6 4.51E-05 001.3 359.9 -06.0 0.020708 0.047915 0.092650 hargrave 2017-07-31 16:51:32 
TT 400 277.2 -76.6 238.3 -41.8 4.53E-05 001.3 359.5 -06.6 0.022363 0.055198 0.087687 hargrave 2017-08-01 14:59:33 
TT 450 273.8 -77.3 236.9 -41.8 4.53E-05 001.5 358.8 -07.4 0.044398 0.093149 0.070174 hargrave 2017-08-03 13:55:20 
TT 475 268.3 -77.5 235.4 -41.2 4.55E-05 001.6 357.6 -07.7 0.054281 0.101742 0.074340 hargrave 2017-08-04 10:30:50 
TT 500 266.1 -78.1 234.5 -41.4 4.54E-05 001.7 357.3 -08.4 0.054491 0.109973 0.075805 hargrave 2017-08-04 17:27:55 
TT 525 262.6 -78.3 233.5 -41.3 4.55E-05 002.6 356.6 -08.8 0.029705 0.191295 0.074068 hargrave 2017-08-07 16:13:27 
TT 550 252.6 -78.3 231.2 -40.3 4.56E-05 001.4 354.7 -09.5 0.029943 0.067899 0.085794 hargrave 2017-08-08 15:33:04 
TT 555 251.6 -78.5 230.8 -40.4 4.66E-05 003.0 354.6 -09.7 0.038161 0.244071 0.039254 hargrave 2017-08-09 15:24:30 
TT 555 256.6 -78.9 231.7 -41.2 4.55E-05 002.0 355.7 -09.8 0.029115 0.131878 0.085421 hargrave 2017-08-10 09:49:22 
TT 560 246.0 -78.3 229.5 -39.8 4.54E-05 001.5 353.5 -10.1 0.025566 0.073090 0.086856 hargrave 2017-08-16 15:22:55 
TT 565 241.0 -77.9 228.4 -39.1 4.57E-05 002.2 352.4 -10.4 0.028541 0.152428 0.085054 hargrave 2017-08-17 12:12:33 
TT 570 245.1 -78.9 229.1 -40.3 4.57E-05 002.4 353.7 -10.7 0.026930 0.170130 0.089147 hargrave 2017-08-17 21:28:37 
TT 575 233.7 -77.4 226.6 -38.3 4.58E-05 001.9 350.9 -10.9 0.042507 0.116384 0.090124 hargrave 2017-08-18 17:07:13 
TT 580 236.3 -77.9 227.1 -39.0 4.58E-05 001.7 351.7 -11.0 0.035780 0.105539 0.085937 hargrave 2017-08-21 14:08:00 
TT 600 231.2 -77.0 225.9 -37.9 4.56E-05 001.4 350.2 -11.1 0.036432 0.078370 0.079811 hargrave 2017-08-22 13:10:58 
TT 620 230.2 -77.3 225.6 -38.2 4.56E-05 002.0 350.2 -11.5 0.040479 0.130958 0.082306 hargrave 2017-08-23 12:11:34 
TT 630 232.5 -78.1 226.1 -39.0 4.56E-05 002.3 351.2 -11.7 0.039838 0.161445 0.083046 hargrave 2017-08-24 08:43:50 
TT 640 237.9 -79.3 227.2 -40.4 4.54E-05 003.9 352.8 -11.9 0.046269 0.295077 0.086417 hargrave 2017-08-24 16:52:39 
TT 645 237.4 -79.6 227.0 -40.6 4.56E-05 002.7 352.9 -12.1 0.036099 0.194480 0.083747 hargrave 2017-08-25 14:56:06 
TT 650 223.7 -76.9 223.8 -37.7 4.56E-05 001.9 349.0 -12.3 0.044503 0.126089 0.081343 hargrave 2017-08-29 16:11:11 
TT 655 226.7 -77.8 224.6 -38.6 4.56E-05 002.2 350.1 -12.4 0.053886 0.155653 0.080971 hargrave 2017-09-01 16:15:37 
TT 660 228.8 -78.0 225.1 -38.9 4.57E-05 001.5 350.6 -12.2 0.053207 0.086672 0.075566 hargrave 2017-09-08 18:38:17 
TT 665 223.9 -77.6 223.8 -38.4 4.57E-05 002.0 349.6 -12.7 0.036648 0.132954 0.079304 hargrave 2017-09-12 15:10:39 
TT 670 218.2 -76.3 222.1 -37.1 4.54E-05 001.8 347.7 -13.0 0.064281 0.079275 0.115681 hargrave 2017-09-14 18:41:23 
TT 672 223.1 -78.1 223.6 -38.9 4.50E-05 003.6 349.9 -13.1 0.053945 0.258830 0.101989 hargrave 2017-09-15 19:05:52 
TT 674 209.7 -74.3 219.2 -35.5 4.40E-05 001.8 344.9 -13.9 0.059226 0.079010 0.103822 hargrave 2017-09-19 14:41:50 
TT 674 211.0 -75.4 219.8 -36.5 4.38E-05 002.6 346.1 -14.1 0.051764 0.175562 0.091555 hargrave 2017-09-19 18:12:36 
TT 676 220.6 -79.4 223.0 -40.2 4.14E-05 003.3 350.6 -14.2 0.057490 0.204685 0.110416 hargrave 2017-09-22 16:58:06 
TT 678 209.0 -74.2 218.9 -35.4 3.83E-05 004.1 344.7 -14.1 0.047519 0.253604 0.098303 hargrave 2017-09-24 14:51:56 
TT 680 208.8 -74.4 218.9 -35.6 2.49E-05 001.9 344.9 -14.2 0.041672 0.050491 0.061203 hargrave 2017-09-25 13:36:32 
TT 682 201.1 -60.5 211.9 -22.8 9.47E-06 003.3 330.5 -11.7 0.022647 0.042323 0.031965 hargrave 2017-09-26 19:18:18 
TT 684 171.0 -71.4 205.1 -37.8 5.31E-06 003.8 340.5 -24.7 0.010428 0.027032 0.021790 hargrave 2017-10-01 23:28:58 
TT 686 152.7 -35.3 170.2 -16.3 1.28E-06 004.7 299.9 -40.9 0.004869 0.007902 0.005035 hargrave 2017-10-03 10:10:19 
TT 688 028.0 -14.6 018.8 -51.6 1.31E-06 005.4 081.9 -22.2 0.011752 0.006201 0.005255 hargrave 2017-10-05 14:57:25 
TT 690 217.5 -10.4 216.7  28.5 1.35E-06 005.3 290.8  22.0 0.010163 0.003588 0.007120 hargrave 2017-10-06 17:29:28 
TT 692 234.5 -40.0 232.0 -01.3 6.95E-07 006.0 325.7  16.9 0.004234 0.003097 0.006795 hargrave 2017-10-08 17:50:17 
