TR012 -Ba mag compass orientation (IGRF corrected)
 1151.6 101.3  48.0 313.8  39.2   1.0
NRM    103.1 -44.4 148.4 -50.6 5.78E-05 002.0 054.7 -29.0 0.167050 0.135685 0.057416 hargrave 2017-07-20 17:27:19 
TT 100 106.3 -43.6 149.3 -48.2 5.86E-05 002.0 056.9 -30.6 0.183758 0.121862 0.061186 hargrave 2017-07-21 17:05:53 
TT 200 106.9 -45.9 152.5 -49.0 5.96E-05 003.1 054.9 -32.1 0.285948 0.162348 0.091855 hargrave 2017-07-24 12:47:31 
TT 300 108.7 -44.9 152.2 -47.5 6.01E-05 001.9 056.6 -32.7 0.157673 0.122297 0.085728 hargrave 2017-07-25 09:53:25 
TT 350 108.8 -46.4 154.1 -48.2 5.99E-05 002.0 055.1 -33.5 0.163570 0.112892 0.085932 hargrave 2017-07-31 16:36:13 
TT 400 110.2 -45.9 154.3 -47.1 6.03E-05 001.9 056.1 -34.1 0.151468 0.103273 0.081380 hargrave 2017-08-01 14:44:21 
TT 450 110.5 -46.7 155.4 -47.3 6.16E-05 002.4 055.4 -34.6 0.215918 0.167278 0.087254 hargrave 2017-08-03 13:42:03 
TT 475 111.5 -46.2 155.3 -46.5 6.21E-05 003.0 056.3 -35.1 0.277574 0.196734 0.079264 hargrave 2017-08-04 10:17:41 
TT 500 112.9 -46.9 157.0 -46.1 6.23E-05 002.0 056.0 -36.2 0.173827 0.143591 0.079700 hargrave 2017-08-04 17:15:39 
TT 525 115.4 -46.8 158.2 -44.6 6.22E-05 002.1 057.0 -37.7 0.176884 0.133457 0.077618 hargrave 2017-08-07 15:58:41 
TT 550 116.6 -48.5 160.7 -44.8 6.29E-05 001.5 055.5 -39.1 0.111310 0.107938 0.075075 hargrave 2017-08-08 15:18:19 
TT 555 118.6 -47.3 160.3 -43.0 6.43E-05 001.5 057.6 -39.9 0.141307 0.097861 0.054224 hargrave 2017-08-09 14:40:12 
TT 555 118.9 -46.3 159.4 -42.2 6.29E-05 001.8 058.9 -39.7 0.150277 0.096197 0.097182 hargrave 2017-08-10 09:34:36 
TT 560 118.8 -46.7 159.7 -42.5 6.30E-05 001.6 058.4 -39.8 0.125987 0.091828 0.091703 hargrave 2017-08-16 15:06:22 
TT 565 119.1 -47.1 160.3 -42.6 6.32E-05 001.5 058.0 -40.1 0.109223 0.084889 0.091001 hargrave 2017-08-17 11:56:57 
TT 570 119.0 -47.5 160.7 -42.9 6.34E-05 001.5 057.5 -40.2 0.115206 0.098772 0.093622 hargrave 2017-08-17 21:13:07 
TT 575 119.5 -47.0 160.5 -42.3 6.34E-05 001.5 058.2 -40.4 0.116344 0.096233 0.085524 hargrave 2017-08-18 16:51:28 
TT 580 119.3 -48.1 161.6 -43.0 6.34E-05 001.5 056.9 -40.6 0.112908 0.102565 0.089111 hargrave 2017-08-21 13:53:16 
TT 600 119.6 -48.1 161.8 -42.9 6.33E-05 001.4 056.9 -40.9 0.104248 0.097742 0.084901 hargrave 2017-08-22 12:56:11 
TT 620 120.2 -48.1 162.1 -42.5 6.32E-05 001.7 057.1 -41.2 0.141305 0.109427 0.085434 hargrave 2017-08-23 11:56:45 
TT 630 120.5 -47.6 161.7 -42.1 6.32E-05 001.8 057.8 -41.3 0.136089 0.134599 0.087708 hargrave 2017-08-24 08:28:17 
TT 640 120.6 -48.0 162.2 -42.3 6.32E-05 001.5 057.3 -41.4 0.109966 0.102248 0.088750 hargrave 2017-08-24 16:37:51 
TT 645 121.8 -46.3 160.9 -40.6 6.34E-05 001.5 059.9 -41.6 0.103785 0.113225 0.084119 hargrave 2017-08-25 14:41:19 
TT 650 122.5 -46.4 161.3 -40.3 6.37E-05 001.7 060.0 -42.0 0.116535 0.140467 0.086942 hargrave 2017-08-29 15:56:18 
TT 655 123.3 -47.4 162.9 -40.4 6.39E-05 001.8 059.0 -42.9 0.123693 0.129841 0.123316 hargrave 2017-09-01 16:00:52 
TT 660 124.1 -46.9 162.8 -39.7 6.21E-05 001.9 059.8 -43.3 0.151433 0.141474 0.078349 hargrave 2017-09-08 18:23:24 
TT 665 126.1 -47.7 164.6 -39.1 4.57E-05 002.1 059.4 -44.8 0.112250 0.110727 0.075175 hargrave 2017-09-12 14:56:35 
TT 665 009.3 -48.3 306.6 -67.7 1.66E-05 069.2 358.6 -00.3 0.098420 2.953035 3.495478 hargrave 2017-09-12 16:39:31 
TT 665 126.7 -46.7 163.8 -38.1 4.58E-05 001.9 061.0 -44.8 0.105879 0.098850 0.065247 hargrave 2017-09-12 17:11:46 
TT 670 136.9 -57.3 179.6 -39.3 1.45E-05 002.3 046.7 -52.9 0.042071 0.047577 0.019880 hargrave 2017-09-14 18:26:26 
TT 670 137.0 -56.6 178.9 -38.9 1.44E-05 002.3 047.8 -52.9 0.039486 0.046276 0.020956 hargrave 2017-09-15 09:14:13 
TT 672 139.2 -48.5 172.2 -32.8 1.55E-05 002.4 061.4 -53.5 0.050747 0.050080 0.018960 hargrave 2017-09-15 18:51:03 
TT 672 139.5 -48.1 172.0 -32.4 1.55E-05 002.2 062.1 -53.6 0.045599 0.048326 0.017412 hargrave 2017-09-16 15:49:38 
TT 674 171.3 -52.8 192.5 -22.6 3.71E-06 002.7 044.3 -72.8 0.011171 0.015926 0.014424 hargrave 2017-09-19 14:27:40 
TT 674 170.9 -52.5 192.1 -22.5 3.72E-06 002.6 045.7 -72.8 0.011465 0.015138 0.014853 hargrave 2017-09-19 18:04:19 
TT 676 106.7  08.0 107.4 -10.2 1.47E-06 006.0 099.6  01.4 0.014829 0.004033 0.004466 hargrave 2017-09-22 16:44:04 
TT 678 236.1  03.2 240.3  41.3 1.38E-06 004.3 233.8 -29.3 0.006441 0.007862 0.006287 hargrave 2017-09-24 14:35:08 
TT 680 136.9  33.7 113.0  27.2 1.58E-06 004.9 137.4  00.7 0.004373 0.004641 0.013030 hargrave 2017-09-25 13:22:31 
TT 682 200.9  38.8 161.5  70.0 1.05E-06 003.6 187.5 -08.7 0.005053 0.004548 0.005801 hargrave 2017-09-26 19:04:10 
TT 684 199.1  47.6 135.4  73.6 8.93E-07 007.3 185.2 -00.1 0.002729 0.008098 0.008433 hargrave 2017-10-01 23:13:12 
TT 684 202.9  47.4 139.6  76.0 8.86E-07 006.6 187.8  00.0 0.004717 0.004210 0.009651 hargrave 2017-10-02 08:51:35 
TT 686 236.4  11.3 242.9  49.2 6.53E-07 011.1 228.8 -22.5 0.006673 0.004615 0.010651 hargrave 2017-10-03 09:54:59 
TT 686 238.2  09.8 245.0  47.3 6.54E-07 011.7 231.3 -22.8 0.005939 0.003929 0.012228 hargrave 2017-10-03 11:40:24 
TT 686 236.5  10.3 242.8  48.2 6.58E-07 010.0 229.5 -23.3 0.005712 0.003904 0.010035 hargrave 2017-10-03 12:33:04 
TT 688 124.2  76.0 064.1  46.6 1.47E-06 004.0 164.2  35.4 0.004290 0.009948 0.005512 hargrave 2017-10-05 14:42:04 
TT 690 312.3  16.5 323.3  13.6 2.33E-06 005.0 278.3  33.9 0.017613 0.006992 0.010832 hargrave 2017-10-06 17:13:10 
TT 692 205.3  16.4 193.8  52.5 1.58E-06 003.5 195.6 -30.2 0.006118 0.007033 0.004540 hargrave 2017-10-08 17:37:29 
