TR012 -Da mag compass orientation (IGRF corrected)
 1153.9  85.3  21.0 313.8  39.2   1.0
NRM    096.9  23.2 091.1 -02.5 7.34E-05 001.6 109.2  17.6 0.160564 0.088787 0.141645 hargrave 2017-07-20 17:29:50 
TT 100 100.0  22.4 094.0 -01.7 7.30E-05 001.5 111.7  15.8 0.138565 0.116585 0.130788 hargrave 2017-07-21 17:08:19 
TT 200 100.2  21.3 094.8 -02.5 7.30E-05 001.5 111.5  14.7 0.137244 0.096028 0.130651 hargrave 2017-07-24 12:49:57 
TT 300 100.5  20.8 095.3 -02.8 7.31E-05 001.5 111.6  14.1 0.158079 0.098904 0.114448 hargrave 2017-07-25 09:55:51 
TT 350 097.8  19.7 093.6 -05.1 7.25E-05 001.9 108.7  14.0 0.195551 0.095493 0.121272 hargrave 2017-07-31 16:39:21 
TT 400 098.3  19.4 094.2 -05.1 7.24E-05 003.4 109.0  13.5 0.378432 0.150199 0.127185 hargrave 2017-08-01 14:47:30 
TT 450 100.6  19.0 096.3 -04.3 7.29E-05 002.7 111.0  12.4 0.291713 0.147832 0.113551 hargrave 2017-08-03 13:44:34 
TT 475 100.3  18.6 096.3 -04.8 7.27E-05 002.6 110.6  12.1 0.288516 0.143220 0.111278 hargrave 2017-08-04 10:20:59 
TT 500 102.2  19.0 097.6 -03.5 7.24E-05 004.5 112.4  11.8 0.518576 0.228172 0.111383 hargrave 2017-08-04 17:18:09 
TT 525 101.7  18.5 097.5 -04.2 7.11E-05 002.5 111.8  11.5 0.266304 0.113582 0.116709 hargrave 2017-08-07 16:01:45 
TT 550 100.7  17.7 097.1 -05.4 7.04E-05 001.8 110.5  11.1 0.174058 0.067650 0.111641 hargrave 2017-08-08 15:21:22 
TT 555 103.6  18.2 099.1 -03.4 7.11E-05 001.3 113.4  10.7 0.130911 0.064838 0.062054 hargrave 2017-08-09 14:43:13 
TT 555 102.1  17.6 098.3 -04.7 6.98E-05 002.2 111.8  10.5 0.216403 0.112307 0.117597 hargrave 2017-08-10 09:37:40 
TT 560 102.1  17.6 098.3 -04.7 6.94E-05 001.6 111.9  10.6 0.141940 0.082777 0.114554 hargrave 2017-08-16 15:10:18 
TT 565 102.7  17.7 098.7 -04.3 6.92E-05 002.7 112.4  10.5 0.285296 0.126881 0.109832 hargrave 2017-08-17 12:00:52 
TT 570 104.5  18.1 099.9 -03.0 6.92E-05 002.3 114.2  10.3 0.235391 0.111105 0.109960 hargrave 2017-08-17 21:17:00 
TT 575 102.9  17.5 098.9 -04.4 6.89E-05 003.2 112.5  10.3 0.341022 0.144363 0.106661 hargrave 2017-08-18 16:55:27 
TT 580 103.8  17.6 099.7 -03.8 6.87E-05 002.6 113.4  10.0 0.271015 0.129313 0.107017 hargrave 2017-08-21 13:56:19 
TT 600 103.6  17.0 099.8 -04.4 6.85E-05 001.5 113.0  09.5 0.129524 0.078659 0.110921 hargrave 2017-08-22 12:59:19 
TT 620 105.1  17.1 100.9 -03.6 6.81E-05 002.7 114.4  09.1 0.272049 0.141585 0.111530 hargrave 2017-08-23 11:59:50 
TT 630 103.9  16.3 100.4 -04.8 6.77E-05 002.7 113.0  08.8 0.276317 0.125871 0.108698 hargrave 2017-08-24 08:31:20 
TT 640 102.9  15.8 099.9 -05.8 6.74E-05 002.4 111.9  08.6 0.238889 0.116061 0.105852 hargrave 2017-08-24 16:40:55 
TT 645 104.8  16.2 101.3 -04.5 6.69E-05 004.0 113.8  08.3 0.423521 0.180562 0.114310 hargrave 2017-08-25 14:44:23 
TT 650 105.9  16.0 102.2 -04.0 6.68E-05 003.1 114.7  07.8 0.312532 0.154723 0.117449 hargrave 2017-08-29 15:59:27 
TT 655 104.6  15.3 101.6 -05.3 6.65E-05 003.1 113.3  07.6 0.319764 0.140969 0.105836 hargrave 2017-09-01 16:03:57 
TT 660 102.7  14.2 100.6 -07.3 6.57E-05 005.0 111.1  07.2 0.529916 0.210216 0.110851 hargrave 2017-09-08 18:26:30 
TT 665 106.9  13.5 104.4 -05.6 6.10E-05 002.6 114.8  05.2 0.230525 0.109291 0.116815 hargrave 2017-09-12 14:59:31 
TT 665 106.6  13.4 104.2 -05.9 6.10E-05 002.0 114.5  05.1 0.171856 0.083869 0.118755 hargrave 2017-09-12 17:14:53 
TT 670 106.8  12.3 105.0 -06.7 3.15E-05 001.7 114.3  04.0 0.061259 0.047407 0.056437 hargrave 2017-09-14 18:29:37 
TT 670 107.9  12.6 105.7 -05.8 3.14E-05 001.3 115.4  04.0 0.032427 0.046628 0.057103 hargrave 2017-09-15 09:17:18 
TT 672 107.2  12.8 105.0 -06.0 3.36E-05 004.2 114.8  04.4 0.216016 0.107973 0.061272 hargrave 2017-09-15 18:54:10 
TT 672 109.3  13.5 106.3 -04.3 3.37E-05 001.9 117.0  04.4 0.082826 0.054560 0.058633 hargrave 2017-09-16 15:52:46 
TT 674 105.6  17.7 101.0 -02.8 9.32E-06 002.3 115.1  09.5 0.022722 0.031635 0.019160 hargrave 2017-09-19 14:30:47 
TT 674 106.9  18.2 101.8 -01.7 9.31E-06 003.9 116.4  09.6 0.047624 0.045335 0.019457 hargrave 2017-09-19 18:07:27 
TT 676 103.2  22.9 096.3  00.3 5.78E-06 002.5 114.7  15.2 0.013445 0.020520 0.015629 hargrave 2017-09-22 16:47:11 
TT 678 112.8  27.0 101.1  08.6 6.40E-06 003.5 124.7  16.1 0.021206 0.032349 0.016698 hargrave 2017-09-24 14:38:17 
TT 680 107.7  12.8 105.5 -05.6 5.37E-06 002.7 115.4  04.3 0.017466 0.013844 0.016350 hargrave 2017-09-25 13:25:38 
TT 682 131.0  18.9 119.5  12.8 2.05E-06 002.6 138.5  03.4 0.006177 0.010069 0.007255 hargrave 2017-09-26 19:07:21 
TT 684 081.8  42.9 071.0  09.3 1.96E-06 003.1 105.5  40.6 0.008608 0.006473 0.004115 hargrave 2017-10-01 23:16:20 
TT 686 235.3 -03.5 237.8  34.8 1.47E-06 003.8 242.8 -13.7 0.007787 0.007222 0.003211 hargrave 2017-10-03 09:58:03 
TT 688 189.8  87.3 046.3  53.0 1.45E-06 003.4 181.7  66.4 0.005154 0.007581 0.002990 hargrave 2017-10-05 14:45:08 
TT 690 278.7 -32.6 267.7 -06.4 1.48E-06 005.0 294.6 -25.7 0.005442 0.008595 0.009118 hargrave 2017-10-06 17:17:08 
TT 692 182.5 -11.8 181.1  17.8 1.70E-06 003.1 188.4 -32.6 0.005373 0.005602 0.006516 hargrave 2017-10-08 17:39:58 
