TR012 -La mag compass orientation (IGRF corrected)
 1158.8  24.3  81.0 313.8  39.2   1.0
NRM    347.6  32.3 358.8  06.7 1.82E-05 003.0 123.5  35.6 0.077813 0.049386 0.034642 hargrave 2017-07-20 17:41:50 
TT 100 352.4  32.8 002.6  05.1 1.57E-05 003.4 123.2  31.5 0.074381 0.059242 0.027611 hargrave 2017-07-21 17:20:44 
TT 200 354.0  32.6 003.6  04.3 1.44E-05 003.2 122.6  30.3 0.065022 0.050292 0.024667 hargrave 2017-07-24 13:02:19 
TT 300 354.4  34.5 004.8  05.8 1.35E-05 005.7 124.8  29.6 0.103175 0.088686 0.026731 hargrave 2017-07-25 10:08:16 
TT 350 356.2  31.4 004.7  02.3 1.30E-05 002.0 120.9  28.6 0.035703 0.021991 0.023966 hargrave 2017-07-31 16:54:29 
TT 400 356.3  33.0 005.5  03.7 1.20E-05 001.7 122.8  28.3 0.024869 0.021731 0.021929 hargrave 2017-08-01 15:02:29 
TT 450 358.1  33.5 007.1  03.4 1.11E-05 003.6 123.0  26.7 0.051331 0.052740 0.020531 hargrave 2017-08-03 13:57:44 
TT 475 358.5  34.1 007.7  03.8 1.03E-05 004.4 123.7  26.3 0.064270 0.050966 0.019999 hargrave 2017-08-04 10:33:09 
TT 500 358.3  35.5 008.1  05.1 9.68E-06 003.3 125.2  26.3 0.047441 0.040383 0.019805 hargrave 2017-08-04 17:30:23 
TT 525 000.5  35.3 009.6  04.1 9.13E-06 001.7 124.8  24.6 0.018123 0.014062 0.019023 hargrave 2017-08-07 16:16:23 
TT 550 002.2  34.4 010.5  02.7 8.37E-06 001.7 123.7  23.3 0.014700 0.012638 0.018154 hargrave 2017-08-08 15:36:01 
TT 555 004.0  36.1 012.6  03.7 7.93E-06 002.0 125.4  21.7 0.018380 0.015673 0.018515 hargrave 2017-08-10 09:52:18 
TT 560 002.6  35.3 011.2  03.5 7.58E-06 002.3 124.7  22.9 0.021066 0.016631 0.018008 hargrave 2017-08-16 15:25:53 
TT 565 002.8  35.2 011.3  03.3 7.26E-06 002.3 124.5  22.7 0.021017 0.014667 0.017137 hargrave 2017-08-17 12:15:31 
TT 570 004.5  35.7 012.8  03.1 6.82E-06 001.8 124.9  21.3 0.012464 0.013131 0.015441 hargrave 2017-08-17 21:31:30 
TT 575 006.8  34.2 014.0  01.1 6.56E-06 002.8 123.3  19.5 0.022813 0.017267 0.016159 hargrave 2017-08-18 17:10:10 
TT 580 007.9  34.5 014.9  01.0 6.30E-06 002.1 123.5  18.6 0.013831 0.013630 0.016022 hargrave 2017-08-21 14:10:55 
TT 600 010.2  33.7 016.4 -00.4 5.89E-06 002.2 122.6  16.7 0.014919 0.012850 0.014001 hargrave 2017-08-22 13:13:55 
TT 620 014.4  36.6 020.6  01.1 5.17E-06 002.9 125.7  13.3 0.018086 0.014020 0.013977 hargrave 2017-08-23 12:14:29 
TT 630 016.2  35.7 021.7 -00.1 4.59E-06 002.6 124.8  11.8 0.012860 0.011100 0.013887 hargrave 2017-08-24 08:46:46 
TT 640 016.5  34.5 021.6 -01.4 4.34E-06 002.7 123.5  11.4 0.011956 0.009535 0.014444 hargrave 2017-08-24 16:55:35 
TT 645 015.3  32.0 019.9 -03.5 4.09E-06 003.8 120.9  12.4 0.020590 0.013430 0.013698 hargrave 2017-08-25 14:59:01 
TT 650 016.5  34.2 021.5 -01.7 3.66E-06 002.9 123.2  11.5 0.012517 0.007981 0.011967 hargrave 2017-08-29 16:14:14 
TT 655 021.9  30.8 025.0 -06.2 3.49E-06 002.7 120.2  06.6 0.010768 0.007717 0.011657 hargrave 2017-09-01 16:18:35 
TT 660 029.4  33.5 031.8 -04.8 3.08E-06 002.8 123.8  00.7 0.011121 0.006754 0.009001 hargrave 2017-09-08 18:42:00 
TT 665 042.6  29.0 042.8 -10.1 2.80E-06 003.1 122.2 -11.3 0.007803 0.009226 0.010560 hargrave 2017-09-12 15:14:13 
TT 670 065.0  15.2 065.8 -21.4 2.17E-06 004.4 116.1 -35.5 0.011046 0.009363 0.010096 hargrave 2017-09-14 18:45:09 
TT 672 073.2  16.4 073.5 -18.0 2.36E-06 003.0 121.8 -42.1 0.007631 0.006813 0.009384 hargrave 2017-09-15 19:09:37 
TT 672 072.8  15.3 073.5 -19.2 2.37E-06 003.1 120.3 -42.2 0.007258 0.007318 0.009281 hargrave 2017-09-16 15:59:24 
TT 674 098.9 -03.9 107.8 -24.4 2.06E-06 004.0 107.5 -73.8 0.010164 0.008994 0.010397 hargrave 2017-09-19 14:45:47 
TT 676 090.5 -00.1 097.7 -25.7 2.39E-06 004.0 109.4 -64.7 0.009700 0.011284 0.012019 hargrave 2017-09-22 17:01:53 
TT 678 123.8 -11.1 133.2 -14.9 2.78E-06 003.9 283.6 -80.4 0.016337 0.009937 0.012286 hargrave 2017-09-24 14:55:47 
TT 680 118.4 -15.5 132.0 -21.7 3.17E-06 003.4 328.9 -82.4 0.013146 0.013472 0.008868 hargrave 2017-09-25 13:40:18 
TT 682 102.5  26.7 093.7  03.1 1.79E-06 003.2 162.6 -52.6 0.009932 0.004882 0.006396 hargrave 2017-09-26 19:21:15 
TT 684 168.5  12.4 154.0  31.2 1.88E-06 004.6 249.2 -32.0 0.013399 0.002718 0.006714 hargrave 2017-10-01 23:31:57 
TT 686 236.9 -09.6 238.5  28.6 1.04E-06 005.6 286.6  29.9 0.002849 0.003368 0.010620 hargrave 2017-10-03 10:13:14 
TT 688 025.8 -28.2 005.9 -63.6 2.58E-06 002.8 062.3 -05.5 0.009361 0.008881 0.004416 hargrave 2017-10-05 15:00:21 
TT 690 163.0  64.9 085.7  56.4 8.64E-07 010.7 198.7 -07.7 0.006417 0.006744 0.013998 hargrave 2017-10-06 17:32:28 
TT 690 159.2  66.9 082.0  55.0 8.71E-07 010.3 196.2 -07.5 0.006270 0.009052 0.012279 hargrave 2017-10-06 20:08:14 
TT 690 160.5  67.7 080.6  55.6 8.71E-07 009.1 196.0 -06.6 0.005418 0.007501 0.010954 hargrave 2017-10-06 21:57:25 
TT 692 276.2  60.7 353.2  59.8 2.38E-06 003.7 190.9  36.6 0.009972 0.012414 0.010117 hargrave 2017-10-08 17:52:36 
