TR012 -Aa mag compass orientation (IGRF corrected)
 1151.6 105.3  47.0 313.8  39.2   1.0
NRM    118.6 -69.7 191.2 -51.7 2.19E-05 002.5 028.1 -44.3 0.076868 0.072556 0.048804 hargrave 2017-07-20 17:26:02 
TT 100 131.1 -69.6 192.8 -47.5 2.44E-05 001.8 028.3 -48.6 0.056850 0.062976 0.031864 hargrave 2017-07-21 17:04:35 
TT 200 138.3 -68.9 193.4 -44.8 2.63E-05 002.2 028.8 -51.2 0.063247 0.087832 0.030337 hargrave 2017-07-24 12:46:15 
TT 300 141.8 -68.1 193.3 -43.4 2.73E-05 002.1 029.6 -52.6 0.057381 0.084330 0.030938 hargrave 2017-07-25 09:52:07 
TT 350 144.8 -70.3 196.6 -43.5 2.81E-05 002.9 025.7 -53.0 0.100816 0.104006 0.039194 hargrave 2017-07-31 16:34:36 
TT 400 146.2 -68.9 195.3 -42.4 2.89E-05 003.1 027.6 -54.0 0.114699 0.116487 0.032905 hargrave 2017-08-01 14:42:44 
TT 450 149.9 -67.4 194.8 -40.4 2.97E-05 002.5 029.2 -55.8 0.098825 0.095600 0.031768 hargrave 2017-08-03 13:40:41 
TT 475 151.1 -66.0 193.8 -39.2 3.06E-05 002.8 031.1 -56.8 0.087000 0.136453 0.028358 hargrave 2017-08-04 10:16:15 
TT 500 155.5 -64.7 194.0 -36.9 3.15E-05 002.3 032.1 -59.0 0.090381 0.096711 0.029006 hargrave 2017-08-04 17:14:21 
TT 525 157.6 -63.9 194.1 -35.7 3.28E-05 002.9 032.7 -60.1 0.109964 0.137707 0.027865 hargrave 2017-08-07 15:57:05 
TT 550 160.9 -62.8 194.5 -33.9 3.42E-05 002.6 033.2 -61.9 0.104720 0.128382 0.026167 hargrave 2017-08-08 15:16:42 
TT 555 162.2 -62.7 194.9 -33.4 3.53E-05 002.2 032.8 -62.5 0.086560 0.119398 0.022955 hargrave 2017-08-09 14:38:38 
TT 555 162.7 -63.2 195.5 -33.6 3.46E-05 002.9 031.7 -62.5 0.114033 0.133309 0.034145 hargrave 2017-08-10 09:32:59 
TT 560 161.4 -61.6 193.7 -32.9 3.49E-05 003.1 035.3 -62.7 0.122213 0.147151 0.026553 hargrave 2017-08-16 15:04:46 
TT 565 162.2 -61.9 194.3 -32.8 3.50E-05 003.3 034.3 -62.9 0.124951 0.158789 0.025099 hargrave 2017-08-17 11:55:21 
TT 570 162.5 -62.0 194.4 -32.8 3.51E-05 002.9 034.1 -63.0 0.119653 0.133580 0.028193 hargrave 2017-08-17 21:11:31 
TT 575 162.2 -61.3 193.8 -32.4 3.51E-05 002.8 035.5 -63.2 0.113435 0.135848 0.028781 hargrave 2017-08-18 16:49:51 
TT 580 162.8 -61.0 193.8 -32.0 3.54E-05 002.9 035.8 -63.6 0.115959 0.139434 0.028765 hargrave 2017-08-21 13:51:40 
TT 600 162.7 -60.9 193.7 -31.9 3.55E-05 003.0 036.0 -63.6 0.120946 0.148750 0.029277 hargrave 2017-08-22 12:54:36 
TT 620 163.3 -60.8 193.9 -31.6 3.59E-05 003.1 036.0 -63.9 0.126796 0.153388 0.031496 hargrave 2017-08-23 11:55:09 
TT 630 162.5 -59.9 192.8 -31.2 3.60E-05 003.5 038.2 -63.9 0.138415 0.177829 0.030233 hargrave 2017-08-24 08:26:40 
TT 640 163.1 -59.9 193.1 -31.0 3.63E-05 003.2 037.9 -64.2 0.130272 0.160355 0.030405 hargrave 2017-08-24 16:36:14 
TT 645 163.3 -59.6 193.0 -30.8 3.69E-05 003.2 038.3 -64.4 0.127861 0.162033 0.033350 hargrave 2017-08-25 14:39:43 
TT 650 163.8 -59.1 192.8 -30.1 3.76E-05 003.1 039.2 -64.9 0.128167 0.160616 0.034682 hargrave 2017-08-29 15:54:38 
TT 655 164.4 -58.8 192.9 -29.7 3.83E-05 002.8 039.6 -65.3 0.115324 0.144076 0.058600 hargrave 2017-09-01 15:59:16 
TT 660 166.0 -59.6 194.2 -29.8 3.91E-05 002.6 036.9 -65.7 0.109046 0.139515 0.030345 hargrave 2017-09-08 18:21:54 
TT 665 167.0 -56.5 192.5 -27.1 3.96E-05 002.5 043.3 -67.6 0.101482 0.137886 0.046642 hargrave 2017-09-12 14:55:11 
TT 670 172.0 -56.0 194.7 -25.1 3.53E-05 002.4 040.9 -70.2 0.108044 0.094633 0.043678 hargrave 2017-09-14 18:24:59 
TT 670 171.7 -56.0 194.6 -25.2 3.51E-05 002.0 041.1 -70.1 0.097249 0.077952 0.029936 hargrave 2017-09-15 09:12:45 
TT 672 172.4 -52.4 192.9 -22.0 2.96E-05 003.5 050.4 -72.0 0.150327 0.102920 0.029104 hargrave 2017-09-15 18:49:35 
TT 672 174.3 -54.2 195.0 -22.9 2.98E-05 003.0 043.5 -72.3 0.136125 0.069547 0.054551 hargrave 2017-09-16 15:48:10 
TT 674 179.6 -52.8 197.1 -20.1 2.00E-05 002.7 041.4 -75.7 0.069968 0.058651 0.038247 hargrave 2017-09-19 14:26:13 
TT 674 179.5 -52.8 197.1 -20.1 2.00E-05 002.7 041.6 -75.6 0.069937 0.059550 0.038434 hargrave 2017-09-19 18:02:51 
TT 676 173.4 -48.0 191.0 -17.9 1.16E-05 003.1 064.2 -73.9 0.051447 0.036291 0.013964 hargrave 2017-09-22 16:42:36 
TT 678 193.1 -46.3 202.8 -10.6 5.59E-06 004.1 024.5 -86.4 0.036170 0.018326 0.018846 hargrave 2017-09-24 14:33:40 
TT 680 198.3 -05.3 194.2  29.7 2.15E-06 004.5 184.8 -52.3 0.012037 0.015024 0.008401 hargrave 2017-09-25 13:21:03 
TT 682 202.2 -03.0 197.8  33.1 2.15E-06 002.8 190.7 -49.5 0.007253 0.007363 0.011595 hargrave 2017-09-26 19:02:42 
TT 684 136.5  19.1 123.4  16.3 2.04E-06 004.5 125.3 -07.7 0.013220 0.009348 0.002972 hargrave 2017-10-01 23:11:44 
TT 686 268.2  00.6 275.8  27.3 1.92E-06 005.4 257.7 -12.0 0.014398 0.003173 0.011338 hargrave 2017-10-03 09:53:33 
TT 688 223.7  47.3 222.2  86.5 8.87E-07 005.1 198.8  03.7 0.005751 0.005499 0.004471 hargrave 2017-10-05 14:40:38 
TT 690 186.6  28.5 158.2  54.4 2.13E-06 004.7 172.0 -18.0 0.004889 0.015524 0.007834 hargrave 2017-10-06 17:11:39 
TT 692 198.8  50.4 125.5  74.2 2.01E-06 004.7 182.2  03.5 0.004700 0.015922 0.003766 hargrave 2017-10-08 17:36:21 
