TR012 -Ea mag compass orientation (IGRF corrected)
 1154.7  20.3  56.0 313.8  39.2   1.0
NRM    022.0  27.8 024.4 -09.1 4.18E-05 003.4 114.4  13.8 0.250358 0.078509 0.105621 hargrave 2017-07-20 17:31:09 
TT 100 024.4  24.7 025.8 -12.6 3.87E-05 002.5 112.9  10.4 0.125573 0.078337 0.106785 hargrave 2017-07-21 17:09:36 
TT 200 026.5  23.1 027.4 -14.6 3.74E-05 003.0 112.6  07.9 0.160493 0.086280 0.105754 hargrave 2017-07-24 12:51:14 
TT 300 027.9  24.5 028.9 -13.4 3.72E-05 002.8 114.4  07.6 0.154402 0.091917 0.097369 hargrave 2017-07-25 09:57:08 
TT 350 026.4  22.1 027.1 -15.5 3.68E-05 001.8 111.8  07.4 0.054716 0.056910 0.100327 hargrave 2017-07-31 16:41:02 
TT 400 027.2  22.4 027.9 -15.3 3.63E-05 001.7 112.4  07.0 0.052155 0.060150 0.098091 hargrave 2017-08-01 14:49:06 
TT 450 028.3  23.0 029.1 -15.0 3.61E-05 002.2 113.4  06.4 0.084579 0.088205 0.106839 hargrave 2017-08-03 13:45:55 
TT 475 027.3  21.4 027.9 -16.3 3.60E-05 002.8 111.6  06.3 0.139463 0.093947 0.105374 hargrave 2017-08-04 10:22:21 
TT 500 028.1  22.4 028.7 -15.5 3.54E-05 002.2 112.8  06.2 0.089161 0.088200 0.102192 hargrave 2017-08-04 17:19:30 
TT 525 027.4  20.8 027.8 -17.0 3.47E-05 001.9 111.2  05.9 0.050072 0.055132 0.103940 hargrave 2017-08-07 16:03:20 
TT 550 026.9  19.7 027.1 -17.9 3.44E-05 001.9 110.0  05.7 0.052885 0.055838 0.100572 hargrave 2017-08-08 15:22:58 
TT 555 027.1  19.4 027.3 -18.2 3.45E-05 001.6 109.9  05.3 0.041406 0.051191 0.079956 hargrave 2017-08-09 14:44:47 
TT 555 027.0  19.1 027.0 -18.5 3.39E-05 002.2 109.5  05.3 0.081772 0.064738 0.105878 hargrave 2017-08-10 09:39:16 
TT 560 027.4  19.8 027.5 -17.9 3.37E-05 002.1 110.3  05.4 0.072392 0.062616 0.104750 hargrave 2017-08-16 15:11:54 
TT 565 027.9  20.2 028.1 -17.6 3.35E-05 001.9 110.9  05.2 0.055385 0.058039 0.099372 hargrave 2017-08-17 12:02:28 
TT 570 027.7  20.0 028.0 -17.8 3.34E-05 002.8 110.7  05.2 0.123526 0.067160 0.099833 hargrave 2017-08-17 21:18:35 
TT 575 027.1  19.4 027.2 -18.3 3.31E-05 002.8 109.8  05.3 0.127976 0.064269 0.095301 hargrave 2017-08-18 16:57:03 
TT 580 027.3  19.8 027.4 -17.9 3.29E-05 002.7 110.2  05.4 0.122925 0.062084 0.094951 hargrave 2017-08-21 13:57:55 
TT 600 028.1  20.1 028.3 -17.8 3.24E-05 003.5 111.0  05.0 0.169085 0.073203 0.093838 hargrave 2017-08-22 13:00:54 
TT 620 027.7  19.3 027.8 -18.5 3.19E-05 002.6 110.1  04.8 0.105203 0.058255 0.096461 hargrave 2017-08-23 12:01:26 
TT 630 027.8  19.1 027.8 -18.7 3.13E-05 002.3 110.0  04.7 0.075226 0.055439 0.098603 hargrave 2017-08-24 08:32:56 
TT 640 027.2  18.2 027.1 -19.4 3.11E-05 002.2 108.9  04.6 0.076090 0.057811 0.091974 hargrave 2017-08-24 16:42:31 
TT 645 027.4  18.2 027.2 -19.5 3.08E-05 003.3 109.0  04.5 0.141663 0.067723 0.095698 hargrave 2017-08-25 14:45:59 
TT 650 028.8  20.1 029.0 -17.9 3.05E-05 002.0 111.3  04.4 0.051783 0.053556 0.091149 hargrave 2017-08-29 16:01:02 
TT 655 027.6  18.0 027.5 -19.7 3.03E-05 002.3 109.0  04.2 0.067924 0.054663 0.102969 hargrave 2017-09-01 16:05:32 
TT 660 028.4  19.6 028.6 -18.3 3.00E-05 003.0 110.7  04.4 0.133802 0.046866 0.069251 hargrave 2017-09-08 18:28:23 
TT 665 028.0  18.2 027.8 -19.6 2.92E-05 005.0 109.3  04.0 0.236805 0.073577 0.074389 hargrave 2017-09-12 15:01:18 
TT 670 030.1  18.8 030.0 -19.4 2.40E-05 002.1 110.9  02.7 0.061066 0.052645 0.062767 hargrave 2017-09-14 18:31:30 
TT 670 029.5  18.3 029.3 -19.8 2.39E-05 004.5 110.2  02.9 0.170052 0.073090 0.062605 hargrave 2017-09-15 09:19:11 
TT 672 032.0  20.6 032.2 -17.8 2.41E-05 001.9 113.5  02.2 0.050574 0.047649 0.060851 hargrave 2017-09-15 18:56:02 
TT 672 030.3  18.6 030.2 -19.6 2.40E-05 003.6 110.9  02.4 0.131709 0.042016 0.061286 hargrave 2017-09-16 15:56:48 
TT 674 028.7  17.8 028.4 -20.1 1.20E-05 003.0 109.3  03.2 0.047855 0.029628 0.037211 hargrave 2017-09-19 14:32:40 
TT 674 028.6  17.7 028.3 -20.2 1.20E-05 004.2 109.2  03.2 0.072532 0.038257 0.038177 hargrave 2017-09-19 18:09:20 
TT 676 038.0  18.1 037.9 -20.9 9.08E-06 002.7 114.8 -03.7 0.033871 0.018915 0.025137 hargrave 2017-09-22 16:49:04 
TT 678 032.2  16.4 031.8 -22.0 8.48E-06 004.7 110.2 -00.3 0.063436 0.022395 0.025653 hargrave 2017-09-24 14:40:10 
TT 680 033.0  16.5 032.6 -22.0 8.01E-06 002.7 110.7 -00.9 0.028142 0.016579 0.025503 hargrave 2017-09-25 13:27:30 
TT 682 056.5  42.4 053.2  03.8 2.52E-06 003.0 143.4  00.9 0.008988 0.005994 0.010758 hargrave 2017-09-26 19:09:13 
TT 684 126.7  61.4 082.1  40.0 1.68E-06 005.9 187.8  06.4 0.004744 0.015442 0.007303 hargrave 2017-10-01 23:18:14 
TT 686 196.4  25.3 174.0  57.0 1.53E-06 001.8 246.6  10.8 0.002732 0.003257 0.004045 hargrave 2017-10-03 09:59:54 
TT 688 002.0  41.8 013.5  09.5 1.68E-06 004.3 120.8  34.5 0.008384 0.005059 0.009011 hargrave 2017-10-05 14:47:00 
TT 690 158.3  30.3 130.7  38.1 1.32E-06 006.2 220.8 -11.3 0.008237 0.009706 0.007544 hargrave 2017-10-06 17:18:59 
TT 692 057.7  52.6 052.5  14.0 1.57E-06 004.0 150.8  07.9 0.006869 0.009543 0.003025 hargrave 2017-10-08 17:41:31 
