TR012 -Ha mag compass orientation (IGRF corrected)
 1154.9  19.3  61.0 313.8  39.2   1.0
NRM    002.7  38.5 012.6  06.3 4.30E-05 005.8 120.2  29.8 0.400138 0.186127 0.090365 hargrave 2017-07-20 17:37:05 
TT 100 007.0  37.4 015.3  04.0 3.77E-05 005.3 120.1  26.3 0.303439 0.164646 0.084163 hargrave 2017-07-21 17:16:06 
TT 200 011.1  34.8 017.5  00.3 3.48E-05 004.5 118.5  22.3 0.242977 0.119502 0.078394 hargrave 2017-07-24 12:57:42 
TT 300 011.7  33.9 017.6 -00.7 3.41E-05 003.1 117.8  21.5 0.164543 0.086080 0.075166 hargrave 2017-07-25 10:03:37 
TT 350 011.3  32.0 016.7 -02.4 3.38E-05 003.1 115.9  21.1 0.149181 0.091150 0.074486 hargrave 2017-07-31 16:48:29 
TT 400 012.0  32.7 017.4 -01.9 3.34E-05 001.7 116.7  20.8 0.068697 0.059577 0.069827 hargrave 2017-08-01 14:56:35 
TT 450 012.3  32.3 017.5 -02.4 3.32E-05 002.9 116.4  20.5 0.140579 0.088700 0.064266 hargrave 2017-08-03 13:52:55 
TT 475 012.8  31.6 017.7 -03.2 3.29E-05 002.8 115.9  19.8 0.136704 0.080269 0.077854 hargrave 2017-08-04 10:28:29 
TT 500 013.3  32.7 018.5 -02.3 3.24E-05 003.1 117.2  19.8 0.150718 0.097433 0.059982 hargrave 2017-08-04 17:25:30 
TT 525 012.4  30.6 017.1 -04.0 3.18E-05 001.7 114.8  19.7 0.058100 0.060406 0.065729 hargrave 2017-08-07 16:10:28 
TT 550 012.7  30.4 017.3 -04.2 3.14E-05 001.8 114.8  19.4 0.063733 0.061826 0.062814 hargrave 2017-08-08 15:30:06 
TT 555 012.6  28.9 016.7 -05.6 3.19E-05 001.5 113.2  18.9 0.071765 0.072706 0.032308 hargrave 2017-08-09 15:21:55 
TT 555 013.4  30.6 017.9 -04.3 3.11E-05 002.2 115.1  18.9 0.085411 0.083936 0.059243 hargrave 2017-08-10 09:46:24 
TT 560 013.5  31.3 018.2 -03.7 3.09E-05 002.4 115.8  19.1 0.096484 0.080183 0.058866 hargrave 2017-08-16 15:19:57 
TT 565 012.6  29.6 016.9 -05.0 3.06E-05 001.9 113.9  19.2 0.071360 0.066135 0.058942 hargrave 2017-08-17 12:09:35 
TT 570 013.7  31.5 018.5 -03.5 3.07E-05 002.1 116.2  19.0 0.074780 0.084069 0.057107 hargrave 2017-08-17 21:25:40 
TT 575 012.9  29.8 017.2 -04.9 3.05E-05 002.5 114.2  19.0 0.104419 0.085897 0.055418 hargrave 2017-08-18 17:04:16 
TT 580 013.5  29.4 017.6 -05.4 3.05E-05 001.7 114.1  18.4 0.039462 0.080122 0.056767 hargrave 2017-08-21 14:05:03 
TT 600 013.3  29.7 017.6 -05.1 3.00E-05 002.7 114.3  18.6 0.118018 0.072255 0.060058 hargrave 2017-08-22 13:08:01 
TT 620 014.2  31.9 019.0 -03.3 2.93E-05 001.6 116.7  18.8 0.049697 0.059549 0.054255 hargrave 2017-08-23 12:08:36 
TT 630 014.1  30.8 018.5 -04.3 2.88E-05 002.8 115.6  18.5 0.114662 0.067049 0.051241 hargrave 2017-08-24 08:40:52 
TT 640 013.9  30.5 018.3 -04.5 2.81E-05 002.3 115.2  18.5 0.084722 0.059275 0.055032 hargrave 2017-08-24 16:49:41 
TT 645 013.9  31.0 018.5 -04.0 2.80E-05 001.9 115.8  18.7 0.056005 0.065015 0.054338 hargrave 2017-08-25 14:53:09 
TT 650 014.3  31.9 019.0 -03.3 2.76E-05 002.7 116.7  18.7 0.104306 0.063541 0.052354 hargrave 2017-08-29 16:08:12 
TT 655 014.4  31.7 019.1 -03.5 2.74E-05 003.3 116.6  18.5 0.133046 0.068915 0.058820 hargrave 2017-09-01 16:12:40 
TT 660 014.7  31.2 019.1 -04.1 2.67E-05 002.2 116.2  18.2 0.079428 0.059215 0.050004 hargrave 2017-09-08 18:35:23 
TT 665 014.3  31.1 018.8 -04.0 2.63E-05 002.8 116.0  18.4 0.102856 0.067377 0.055189 hargrave 2017-09-12 15:07:54 
TT 670 015.4  32.4 020.1 -03.1 2.52E-05 001.4 117.6  18.0 0.019454 0.053483 0.051263 hargrave 2017-09-14 18:38:28 
TT 672 014.9  32.8 019.8 -02.6 2.54E-05 002.8 117.8  18.6 0.094122 0.074908 0.053903 hargrave 2017-09-15 19:02:59 
TT 674 014.9  31.3 019.4 -04.0 2.33E-05 001.6 116.4  18.0 0.021222 0.058260 0.050750 hargrave 2017-09-19 14:38:50 
TT 676 017.3  32.2 021.5 -03.8 2.18E-05 001.9 118.1  16.5 0.037511 0.060895 0.053570 hargrave 2017-09-22 16:55:13 
TT 678 018.8  31.1 022.5 -05.1 1.87E-05 002.9 117.7  14.9 0.073136 0.064077 0.046329 hargrave 2017-09-24 14:49:00 
TT 680 024.0  31.6 026.9 -05.8 1.42E-05 001.9 120.0  11.1 0.035879 0.026470 0.031682 hargrave 2017-09-25 13:33:40 
TT 682 047.5  49.9 046.2  10.7 5.52E-06 004.1 145.2  06.0 0.021477 0.030979 0.017202 hargrave 2017-09-26 19:15:24 
TT 684 057.5  41.9 053.9  03.5 3.61E-06 006.2 144.1 -04.5 0.012405 0.021828 0.031251 hargrave 2017-10-01 23:26:02 
TT 686 128.7  13.8 121.1  07.5 1.83E-06 004.6 206.3 -43.3 0.005163 0.015180 0.007768 hargrave 2017-10-03 10:07:28 
TT 688 001.7 -01.9 353.4 -29.7 3.07E-06 003.2 079.6  14.3 0.013972 0.007139 0.009400 hargrave 2017-10-05 14:54:34 
TT 690 143.8  37.6 114.1  34.0 1.74E-06 004.0 207.8 -16.0 0.005352 0.004232 0.012313 hargrave 2017-10-06 17:26:37 
TT 692 150.0 -00.4 146.7  09.9 1.68E-06 004.1 241.0 -41.8 0.008257 0.009156 0.006033 hargrave 2017-10-08 17:48:00 
