TR035 -La sun compass orientation
   2.76 178.1  73.0 279.3  19.5   1.0
NRM    002.6  44.5 004.0  25.1 1.36E-05 005.6 227.4  15.0 0.103122 0.086653 0.023159 hargrave 2017-10-13 19:43:41 
TT 100 004.0  43.3 005.1  23.8 1.30E-05 006.3 228.8  15.8 0.111790 0.092465 0.014675 hargrave 2017-10-15 19:51:51 
TT 200 004.8  42.6 005.7  23.2 1.27E-05 004.4 229.6  16.2 0.072878 0.068231 0.020662 hargrave 2017-10-16 13:52:52 
TT 300 004.3  45.4 005.4  25.9 1.21E-05 002.9 226.7  16.3 0.047513 0.043038 0.019312 hargrave 2017-10-17 10:43:04 
TT 350 004.3  48.0 005.5  28.6 1.18E-05 001.6 224.0  16.7 0.030968 0.022648 0.017324 hargrave 2017-10-18 08:50:55 
TT 400 004.8  46.9 005.8  27.4 1.12E-05 002.5 225.2  16.8 0.041325 0.032872 0.014862 hargrave 2017-10-20 16:29:54 
TT 450 007.2  46.4 007.7  26.9 1.08E-05 004.0 225.9  18.4 0.054275 0.049691 0.026281 hargrave 2017-10-23 11:05:18 
TT 475 006.6  48.7 007.3  29.2 1.04E-05 003.0 223.4  18.2 0.042546 0.036875 0.012971 hargrave 2017-10-24 08:30:36 
TT 500 005.8  45.2 006.6  25.7 1.01E-05 006.8 227.0  17.4 0.080626 0.092598 0.007853 hargrave 2017-10-25 08:11:03 
TT 525 005.7  48.4 006.6  29.0 9.70E-06 004.1 223.6  17.6 0.043032 0.057121 0.006894 hargrave 2017-10-26 18:38:13 
TT 550 006.7  49.2 007.3  29.7 9.18E-06 003.0 222.9  18.3 0.036599 0.033949 0.010797 hargrave 2017-10-27 16:34:25 
TT 555 005.9  52.5 006.9  33.0 8.98E-06 002.4 219.4  18.1 0.034302 0.019079 0.008423 hargrave 2017-10-28 19:07:46 
TT 560 007.8  48.8 008.2  29.3 8.47E-06 005.0 223.4  19.0 0.055689 0.048569 0.019963 hargrave 2017-11-03 14:42:29 
TT 565 008.3  51.5 008.6  32.0 8.23E-06 002.2 220.5  19.5 0.022075 0.020063 0.020463 hargrave 2017-11-05 13:35:28 
TT 570 008.5  50.3 008.7  30.8 8.10E-06 002.8 221.8  19.6 0.026444 0.027508 0.018189 hargrave 2017-11-09 11:08:36 
TT 575 008.8  48.3 008.9  28.8 7.85E-06 004.0 224.0  19.6 0.041128 0.036427 0.018662 hargrave 2017-11-09 20:00:55 
TT 580 007.4  50.3 007.9  30.8 7.70E-06 003.6 221.8  18.9 0.033174 0.032489 0.019926 hargrave 2017-11-14 15:45:33 
TT 600 008.3  51.0 008.6  31.5 7.50E-06 003.2 221.1  19.5 0.033625 0.028383 0.010443 hargrave 2017-11-17 14:57:55 
TT 620 010.1  49.0 009.9  29.5 6.62E-06 002.7 223.3  20.5 0.021908 0.016061 0.023905 hargrave 2017-11-19 14:15:44 
TT 630 002.0  49.5 003.8  30.1 6.02E-06 003.8 222.2  15.3 0.033116 0.018930 0.028865 hargrave 2017-11-21 13:29:33 
TT 640 358.0  56.3 001.5  37.1 6.89E-06 004.3 214.9  14.1 0.041930 0.027005 0.035696 hargrave 2017-11-27 12:46:46 
TT 645 014.9  24.3 014.4  04.8 4.76E-06 006.5 250.1  21.9 0.039548 0.026134 0.059669 hargrave 2017-11-28 11:41:16 
TT 650 000.7  41.4 002.3  22.0 8.71E-06 004.9 230.3  13.0 0.034695 0.024465 0.080195 hargrave 2017-12-08 17:25:27 
TT 655 197.5  64.0 219.3  82.8 4.82E-06 010.9 155.4  07.1 0.023100 0.027763 0.087936 hargrave 2017-12-11 18:07:30 
TT 655 181.8  52.0 174.8  71.2 4.24E-06 013.5 141.3  11.1 0.040599 0.022329 0.093162 hargrave 2017-12-12 09:58:47 
TT 655 182.7  52.6 176.3  71.8 4.28E-06 013.3 141.9  10.7 0.029399 0.027263 0.094962 hargrave 2017-12-12 10:10:05 
TT 660 340.2  61.0 350.5  43.1 7.78E-06 008.5 207.6  06.5 0.034278 0.080619 0.095466 hargrave 2017-12-12 18:46:09 
TT 660 346.3  65.4 355.6  46.9 6.12E-06 010.7 204.5  10.6 0.036717 0.033751 0.110938 hargrave 2017-12-13 10:19:24 
TT 660 343.2  68.8 354.8  50.4 6.42E-06 010.8 200.8  10.6 0.032423 0.032078 0.121424 hargrave 2017-12-13 10:37:19 
TT 665 325.4  66.3 343.6  50.1 8.03E-06 006.5 199.8  03.5 0.036606 0.041424 0.082937 hargrave 2018-01-08 17:22:03 
TT 670 350.4  55.8 356.1  37.0 8.98E-06 006.5 214.4  09.8 0.069579 0.039623 0.100630 hargrave 2018-01-11 09:25:03 
TT 672 350.3  40.9 353.9  22.2 9.60E-06 006.9 228.8  05.3 0.080874 0.047695 0.110931 hargrave 2018-01-12 09:22:20 
TT 674 203.7  62.9 232.8  80.5 5.24E-06 012.2 155.6  04.1 0.041046 0.040124 0.104262 hargrave 2018-01-16 16:31:18 
TT 674 195.0  63.9 210.4  83.1 5.03E-06 015.5 154.9  08.1 0.051828 0.042070 0.125938 hargrave 2018-01-16 18:32:27 
TT 674 196.2  62.5 211.6  81.5 5.04E-06 016.3 153.7  07.0 0.049349 0.039933 0.135614 hargrave 2018-01-16 18:49:57 
TT 676 233.6  59.5 270.5  69.0 5.94E-06 010.2 163.1 -08.5 0.042549 0.043194 0.097669 hargrave 2018-01-17 16:28:05 
TT 676 274.7  66.6 314.2  61.1 5.75E-06 013.6 182.6 -06.2 0.038200 0.043956 0.135216 hargrave 2018-01-22 09:41:58 
TT 676 267.8  67.4 311.4  63.6 5.56E-06 014.6 179.9 -05.6 0.043413 0.040764 0.140919 hargrave 2018-01-22 10:07:29 
TT 678 342.6  65.8 353.5  47.5 6.39E-06 010.5 203.6  09.3 0.038135 0.056069 0.104668 hargrave 2018-01-24 13:28:10 
TT 678 344.7  66.1 354.8  47.6 6.23E-06 012.7 203.7  10.2 0.031747 0.068341 0.123485 hargrave 2018-01-24 15:36:55 
TT 678 345.6  65.8 355.2  47.2 6.15E-06 012.6 204.1  10.5 0.032764 0.059945 0.123523 hargrave 2018-01-24 17:55:53 
TT 680 223.8  47.0 242.9  61.3 5.16E-06 010.2 150.6 -14.6 0.032487 0.038957 0.083470 hargrave 2018-01-27 10:04:59 
TT 680 219.7  46.8 237.2  62.2 4.84E-06 013.1 148.4 -12.8 0.060449 0.054442 0.093259 hargrave 2018-01-27 12:26:51 
TT 680 219.2  46.7 236.4  62.1 4.83E-06 011.8 148.0 -12.7 0.052476 0.041683 0.091122 hargrave 2018-01-27 13:26:34 
TT 682 003.0  41.4 004.2  22.0 7.07E-06 009.0 230.6  14.8 0.040379 0.048260 0.101804 hargrave 2018-01-31 17:43:16 
TT 682 002.7  39.2 003.8  19.8 7.28E-06 009.6 232.8  14.1 0.033552 0.048011 0.114021 hargrave 2018-02-02 11:37:21 
TT 682 003.6  39.6 004.6  20.2 7.11E-06 009.8 232.5  14.9 0.029631 0.041561 0.115889 hargrave 2018-02-02 13:13:52 
TT 684 233.8  53.4 261.7  64.0 4.30E-06 013.5 159.8 -13.6 0.035374 0.058884 0.083341 hargrave 2018-02-05 20:13:43 
TT 684 238.0  56.2 270.0  65.0 3.75E-06 016.6 163.4 -12.5 0.045854 0.049159 0.100813 hargrave 2018-02-06 12:34:35 
TT 684 234.3  54.6 263.7  64.8 3.81E-06 015.1 160.7 -12.9 0.034270 0.034574 0.098599 hargrave 2018-02-06 15:46:54 
TT 686 004.9  24.6 005.3  05.1 8.27E-06 007.7 247.9  13.0 0.048274 0.048640 0.094779 hargrave 2018-02-12 11:05:31 
TT 688 311.9  51.3 327.0  38.6 4.55E-06 010.9 206.2 -11.7 0.028497 0.035665 0.086943 hargrave 2018-02-26 11:28:47 
TT 688 307.6  52.0 324.1  40.2 4.34E-06 017.6 203.7 -12.9 0.042800 0.082003 0.133301 hargrave 2018-02-26 14:17:33 
TT 690 001.0  32.0 002.1  12.7 6.11E-06 015.3 239.7  11.3 0.028522 0.091943 0.145653 hargrave 2018-02-28 12:07:31 
TT 690 357.0  31.6 358.6  12.5 5.98E-06 014.2 239.3  07.9 0.025498 0.082479 0.132846 hargrave 2018-02-28 16:26:55 
