TR035 -NNa mag compass orientation (IGRF corrected)
   8.24 172.3  79.0 279.3  19.5   1.0
NRM    024.6  68.7 017.8  49.6 1.90E-05 005.0 199.3  21.6 0.080740 0.150356 0.036727 hargrave 2017-10-13 20:27:39 
TT 100 032.3  72.9 020.6  54.2 1.86E-05 002.4 194.0  21.6 0.068779 0.058494 0.048239 hargrave 2017-10-15 20:23:52 
TT 200 028.5  72.1 019.0  53.2 1.83E-05 002.3 195.4  21.1 0.036182 0.068618 0.027315 hargrave 2017-10-16 14:33:46 
TT 300 027.7  70.3 019.1  51.3 1.80E-05 002.4 197.2  21.8 0.031907 0.067527 0.033938 hargrave 2017-10-17 11:23:18 
TT 350 036.8  74.5 022.0  56.0 1.76E-05 004.5 191.8  21.6 0.057563 0.128167 0.038087 hargrave 2017-10-18 09:30:05 
TT 400 039.1  74.6 023.0  56.3 1.72E-05 002.3 191.3  21.9 0.037201 0.061984 0.027228 hargrave 2017-10-20 17:06:14 
TT 450 039.5  75.2 022.9  56.9 1.66E-05 001.7 190.8  21.6 0.023871 0.041118 0.032983 hargrave 2017-10-23 11:44:42 
TT 475 040.7  75.6 023.2  57.4 1.64E-05 001.6 190.2  21.6 0.031959 0.041247 0.025353 hargrave 2017-10-24 09:10:09 
TT 500 041.2  75.8 023.3  57.6 1.60E-05 002.0 190.0  21.5 0.031760 0.048689 0.027940 hargrave 2017-10-25 08:48:11 
TT 525 044.0  75.9 024.5  57.9 1.57E-05 002.8 189.4  21.9 0.036855 0.065798 0.029387 hargrave 2017-10-26 19:17:51 
TT 550 044.3  76.3 024.3  58.3 1.53E-05 003.2 189.0  21.7 0.036476 0.074295 0.032113 hargrave 2017-10-27 17:12:26 
TT 555 049.4  75.8 026.8  58.3 1.47E-05 002.7 188.3  22.8 0.062675 0.045899 0.040568 hargrave 2017-10-28 19:38:35 
TT 560 046.7  76.6 025.1  58.8 1.47E-05 002.6 188.4  21.7 0.030605 0.055110 0.035198 hargrave 2017-11-03 15:21:55 
TT 565 045.1  75.9 025.0  58.0 1.45E-05 003.2 189.2  22.1 0.035775 0.065768 0.038162 hargrave 2017-11-05 14:14:01 
TT 570 053.2  77.4 027.0  60.2 1.43E-05 002.1 186.5  21.9 0.026634 0.040082 0.032309 hargrave 2017-11-09 11:47:19 
TT 575 050.8  77.4 026.1  59.9 1.42E-05 002.2 187.1  21.7 0.028811 0.037255 0.036701 hargrave 2017-11-09 20:37:50 
TT 580 046.6  76.9 024.8  59.1 1.39E-05 002.6 188.2  21.5 0.030889 0.049102 0.036367 hargrave 2017-11-14 16:24:32 
TT 600 053.3  77.1 027.3  59.9 1.39E-05 004.3 186.7  22.2 0.038603 0.097187 0.027258 hargrave 2017-11-17 15:37:17 
TT 620 055.1  78.2 027.0  61.0 1.34E-05 004.0 185.8  21.5 0.040114 0.085255 0.024820 hargrave 2017-11-19 14:55:13 
TT 630 054.0  78.9 025.8  61.5 1.32E-05 004.4 185.6  20.7 0.031365 0.099427 0.022166 hargrave 2017-11-21 14:08:00 
TT 640 046.3  78.7 023.2  60.7 1.33E-05 002.3 187.0  20.0 0.035729 0.044126 0.022421 hargrave 2017-11-27 13:25:43 
TT 645 095.3  82.6 030.0  68.7 1.25E-05 001.8 178.3  18.2 0.026938 0.033348 0.023471 hargrave 2017-11-28 12:20:33 
TT 650 016.0  64.5 013.4  45.0 1.17E-05 002.8 204.8  20.0 0.043666 0.039374 0.028507 hargrave 2017-12-08 18:03:07 
TT 655 110.9  80.4 038.0  70.2 1.12E-05 003.8 175.2  19.4 0.032267 0.065592 0.040315 hargrave 2017-12-11 18:45:50 
TT 660 021.8  76.9 014.5  57.6 1.23E-05 003.2 191.9  17.2 0.051282 0.059601 0.022456 hargrave 2017-12-12 19:25:26 
TT 665 138.4  71.4 072.1  73.9 9.57E-06 002.8 163.6  20.8 0.023729 0.032034 0.038236 hargrave 2018-01-08 18:01:31 
TT 670 359.2  70.6 003.9  51.3 9.36E-06 002.8 199.7  12.6 0.041545 0.028049 0.036551 hargrave 2018-01-11 10:06:57 
TT 672 133.0  79.5 042.2  73.9 5.97E-06 004.9 171.5  17.5 0.029774 0.034994 0.045359 hargrave 2018-01-12 10:02:48 
TT 674 000.4  63.0 003.7  43.7 5.85E-06 003.7 207.5  13.5 0.032158 0.027923 0.024977 hargrave 2018-01-16 17:10:33 
TT 676 183.6  55.8 176.7  75.1 3.99E-06 005.7 146.5  02.9 0.028027 0.023413 0.026662 hargrave 2018-01-17 17:10:54 
TT 678 006.6  28.9 006.9  09.4 5.17E-06 004.7 243.0  17.8 0.036603 0.023147 0.020430 hargrave 2018-01-24 13:59:11 
TT 680 245.7  44.3 266.1  52.2 2.43E-06 010.3 166.0 -32.7 0.022436 0.029148 0.029625 hargrave 2018-01-27 10:44:15 
TT 680 241.4  40.9 259.1  50.6 2.28E-06 010.5 160.9 -34.6 0.022952 0.029561 0.033777 hargrave 2018-01-27 12:35:56 
TT 680 243.9  41.9 262.5  50.6 2.29E-06 009.3 163.4 -34.5 0.021643 0.024078 0.034647 hargrave 2018-01-27 13:32:39 
TT 682 321.6  71.7 345.1  55.5 2.02E-06 014.8 195.7  01.4 0.017898 0.037135 0.038137 hargrave 2018-01-31 18:23:20 
TT 682 323.1  64.7 341.3  48.9 2.22E-06 010.7 201.9 -01.8 0.018745 0.030324 0.029915 hargrave 2018-02-02 11:46:46 
TT 682 334.2  68.4 349.7  50.9 2.07E-06 015.5 200.5  03.7 0.016817 0.026364 0.050730 hargrave 2018-02-02 13:21:33 
TT 684 210.7  57.4 235.1  74.1 2.43E-06 013.1 154.7 -09.6 0.018261 0.037474 0.040870 hargrave 2018-02-05 20:56:03 
TT 684 213.0  61.9 248.6  77.3 2.13E-06 014.2 158.9 -07.7 0.020059 0.027897 0.044297 hargrave 2018-02-06 12:58:49 
TT 684 212.0  59.5 241.2  75.6 2.16E-06 013.4 156.7 -08.8 0.017297 0.019967 0.046514 hargrave 2018-02-06 16:09:35 
TT 686 335.7  67.7 350.2  50.1 3.65E-06 008.0 201.3  04.0 0.014891 0.040971 0.034400 hargrave 2018-02-12 11:43:55 
TT 686 337.3  68.6 351.5  50.7 3.59E-06 009.5 200.7  04.9 0.014290 0.044549 0.042570 hargrave 2018-02-12 15:38:14 
TT 686 334.4  70.1 350.6  52.4 3.55E-06 009.0 199.0  04.4 0.013403 0.035264 0.044707 hargrave 2018-02-12 18:04:26 
TT 686 342.0  69.6 354.5  51.3 3.46E-06 009.0 200.2  06.8 0.017718 0.029632 0.046264 hargrave 2018-02-13 08:27:52 
TT 688 348.4  52.9 354.2  34.4 3.57E-06 006.0 217.2  06.4 0.016409 0.022883 0.031003 hargrave 2018-02-26 12:00:48 
TT 690 288.4  67.1 322.8  57.9 2.39E-06 023.0 190.0 -09.7 0.021387 0.069098 0.079807 hargrave 2018-02-28 12:45:49 
TT 690 283.4  65.0 317.4  57.6 2.43E-06 020.3 189.0 -12.4 0.021025 0.058156 0.074529 hargrave 2018-02-28 17:05:17 
