TR035 -RRa mag compass orientation (IGRF corrected)
   8.53 170.3  86.0 279.3  19.5   1.0
NRM    324.2  33.2 330.6  18.6 3.79E-05 001.8 232.8 -19.2 0.045686 0.078196 0.098423 hargrave 2017-10-13 20:30:43 
TT 100 323.1  33.7 329.8  19.3 3.72E-05 002.0 231.9 -19.9 0.118212 0.054897 0.083976 hargrave 2017-10-15 20:26:06 
TT 200 322.5  33.7 329.3  19.5 3.71E-05 003.5 231.7 -20.4 0.201426 0.083845 0.081588 hargrave 2017-10-16 14:36:25 
TT 300 321.6  34.4 328.7  20.3 3.67E-05 003.6 230.8 -20.9 0.202482 0.082974 0.094032 hargrave 2017-10-17 11:25:59 
TT 350 321.7  32.9 328.3  18.8 3.64E-05 001.7 232.3 -21.3 0.089574 0.032056 0.086364 hargrave 2017-10-18 09:32:42 
TT 400 320.7  35.5 328.2  21.5 3.58E-05 001.8 229.4 -21.2 0.075792 0.037421 0.093939 hargrave 2017-10-20 17:08:52 
TT 450 320.6  34.2 327.8  20.4 3.50E-05 001.5 230.6 -21.7 0.066365 0.044339 0.056468 hargrave 2017-10-23 11:47:31 
TT 475 319.8  35.9 327.6  22.1 3.48E-05 001.9 228.7 -21.6 0.099719 0.027846 0.066938 hargrave 2017-10-24 09:12:58 
TT 500 320.3  35.0 327.8  21.2 3.45E-05 001.7 229.7 -21.6 0.088502 0.034563 0.068553 hargrave 2017-10-25 08:50:50 
TT 525 320.5  34.7 327.9  20.9 3.38E-05 002.2 230.1 -21.5 0.108955 0.037173 0.084757 hargrave 2017-10-26 19:21:21 
TT 550 319.3  35.3 327.0  21.7 3.33E-05 001.8 229.1 -22.3 0.057137 0.060241 0.089329 hargrave 2017-10-27 17:15:52 
TT 555 319.4  35.2 327.1  21.6 3.30E-05 002.1 229.3 -22.2 0.081581 0.071701 0.100089 hargrave 2017-10-28 19:40:47 
TT 560 318.7  35.9 326.7  22.4 3.19E-05 002.8 228.3 -22.5 0.070238 0.105997 0.096290 hargrave 2017-11-03 15:24:44 
TT 565 318.8  36.0 326.8  22.5 3.18E-05 002.7 228.2 -22.4 0.072958 0.095604 0.101127 hargrave 2017-11-05 14:16:51 
TT 570 318.3  37.1 326.7  23.7 3.18E-05 002.0 227.0 -22.3 0.079892 0.030470 0.086206 hargrave 2017-11-09 11:50:08 
TT 575 319.4  35.2 327.1  21.6 3.13E-05 002.6 229.2 -22.2 0.111573 0.043648 0.096083 hargrave 2017-11-09 20:40:27 
TT 580 318.8  34.7 326.4  21.3 3.10E-05 002.0 229.5 -22.8 0.046580 0.056712 0.097900 hargrave 2017-11-14 16:27:21 
TT 600 318.9  35.5 326.7  22.0 3.11E-05 002.4 228.7 -22.5 0.084564 0.086320 0.071487 hargrave 2017-11-17 15:40:05 
TT 620 317.9  38.0 326.6  24.6 3.01E-05 002.0 226.0 -22.3 0.048555 0.077692 0.067740 hargrave 2017-11-19 14:58:02 
TT 630 318.9  37.7 327.4  24.0 3.00E-05 001.3 226.6 -21.6 0.050301 0.027446 0.057442 hargrave 2017-11-21 14:10:48 
TT 640 322.7  38.2 330.7  23.8 3.06E-05 001.6 227.3 -18.7 0.072509 0.030353 0.063492 hargrave 2017-11-27 13:28:33 
TT 645 317.4  42.6 327.7  29.1 2.68E-05 002.1 221.3 -20.6 0.067931 0.054687 0.060989 hargrave 2017-11-28 12:23:23 
TT 650 324.1  35.0 331.0  20.4 3.19E-05 002.6 230.9 -18.7 0.107275 0.062298 0.079163 hargrave 2017-12-08 18:05:53 
TT 655 319.7  38.7 328.4  24.9 2.91E-05 002.0 225.9 -20.6 0.057581 0.060452 0.070556 hargrave 2017-12-11 18:48:36 
TT 660 321.8  30.7 327.8  16.7 2.70E-05 001.6 234.6 -22.0 0.044482 0.019309 0.071196 hargrave 2017-12-12 19:28:12 
TT 665 297.1  42.7 311.4  34.4 1.28E-05 003.0 211.5 -32.6 0.030600 0.072682 0.052215 hargrave 2018-01-08 18:04:20 
TT 670 343.1  49.0 349.5  31.0 9.67E-06 004.4 220.6 -01.7 0.046030 0.042911 0.058916 hargrave 2018-01-11 10:09:46 
TT 672 189.3  49.4 189.4  68.9 4.95E-06 010.2 141.5 -09.1 0.033882 0.040370 0.078155 hargrave 2018-01-12 10:05:40 
TT 672 186.7  50.1 184.5  69.6 4.68E-06 014.0 141.7 -07.3 0.033077 0.035223 0.111214 hargrave 2018-01-12 11:29:57 
TT 672 188.8  49.3 188.3  68.8 4.69E-06 014.2 141.2 -08.8 0.029231 0.033663 0.115366 hargrave 2018-01-12 12:24:40 
TT 674 004.6  73.8 007.1  54.3 7.42E-06 006.4 195.9  07.8 0.035250 0.050051 0.067987 hargrave 2018-01-16 17:13:25 
TT 676 163.9  81.5 026.6  77.7 4.49E-06 011.8 171.5  04.9 0.028464 0.074471 0.058188 hargrave 2018-01-17 17:13:49 
TT 676 003.1  76.2 006.6  56.8 4.48E-06 014.1 193.5  06.9 0.028983 0.038869 0.103985 hargrave 2018-01-22 09:47:01 
TT 676 006.3  77.1 008.0  57.6 4.35E-06 016.1 192.5  07.4 0.027441 0.045158 0.116312 hargrave 2018-01-22 10:09:10 
TT 678 356.4  45.0 359.2  25.8 7.49E-06 006.0 225.2  07.1 0.034297 0.044075 0.064057 hargrave 2018-01-24 14:01:26 
TT 680 172.1  35.2 165.3  53.5 4.96E-06 009.2 125.3  00.8 0.022891 0.051200 0.071012 hargrave 2018-01-27 10:47:03 
TT 680 171.5  38.5 163.5  56.7 4.78E-06 013.1 128.5  01.6 0.050739 0.067072 0.080135 hargrave 2018-01-27 12:37:23 
TT 680 171.7  36.9 164.2  55.1 4.81E-06 012.3 126.9  01.3 0.045838 0.058703 0.080293 hargrave 2018-01-27 13:35:11 
TT 682 204.9  63.3 236.9  80.6 4.15E-06 016.6 157.8 -11.1 0.036066 0.100416 0.067561 hargrave 2018-01-31 18:26:08 
TT 682 260.7  80.5 339.9  71.3 3.91E-06 014.0 180.1 -05.5 0.025330 0.046265 0.086663 hargrave 2018-02-02 11:52:17 
TT 682 247.2  79.8 337.4  73.6 3.83E-06 016.2 177.7 -05.9 0.026719 0.065442 0.090123 hargrave 2018-02-02 13:24:21 
TT 684 339.9  75.4 356.1  57.0 5.04E-06 011.2 194.4  01.3 0.025896 0.069515 0.072814 hargrave 2018-02-05 20:58:53 
TT 684 348.8  71.5 358.8  52.6 4.79E-06 012.0 198.5  03.3 0.026303 0.066375 0.079758 hargrave 2018-02-06 13:04:01 
TT 684 345.4  73.4 357.7  54.7 4.74E-06 012.0 196.6  02.4 0.027009 0.060187 0.082195 hargrave 2018-02-06 16:14:53 
TT 686 001.8  38.4 003.1  19.0 7.71E-06 006.3 231.6  11.5 0.029620 0.067370 0.058617 hargrave 2018-02-12 11:46:44 
TT 688 296.5  76.8 340.0  63.5 3.87E-06 011.7 187.8 -06.6 0.025407 0.041772 0.068505 hargrave 2018-02-26 12:03:07 
TT 688 280.0  78.2 337.4  67.2 3.55E-06 026.9 184.0 -07.1 0.031952 0.088100 0.157471 hargrave 2018-02-26 14:41:44 
TT 690 005.1  41.4 005.9  22.0 3.91E-06 023.8 228.3  13.7 0.033720 0.083912 0.151375 hargrave 2018-02-28 12:48:38 
TT 690 001.0  43.6 002.7  24.2 3.71E-06 024.2 226.4  10.5 0.025875 0.092161 0.142503 hargrave 2018-02-28 17:08:06 
