TR035 -Fa mag compass orientation (IGRF corrected)
   1.05 196.3  95.0 267.8  25.2   1.0
NRM    033.2  47.1 023.7  25.2 1.16E-05 005.3 221.1  07.7 0.080056 0.074140 0.017472 hargrave 2017-10-13 19:31:12 
TT 100 034.5  46.6 024.8  25.0 1.06E-05 004.4 221.3  08.7 0.062655 0.057921 0.023289 hargrave 2017-10-15 19:37:54 
TT 200 035.8  48.4 025.1  27.0 1.03E-05 002.8 219.3  08.9 0.040174 0.031934 0.020446 hargrave 2017-10-16 13:38:40 
TT 300 037.4  49.0 026.1  27.9 9.67E-06 002.9 218.4  09.8 0.040810 0.031380 0.016572 hargrave 2017-10-17 10:30:27 
TT 350 039.8  46.9 028.5  26.4 9.17E-06 004.5 219.8  12.0 0.056207 0.049615 0.012298 hargrave 2017-10-18 08:39:09 
TT 400 042.4  49.6 029.3  29.5 8.58E-06 002.8 216.6  12.6 0.035094 0.027354 0.018280 hargrave 2017-10-20 16:18:08 
TT 450 046.7  49.2 032.5  30.1 8.02E-06 001.8 215.8  15.3 0.021246 0.020292 0.008226 hargrave 2017-10-23 10:52:46 
TT 475 047.5  48.3 033.5  29.5 7.44E-06 004.3 216.4  16.2 0.045522 0.037223 0.020338 hargrave 2017-10-24 08:18:08 
TT 500 050.4  48.6 035.4  30.5 7.12E-06 003.4 215.1  17.7 0.035864 0.026864 0.019454 hargrave 2017-10-24 19:09:41 
TT 525 053.9  48.5 037.9  31.3 6.76E-06 002.7 213.9  19.7 0.022214 0.017767 0.022386 hargrave 2017-10-26 18:24:51 
TT 550 057.7  47.6 041.0  31.6 6.30E-06 004.9 213.1  22.3 0.042914 0.035287 0.020371 hargrave 2017-10-27 16:22:40 
TT 555 062.8  48.0 044.5  33.5 5.93E-06 007.1 210.5  24.8 0.059881 0.043876 0.026347 hargrave 2017-10-28 17:55:03 
TT 560 063.4  47.6 045.1  33.3 5.76E-06 004.7 210.5  25.3 0.039940 0.032096 0.012271 hargrave 2017-11-03 14:30:06 
TT 565 065.8  47.7 046.8  34.2 5.64E-06 004.6 209.2  26.5 0.039729 0.029742 0.012042 hargrave 2017-11-05 13:22:52 
TT 570 068.6  46.8 049.3  34.3 5.49E-06 004.1 208.4  28.4 0.033690 0.028262 0.011075 hargrave 2017-11-09 10:56:08 
TT 575 071.1  46.0 051.6  34.5 5.33E-06 004.8 207.6  30.2 0.039842 0.027553 0.012287 hargrave 2017-11-09 19:49:18 
TT 580 071.7  44.0 053.2  32.9 5.12E-06 004.8 208.8  31.9 0.037516 0.028562 0.012260 hargrave 2017-11-14 15:32:57 
TT 600 082.0  46.4 059.4  38.7 4.80E-06 004.6 200.1  34.3 0.036007 0.025496 0.011374 hargrave 2017-11-17 14:45:29 
TT 620 090.9  42.5 069.0  39.0 4.16E-06 005.5 194.9  40.5 0.036326 0.026383 0.023278 hargrave 2017-11-19 14:03:11 
TT 630 118.5  22.1 106.4  32.8 3.68E-06 004.4 156.6  60.4 0.017296 0.019335 0.038393 hargrave 2017-11-21 13:17:03 
TT 640 107.0 -33.0 119.1 -22.1 3.80E-06 008.5 001.2  62.0 0.020653 0.033369 0.059866 hargrave 2017-11-27 12:34:12 
TT 640 114.8 -36.1 126.8 -22.1 3.92E-06 006.7 013.0  58.0 0.010542 0.021979 0.060293 hargrave 2017-11-27 14:43:25 
TT 645 142.8  41.3 120.4  59.2 5.75E-06 006.4 147.8  33.0 0.030805 0.016885 0.079091 hargrave 2017-11-28 11:28:32 
TT 650 052.9 -10.2 059.5 -23.5 6.58E-06 005.2 279.0  36.9 0.026426 0.045381 0.084781 hargrave 2017-12-08 17:13:22 
TT 655 152.0  33.8 138.4  55.3 7.99E-06 008.2 135.5  32.0 0.037168 0.039432 0.121873 hargrave 2017-12-11 17:55:21 
TT 655 158.8  23.2 152.0  46.6 8.20E-06 008.2 121.2  31.6 0.026523 0.033742 0.124211 hargrave 2017-12-12 09:57:06 
TT 655 158.4  23.2 151.4  46.5 8.13E-06 008.4 121.3  31.9 0.026878 0.036467 0.125811 hargrave 2017-12-12 10:08:25 
TT 660 036.1  26.8 031.6  06.3 9.20E-06 006.0 240.5  15.2 0.061445 0.051482 0.106119 hargrave 2017-12-12 18:33:21 
TT 665 138.1  50.5 103.5  65.1 7.20E-06 007.9 157.7  28.1 0.033777 0.040793 0.109154 hargrave 2018-01-08 17:08:56 
TT 670 023.4  30.2 019.9  07.0 1.16E-05 005.6 239.3  03.6 0.096423 0.046343 0.089286 hargrave 2018-01-11 09:12:40 
TT 672 016.3  25.3 014.4  01.3 1.04E-05 005.7 244.7 -02.2 0.079566 0.044729 0.081537 hargrave 2018-01-12 09:10:06 
TT 674 016.6  30.6 014.0  06.6 1.31E-05 004.9 239.4 -02.3 0.043809 0.047649 0.107652 hargrave 2018-01-16 16:18:51 
TT 676 003.3 -76.1 171.1 -78.6 5.65E-06 011.3 346.4  01.8 0.013123 0.042001 0.104012 hargrave 2018-01-17 16:15:46 
TT 676 014.1 -65.7 102.9 -83.1 5.93E-06 012.4 335.7  03.7 0.020682 0.038273 0.125435 hargrave 2018-01-22 09:40:12 
TT 676 014.8 -70.2 135.1 -81.6 6.00E-06 013.6 340.1  04.2 0.033287 0.047060 0.136215 hargrave 2018-01-22 10:05:43 
TT 678 020.5  39.1 015.9  15.4 1.03E-05 005.7 230.7  00.1 0.043948 0.065013 0.088221 hargrave 2018-01-24 13:19:27 
TT 680 202.3  54.7 239.8  74.2 4.64E-06 012.6 144.6 -07.6 0.032903 0.037813 0.095056 hargrave 2018-01-27 09:54:19 
TT 680 198.1  52.9 228.3  74.3 4.33E-06 017.4 142.8 -05.1 0.050332 0.054305 0.117500 hargrave 2018-01-27 12:21:55 
TT 680 199.3  55.2 235.9  75.7 4.34E-06 015.2 145.1 -05.8 0.035318 0.038005 0.109833 hargrave 2018-01-27 13:21:38 
TT 682 022.3  22.1 020.4 -01.1 1.14E-05 008.7 247.4  03.7 0.145347 0.066192 0.087313 hargrave 2018-01-31 17:32:31 
TT 682 022.4  25.1 020.0  01.9 1.14E-05 005.1 244.5  03.4 0.035277 0.042758 0.094760 hargrave 2018-02-02 11:35:40 
TT 684 191.8 -08.4 192.2  16.0 9.25E-06 007.8 082.0  05.2 0.026555 0.036277 0.124126 hargrave 2018-02-05 20:01:27 
TT 686 020.5  46.0 014.6  22.3 8.84E-06 005.8 223.8 -00.7 0.030513 0.033634 0.085795 hargrave 2018-02-12 10:54:41 
TT 688 173.0  62.8 129.1  87.1 4.60E-06 012.7 155.0  05.9 0.023396 0.037241 0.095426 hargrave 2018-02-26 11:20:11 
TT 688 175.4  56.8 168.5  81.9 4.56E-06 017.4 148.9  07.0 0.027099 0.042549 0.135675 hargrave 2018-02-26 14:12:12 
TT 690 036.0 -60.9 092.9 -72.5 5.75E-06 014.1 331.9  13.8 0.018274 0.035591 0.144354 hargrave 2018-02-28 11:56:50 
TT 690 031.7 -65.5 105.8 -75.9 5.61E-06 012.8 335.9  10.9 0.017979 0.037065 0.124109 hargrave 2018-02-28 16:18:44 
