TR035 -AAa sun compass orientation
    6.5 180.3  88.0 279.3  19.5   1.0
NRM    009.3  75.0 009.3  55.5 5.34E-05 005.1 194.9  04.3 0.130340 0.437998 0.165287 hargrave 2017-10-13 20:08:41 
TT 100 010.4  75.4 009.8  55.9 5.28E-05 002.8 194.4  04.5 0.063458 0.213327 0.137585 hargrave 2017-10-15 20:09:30 
TT 200 011.2  76.9 010.1  57.4 5.24E-05 001.8 192.9  04.4 0.062802 0.109656 0.119947 hargrave 2017-10-16 14:15:32 
TT 300 009.9  74.3 009.6  54.8 5.21E-05 002.4 195.5  04.5 0.071889 0.141178 0.158771 hargrave 2017-10-17 11:05:14 
TT 350 010.7  76.0 009.9  56.5 5.18E-05 001.8 193.8  04.4 0.067165 0.067279 0.142088 hargrave 2017-10-18 09:11:58 
TT 400 011.6  75.2 010.3  55.7 5.11E-05 001.7 194.5  04.8 0.066698 0.045925 0.139504 hargrave 2017-10-20 16:49:37 
TT 450 012.5  76.4 010.7  56.9 5.00E-05 001.8 193.4  04.8 0.035158 0.117689 0.104922 hargrave 2017-10-23 11:27:09 
TT 475 014.8  77.3 011.6  57.9 4.99E-05 002.2 192.3  05.1 0.053199 0.136456 0.131151 hargrave 2017-10-24 08:52:25 
TT 500 015.0  76.9 011.7  57.4 4.94E-05 001.8 192.7  05.2 0.052101 0.058249 0.140821 hargrave 2017-10-25 08:31:34 
TT 525 014.6  76.3 011.6  56.9 4.91E-05 001.6 193.3  05.3 0.052122 0.053479 0.124840 hargrave 2017-10-26 18:58:53 
TT 550 017.9  78.9 012.6  59.5 4.83E-05 002.5 190.6  05.3 0.056748 0.165953 0.123359 hargrave 2017-10-27 16:54:12 
TT 555 018.7  76.1 013.4  56.7 4.78E-05 002.9 193.2  06.3 0.096824 0.117266 0.200468 hargrave 2017-10-28 19:24:27 
TT 560 016.2  76.9 012.2  57.5 4.65E-05 003.0 192.6  05.5 0.059164 0.168077 0.170984 hargrave 2017-11-03 15:03:23 
TT 565 017.0  77.9 012.4  58.4 4.59E-05 006.3 191.7  05.4 0.116492 0.462552 0.170990 hargrave 2017-11-05 13:56:20 
TT 570 017.6  77.4 012.7  58.0 4.59E-05 002.2 192.1  05.7 0.044152 0.060162 0.167020 hargrave 2017-11-09 11:29:39 
TT 575 018.4  77.7 013.0  58.3 4.58E-05 002.9 191.8  05.8 0.061046 0.079672 0.219455 hargrave 2017-11-09 20:20:29 
TT 580 018.1  77.8 012.8  58.4 4.51E-05 002.4 191.6  05.6 0.045312 0.078080 0.167713 hargrave 2017-11-14 16:06:46 
TT 600 024.5  79.6 014.8  60.4 4.57E-05 002.1 189.5  06.2 0.050854 0.109730 0.129268 hargrave 2017-11-17 15:19:42 
TT 620 017.4  75.9 012.9  56.5 4.38E-05 003.5 193.5  06.0 0.066766 0.251644 0.084340 hargrave 2017-11-19 14:37:35 
TT 630 019.4  76.5 013.6  57.2 4.26E-05 001.8 192.8  06.3 0.046778 0.101988 0.074482 hargrave 2017-11-21 13:50:29 
TT 640 019.8  78.7 013.3  59.3 4.12E-05 001.8 190.7  05.7 0.054210 0.059740 0.106396 hargrave 2017-11-27 13:07:49 
TT 645 017.9  74.6 013.3  55.2 4.09E-05 004.4 194.8  06.6 0.106829 0.286836 0.081389 hargrave 2017-11-28 12:02:41 
TT 650 018.1  73.7 013.5  54.3 4.12E-05 002.0 195.7  06.9 0.062121 0.124563 0.051637 hargrave 2017-12-08 17:45:55 
TT 655 031.3  78.6 017.7  59.7 3.91E-05 001.4 189.8  07.8 0.057958 0.089427 0.026954 hargrave 2017-12-11 18:28:46 
TT 660 019.9  74.1 014.3  54.8 4.11E-05 001.4 195.1  07.2 0.044478 0.094316 0.029869 hargrave 2017-12-12 19:06:36 
TT 665 014.5  71.6 012.0  52.1 3.94E-05 002.9 198.0  06.4 0.101337 0.174042 0.063355 hargrave 2018-01-08 17:43:05 
TT 670 024.0  77.5 015.3  58.3 3.96E-05 001.6 191.5  07.0 0.068049 0.087322 0.059451 hargrave 2018-01-11 09:47:37 
TT 672 020.0  78.2 013.5  58.8 3.80E-05 002.0 191.2  05.9 0.104682 0.103166 0.058474 hargrave 2018-01-12 09:43:29 
TT 674 031.6  81.5 016.3  62.5 3.89E-05 001.3 187.3  06.4 0.082880 0.068160 0.056928 hargrave 2018-01-16 16:52:11 
TT 676 018.1  83.0 011.7  63.5 3.48E-05 002.4 186.7  04.1 0.094275 0.130631 0.051241 hargrave 2018-01-17 16:50:40 
TT 678 020.6  78.1 013.8  58.7 3.47E-05 004.2 191.2  06.1 0.076886 0.244191 0.065026 hargrave 2018-01-24 13:44:59 
TT 680 052.8  84.9 018.2  66.5 3.05E-05 005.0 183.1  06.1 0.116176 0.255510 0.057231 hargrave 2018-01-27 10:25:50 
TT 682 010.2  67.8 009.8  48.3 3.25E-05 002.1 202.0  05.6 0.090826 0.094432 0.063912 hargrave 2018-01-31 18:05:01 
TT 684 009.5  77.4 009.4  57.9 2.22E-05 004.4 192.4  03.9 0.063385 0.149437 0.079994 hargrave 2018-02-05 20:37:00 
TT 686 003.6  43.7 004.8  24.2 1.82E-05 004.9 226.4  03.8 0.058560 0.089495 0.124775 hargrave 2018-02-12 11:26:24 
TT 688 032.1  81.7 016.3  62.6 8.87E-06 008.3 187.1  06.4 0.047249 0.066733 0.107662 hargrave 2018-02-26 11:45:24 
TT 688 044.0  83.8 017.7  65.2 8.53E-06 019.7 184.5  06.3 0.080598 0.185097 0.234748 hargrave 2018-02-26 14:30:54 
TT 690 354.3  36.5 356.7  17.5 8.41E-06 018.8 233.3 -03.6 0.073905 0.187259 0.269722 hargrave 2018-02-28 12:28:23 
TT 690 349.1  38.6 352.6  20.0 7.77E-06 018.3 230.7 -07.5 0.070245 0.200768 0.244531 hargrave 2018-02-28 16:47:41 
