TR035 -Ka sun compass orientation
   2.63 187.4  72.0 279.3  19.5   1.0
NRM    171.6  71.7 079.1  84.2 3.12E-05 002.7 161.0  22.0 0.055248 0.120915 0.068040 hargrave 2017-10-13 19:39:39 
TT 100 174.0  72.0 075.2  84.9 3.07E-05 001.9 161.2  21.2 0.047885 0.065846 0.070437 hargrave 2017-10-15 19:45:46 
TT 200 175.3  70.4 093.8  85.3 3.06E-05 001.6 159.4  21.0 0.029511 0.063887 0.064073 hargrave 2017-10-16 13:46:24 
TT 300 175.7  68.0 119.8  84.6 3.03E-05 001.7 156.9  21.0 0.039248 0.065109 0.059224 hargrave 2017-10-17 10:38:36 
TT 350 175.3  70.2 096.2  85.3 3.00E-05 001.8 159.2  21.0 0.038821 0.071958 0.052868 hargrave 2017-10-18 08:47:11 
TT 400 176.1  66.7 131.2  83.9 2.96E-05 001.6 155.5  21.0 0.030253 0.064266 0.051554 hargrave 2017-10-20 16:26:16 
TT 450 177.2  65.2 142.7  83.0 2.93E-05 001.6 153.9  20.6 0.059781 0.044782 0.051015 hargrave 2017-10-23 11:01:29 
TT 475 177.2  64.8 144.6  82.7 2.92E-05 001.3 153.4  20.6 0.035411 0.051086 0.041993 hargrave 2017-10-24 08:26:43 
TT 500 177.3  62.7 152.1  80.9 2.91E-05 001.3 151.2  20.6 0.033476 0.043294 0.046005 hargrave 2017-10-24 19:18:15 
TT 525 177.9  63.1 152.5  81.4 2.88E-05 001.8 151.6  20.3 0.022343 0.084027 0.043361 hargrave 2017-10-26 18:32:56 
TT 550 177.9  60.5 158.8  78.9 2.85E-05 001.2 148.8  20.3 0.035971 0.041977 0.041413 hargrave 2017-10-27 16:30:47 
TT 555 178.2  60.7 159.2  79.2 2.82E-05 001.1 149.0  20.1 0.057761 0.041898 0.056363 hargrave 2017-10-28 18:02:05 
TT 560 178.2  63.2 153.2  81.6 2.74E-05 001.8 151.8  20.1 0.051686 0.039822 0.071287 hargrave 2017-11-03 14:38:40 
TT 565 178.2  61.9 156.6  80.4 2.73E-05 002.0 150.3  20.1 0.044023 0.046792 0.080369 hargrave 2017-11-05 13:31:35 
TT 570 178.1  60.4 159.4  79.0 2.72E-05 001.9 148.7  20.1 0.036417 0.058328 0.070878 hargrave 2017-11-09 11:04:46 
TT 575 178.6  59.1 162.7  77.8 2.72E-05 001.9 147.3  19.8 0.033417 0.063999 0.064169 hargrave 2017-11-09 19:57:19 
TT 580 177.9  59.9 159.8  78.4 2.70E-05 002.8 148.1  20.2 0.042369 0.099323 0.084882 hargrave 2017-11-14 15:41:40 
TT 600 180.1  55.9 169.2  74.8 2.77E-05 001.9 144.0  18.9 0.066316 0.052960 0.051119 hargrave 2017-11-17 14:54:05 
TT 620 181.2  56.8 170.8  75.8 2.64E-05 001.9 145.0  18.4 0.064487 0.036982 0.060432 hargrave 2017-11-19 14:11:56 
TT 630 180.7  51.7 172.9  70.8 2.68E-05 002.5 139.6  18.1 0.050709 0.092981 0.068440 hargrave 2017-11-21 13:25:41 
TT 640 180.5  51.6 172.6  70.7 2.75E-05 002.2 139.5  18.2 0.041712 0.075075 0.071536 hargrave 2017-11-27 12:42:52 
TT 645 182.0  47.1 176.8  66.3 2.81E-05 002.1 134.9  16.7 0.048941 0.051128 0.090813 hargrave 2017-11-28 11:37:23 
TT 650 187.6  58.6 185.0  78.1 2.70E-05 002.8 147.4  15.2 0.054679 0.034200 0.120483 hargrave 2017-12-08 17:21:49 
TT 655 185.8  46.6 183.4  66.0 3.17E-05 002.4 134.9  14.0 0.036974 0.064237 0.119664 hargrave 2017-12-11 18:03:52 
TT 660 188.1  63.7 185.0  83.2 2.60E-05 003.0 152.6  15.8 0.046466 0.069180 0.120100 hargrave 2017-12-12 18:41:46 
TT 665 191.8  51.1 194.0  70.5 2.89E-05 003.0 140.3  11.2 0.064687 0.082742 0.121353 hargrave 2018-01-08 17:18:22 
TT 670 184.0  66.1 163.1  85.2 2.19E-05 003.6 154.8  17.8 0.035435 0.064429 0.126363 hargrave 2018-01-11 09:20:33 
TT 672 186.4  54.6 183.3  74.1 2.53E-05 003.0 143.1  15.1 0.051875 0.069838 0.114758 hargrave 2018-01-12 09:17:52 
TT 674 186.7  42.8 185.3  62.3 2.67E-05 002.9 131.2  12.6 0.049740 0.055016 0.117102 hargrave 2018-01-16 16:26:44 
TT 676 194.5  48.0 198.4  67.3 2.19E-05 003.9 137.8  08.7 0.071191 0.073558 0.111893 hargrave 2018-01-17 16:23:34 
TT 678 191.8  54.0 194.5  73.5 1.73E-05 004.3 143.2  12.0 0.036223 0.054253 0.119737 hargrave 2018-01-24 13:25:48 
TT 680 205.5  48.4 217.1  66.6 1.42E-05 004.9 140.8  02.0 0.050130 0.071122 0.097227 hargrave 2018-01-27 10:02:05 
TT 682 360.0  62.2 003.4  42.9 9.71E-06 007.2 208.3  12.5 0.041789 0.049200 0.111079 hargrave 2018-01-31 17:40:19 
TT 684 211.5  62.0 246.3  77.8 8.46E-06 007.3 154.5  05.2 0.031884 0.052898 0.098143 hargrave 2018-02-05 20:09:14 
TT 686 355.1  47.0 358.4  27.9 9.27E-06 006.8 222.0  05.0 0.036750 0.041450 0.102588 hargrave 2018-02-12 11:02:35 
TT 688 345.4  38.7 349.6  20.6 6.49E-06 009.5 226.6 -04.8 0.037983 0.033096 0.101326 hargrave 2018-02-26 11:26:26 
TT 688 345.0  38.1 349.2  20.0 6.16E-06 013.5 227.0 -05.4 0.059163 0.043724 0.146063 hargrave 2018-02-26 14:16:03 
TT 690 001.1  54.6 003.5  35.2 6.18E-06 015.7 215.9  11.1 0.042609 0.041127 0.164821 hargrave 2018-02-28 12:04:38 
TT 690 356.2  54.3 360.0  35.1 5.76E-06 015.0 215.4  08.2 0.039506 0.053027 0.143978 hargrave 2018-02-28 16:25:07 
