TR035 -Na sun compass orientation
   2.97 183.9  86.0 279.3  19.5   1.0
NRM    068.1  39.5 057.6  27.7 4.05E-05 002.2 209.9  47.5 0.104979 0.100695 0.068314 hargrave 2017-10-13 19:45:22 
TT 100 067.8  37.7 057.9  26.0 3.96E-05 002.5 211.8  48.7 0.092819 0.123040 0.078615 hargrave 2017-10-15 19:53:07 
TT 200 068.2  38.2 058.1  26.6 3.92E-05 002.6 210.9  48.5 0.126603 0.105606 0.071314 hargrave 2017-10-16 13:54:19 
TT 300 069.8  38.7 059.3  27.5 3.88E-05 002.1 209.0  49.0 0.103442 0.080631 0.058267 hargrave 2017-10-17 10:44:32 
TT 350 070.1  38.7 059.5  27.5 3.84E-05 002.1 208.8  49.1 0.106716 0.084983 0.052694 hargrave 2017-10-18 08:52:22 
TT 400 070.6  37.9 060.2  26.9 3.79E-05 002.1 209.0  49.9 0.104193 0.078545 0.055477 hargrave 2017-10-20 16:31:22 
TT 450 071.7  38.1 061.0  27.4 3.75E-05 002.0 207.8  50.3 0.107333 0.062169 0.059021 hargrave 2017-10-23 11:06:56 
TT 475 071.8  38.0 061.2  27.3 3.72E-05 001.9 207.8  50.5 0.089622 0.076729 0.046366 hargrave 2017-10-24 08:32:10 
TT 500 072.0  37.6 061.5  27.0 3.67E-05 001.7 207.9  50.9 0.082972 0.060350 0.043618 hargrave 2017-10-25 08:12:31 
TT 525 072.9  37.4 062.3  27.1 3.63E-05 001.7 207.1  51.4 0.082353 0.057976 0.048619 hargrave 2017-10-26 18:39:41 
TT 550 072.6  36.6 062.4  26.2 3.58E-05 003.0 208.2  52.0 0.096372 0.159223 0.046900 hargrave 2017-10-27 16:35:53 
TT 555 071.2  35.6 061.6  24.9 3.52E-05 002.2 210.7  52.1 0.069454 0.099340 0.081260 hargrave 2017-10-28 19:09:02 
TT 560 071.4  36.3 061.4  25.6 3.43E-05 002.7 209.9  51.6 0.118798 0.077445 0.078670 hargrave 2017-11-03 14:44:03 
TT 565 072.2  37.3 061.8  26.8 3.39E-05 002.9 208.0  51.3 0.108686 0.116509 0.066849 hargrave 2017-11-05 13:37:01 
TT 570 072.9  37.1 062.5  26.7 3.40E-05 002.8 207.5  51.7 0.123974 0.082099 0.077033 hargrave 2017-11-09 11:10:10 
TT 575 073.0  37.2 062.5  26.9 3.36E-05 002.7 207.3  51.7 0.114416 0.092844 0.059430 hargrave 2017-11-09 20:02:23 
TT 580 072.0  37.0 061.7  26.4 3.32E-05 002.9 208.6  51.4 0.122796 0.088747 0.077886 hargrave 2017-11-14 15:47:07 
TT 600 072.9  36.1 062.8  25.8 3.38E-05 001.8 208.4  52.5 0.077891 0.068811 0.045421 hargrave 2017-11-17 14:59:30 
TT 620 072.6  36.0 062.6  25.6 3.27E-05 002.7 208.8  52.5 0.075367 0.118101 0.065571 hargrave 2017-11-19 14:17:22 
TT 630 075.5  36.6 064.8  27.0 3.12E-05 002.1 205.0  53.3 0.088918 0.051665 0.063757 hargrave 2017-11-21 13:31:06 
TT 640 073.9  37.9 063.0  27.7 3.18E-05 002.0 205.7  51.5 0.076072 0.068744 0.068013 hargrave 2017-11-27 12:48:20 
TT 645 074.6  32.3 065.6  22.7 2.90E-05 002.1 210.4  56.4 0.070194 0.076042 0.080189 hargrave 2017-11-28 11:42:50 
TT 650 070.7  38.1 060.2  27.2 3.31E-05 002.5 208.7  49.8 0.090375 0.048105 0.125435 hargrave 2017-12-08 17:27:00 
TT 655 078.8  39.1 066.6  30.3 3.02E-05 002.5 199.3  52.3 0.082243 0.058051 0.117681 hargrave 2017-12-11 18:09:03 
TT 660 078.8  39.7 066.3  30.8 3.07E-05 002.0 198.9  51.8 0.050317 0.081020 0.110415 hargrave 2017-12-12 18:47:42 
TT 665 083.3  41.5 069.3  33.8 2.83E-05 002.7 192.7  51.3 0.069313 0.077558 0.104017 hargrave 2018-01-08 17:23:37 
TT 670 069.6  41.0 058.2  29.5 2.99E-05 002.8 207.2  47.0 0.083281 0.075456 0.133377 hargrave 2018-01-11 09:26:36 
TT 672 095.2  38.5 080.8  34.7 2.33E-05 003.1 178.2  55.5 0.063422 0.070577 0.123612 hargrave 2018-01-12 09:23:57 
TT 674 072.4  41.9 060.2  31.2 2.63E-05 003.3 203.8  47.5 0.089524 0.068097 0.125333 hargrave 2018-01-16 16:32:52 
TT 676 086.1  43.9 070.5  36.8 2.15E-05 004.0 188.6  49.5 0.071632 0.068863 0.136343 hargrave 2018-01-17 16:29:39 
TT 678 072.1  42.6 059.6  31.7 2.10E-05 004.7 203.6  46.8 0.083681 0.112097 0.134964 hargrave 2018-01-24 13:29:26 
TT 680 121.5  31.4 108.6  36.8 1.14E-05 006.0 139.8  52.3 0.068059 0.051208 0.111558 hargrave 2018-01-27 10:06:33 
TT 682 045.9  35.7 040.2  19.4 1.49E-05 004.8 228.0  35.6 0.049286 0.050881 0.122255 hargrave 2018-01-31 17:44:51 
TT 684 079.1  77.6 036.3  63.6 6.86E-06 009.8 183.3  16.0 0.035549 0.040176 0.107792 hargrave 2018-02-05 20:15:20 
TT 684 074.3  74.7 038.6  60.7 6.45E-06 011.2 185.3  18.4 0.048582 0.038032 0.113337 hargrave 2018-02-06 12:36:02 
TT 684 080.0  75.6 039.6  62.3 6.43E-06 010.7 183.6  17.9 0.041305 0.035323 0.111258 hargrave 2018-02-06 15:48:22 
TT 686 021.5  13.9 021.1 -05.2 9.33E-06 007.2 256.7  18.0 0.030403 0.046209 0.108518 hargrave 2018-02-12 11:07:05 
TT 688 349.0  77.9 001.2  58.8 4.23E-06 012.8 191.7  00.8 0.028175 0.030161 0.090157 hargrave 2018-02-26 11:30:03 
TT 688 341.1  79.9 359.4  61.2 3.96E-06 022.1 189.3  00.1 0.049224 0.066136 0.144875 hargrave 2018-02-26 14:18:49 
TT 690 010.6  30.5 010.4  11.0 4.73E-06 020.2 239.7  07.8 0.031325 0.079915 0.158732 hargrave 2018-02-28 12:09:08 
TT 690 006.5  29.1 006.8  09.6 4.45E-06 018.4 241.1  04.2 0.031194 0.074160 0.136794 hargrave 2018-02-28 16:29:45 
