TR035 -Pa sun compass orientation
   3.26 168.3  70.0 279.3  19.5   1.0
NRM    272.2  57.6 301.7  54.8 1.29E-05 003.1 187.6 -11.6 0.037906 0.061440 0.026255 hargrave 2017-10-13 19:47:00 
TT 100 264.8  55.9 294.2  55.8 1.22E-05 004.1 183.7 -13.9 0.046691 0.079653 0.025204 hargrave 2017-10-15 19:54:20 
TT 200 264.9  54.6 293.0  54.7 1.21E-05 002.8 184.0 -15.2 0.034083 0.047086 0.029119 hargrave 2017-10-16 13:55:43 
TT 300 259.2  53.2 286.7  55.4 1.16E-05 003.7 180.5 -16.8 0.033574 0.066862 0.026469 hargrave 2017-10-17 10:45:58 
TT 350 253.1  52.8 280.8  57.1 1.12E-05 002.2 176.7 -17.0 0.033585 0.033772 0.018983 hargrave 2017-10-18 08:53:47 
TT 400 247.9  48.9 272.0  55.5 1.09E-05 003.0 172.7 -20.5 0.032163 0.046084 0.025589 hargrave 2017-10-20 16:32:47 
TT 450 243.6  47.1 266.0  55.4 1.06E-05 002.8 169.3 -21.6 0.020197 0.038200 0.033095 hargrave 2017-10-23 11:08:26 
TT 475 241.4  46.8 263.4  55.9 1.05E-05 003.3 167.6 -21.5 0.032649 0.049918 0.025364 hargrave 2017-10-24 08:33:40 
TT 500 239.7  45.4 260.5  55.1 1.04E-05 003.2 166.0 -22.4 0.030912 0.048007 0.023783 hargrave 2017-10-25 08:13:56 
TT 525 234.8  44.7 254.4  56.0 1.02E-05 002.6 162.2 -21.8 0.020943 0.044643 0.012932 hargrave 2017-10-26 18:41:07 
TT 550 233.2  42.4 251.0  54.5 1.02E-05 005.1 160.1 -23.4 0.030030 0.086908 0.012685 hargrave 2017-10-27 16:37:18 
TT 555 231.7  40.3 247.8  52.9 9.92E-06 004.4 157.9 -24.8 0.028350 0.073657 0.039660 hargrave 2017-10-28 19:10:14 
TT 560 233.0  40.2 249.2  52.4 9.78E-06 004.6 158.8 -25.4 0.036872 0.071209 0.029379 hargrave 2017-11-03 14:45:33 
TT 565 232.5  38.9 247.9  51.4 9.65E-06 003.1 157.8 -26.4 0.020462 0.042250 0.029989 hargrave 2017-11-05 13:38:31 
TT 570 229.2  38.2 243.6  51.6 9.64E-06 003.1 154.9 -25.7 0.038340 0.038378 0.028387 hargrave 2017-11-09 11:11:41 
TT 575 227.9  37.8 241.8  51.6 9.64E-06 003.2 153.7 -25.5 0.037331 0.036684 0.032248 hargrave 2017-11-09 20:03:47 
TT 580 226.1  36.5 239.0  50.8 9.54E-06 003.0 151.6 -25.9 0.022864 0.039758 0.030399 hargrave 2017-11-14 15:48:38 
TT 600 225.1  33.8 236.5  48.5 1.01E-05 002.9 149.1 -27.6 0.035648 0.039691 0.023672 hargrave 2017-11-17 15:01:00 
TT 620 220.8  31.2 230.3  47.1 9.93E-06 004.4 144.1 -27.4 0.038245 0.062622 0.029532 hargrave 2017-11-19 14:18:52 
TT 630 219.0  23.4 225.6  39.9 1.02E-05 002.9 136.7 -32.1 0.038799 0.033527 0.026296 hargrave 2017-11-21 13:32:40 
TT 640 223.6  27.3 232.2  42.6 1.06E-05 003.0 143.4 -32.0 0.042323 0.033868 0.031112 hargrave 2017-11-27 12:49:51 
TT 645 230.5  32.1 242.1  45.5 1.01E-05 003.0 152.4 -31.5 0.036281 0.025257 0.043038 hargrave 2017-11-28 11:44:22 
TT 650 250.0  41.1 268.3  48.0 8.06E-06 005.5 172.9 -28.4 0.041082 0.027644 0.063795 hargrave 2017-12-08 17:28:29 
TT 655 209.9  23.5 214.8  41.5 1.26E-05 003.2 130.4 -25.8 0.035671 0.032548 0.068852 hargrave 2017-12-11 18:10:33 
TT 660 226.5  37.0 239.8  51.2 1.04E-05 005.4 152.2 -25.6 0.048700 0.067365 0.069640 hargrave 2017-12-12 18:49:11 
TT 665 234.7  35.3 248.4  47.3 1.07E-05 003.4 157.8 -30.4 0.021616 0.015239 0.064267 hargrave 2018-01-08 17:25:07 
TT 670 233.6  35.7 247.4  48.1 1.07E-05 005.5 157.0 -29.6 0.048919 0.039058 0.089316 hargrave 2018-01-11 09:28:08 
TT 672 199.5  09.3 200.8  28.5 1.54E-05 003.2 111.2 -25.2 0.050991 0.054271 0.070099 hargrave 2018-01-12 09:25:31 
TT 674 242.2  39.6 259.2  49.1 1.02E-05 003.8 165.9 -28.5 0.021924 0.024330 0.069593 hargrave 2018-01-16 16:34:24 
TT 676 209.4  21.1 213.7  39.2 1.32E-05 003.6 127.9 -26.9 0.053769 0.046560 0.065993 hargrave 2018-01-17 16:31:10 
TT 678 226.3  42.1 242.4  56.1 7.92E-06 005.4 155.0 -21.2 0.029015 0.035164 0.067608 hargrave 2018-01-24 13:30:39 
TT 680 200.5  15.4 202.4  34.5 1.15E-05 005.2 117.5 -23.1 0.072328 0.049530 0.075878 hargrave 2018-01-27 10:08:03 
TT 682 288.5  61.6 317.2  53.5 5.62E-06 008.6 193.9 -04.9 0.032330 0.045869 0.075991 hargrave 2018-01-31 17:46:21 
TT 682 296.3  59.9 320.9  50.0 5.81E-06 008.8 198.0 -04.4 0.032798 0.027981 0.087163 hargrave 2018-02-02 11:38:55 
TT 682 296.9  60.1 321.5  50.1 5.64E-06 009.3 198.2 -04.0 0.032251 0.033332 0.089044 hargrave 2018-02-02 13:15:25 
TT 684 254.6  56.0 285.6  59.2 5.13E-06 007.9 177.9 -13.9 0.029968 0.039287 0.061113 hargrave 2018-02-05 20:16:50 
TT 686 339.7  31.2 343.5  13.9 6.03E-06 007.5 237.9  03.2 0.035070 0.043884 0.064522 hargrave 2018-02-12 11:08:40 
TT 688 277.7  47.0 297.6  44.0 3.04E-06 011.0 194.0 -20.8 0.025977 0.024801 0.060389 hargrave 2018-02-26 11:31:15 
TT 688 272.4  46.0 292.4  44.9 2.85E-06 019.4 190.6 -22.8 0.046051 0.049795 0.106771 hargrave 2018-02-26 14:20:05 
TT 690 348.6  41.7 352.6  23.2 4.43E-06 016.7 230.1  13.4 0.030644 0.053256 0.120476 hargrave 2018-02-28 12:10:38 
TT 690 343.9  42.8 349.0  24.8 4.11E-06 015.6 228.0  10.3 0.030194 0.051845 0.103524 hargrave 2018-02-28 16:31:15 
