TR035 -Ha mag compass orientation (IGRF corrected)
    2.1 233.3  74.0 279.3  19.5   1.0
NRM    110.9  79.9 039.6  70.0 5.33E-06 003.3 185.9  24.5 0.015134 0.018337 0.025551 hargrave 2017-10-13 19:34:40 
TT 100 144.5  74.0 064.1  76.3 4.60E-06 007.6 179.6  32.0 0.034659 0.048481 0.028268 hargrave 2017-10-15 19:41:11 
TT 200 153.0  72.0 075.1  78.4 4.44E-06 005.5 176.4  33.7 0.030399 0.024848 0.026421 hargrave 2017-10-16 13:41:52 
TT 300 157.5  67.5 098.8  78.4 4.36E-06 002.5 173.2  37.7 0.013327 0.015366 0.006669 hargrave 2017-10-17 10:34:15 
TT 350 159.8  66.8 103.9  78.8 4.21E-06 003.3 171.8  38.0 0.012609 0.011230 0.025329 hargrave 2017-10-18 08:42:57 
TT 400 165.0  61.7 129.5  77.0 4.11E-06 003.8 166.4  41.7 0.013687 0.014058 0.027029 hargrave 2017-10-20 16:21:57 
TT 450 169.6  56.5 147.9  73.7 4.06E-06 003.6 159.9  44.9 0.012656 0.009484 0.026512 hargrave 2017-10-23 10:56:52 
TT 475 169.1  53.0 151.3  70.3 4.17E-06 001.8 157.0  47.8 0.010150 0.009138 0.005147 hargrave 2017-10-24 08:22:11 
TT 500 171.2  50.1 157.2  67.9 4.12E-06 001.8 152.7  49.1 0.010725 0.009004 0.005107 hargrave 2017-10-24 19:13:43 
TT 525 172.9  47.3 161.9  65.5 4.07E-06 001.6 148.3  50.3 0.010241 0.006481 0.004731 hargrave 2017-10-26 18:28:40 
TT 550 173.3  44.2 163.9  62.5 4.05E-06 003.3 144.3  52.1 0.015411 0.018347 0.004519 hargrave 2017-10-27 16:26:29 
TT 555 174.1  42.8 165.7  61.2 4.04E-06 002.2 141.9  52.5 0.008738 0.014296 0.008214 hargrave 2017-10-28 17:58:20 
TT 560 172.7  42.3 163.9  60.6 3.97E-06 003.9 142.3  53.6 0.020573 0.017237 0.006695 hargrave 2017-11-03 14:34:08 
TT 565 175.0  40.3 167.9  58.9 3.93E-06 003.5 137.9  53.3 0.018625 0.014275 0.007028 hargrave 2017-11-05 13:27:02 
TT 570 174.6  38.2 168.0  56.8 4.00E-06 002.3 135.1  54.7 0.012580 0.008595 0.006480 hargrave 2017-11-09 11:00:14 
TT 575 176.1  35.6 170.7  54.4 4.03E-06 002.1 130.2  54.8 0.011600 0.009028 0.006716 hargrave 2017-11-09 19:53:05 
TT 580 174.5  36.1 168.3  54.7 3.96E-06 002.7 131.9  55.8 0.015038 0.009568 0.007728 hargrave 2017-11-14 15:37:02 
TT 600 176.6  29.8 172.6  48.7 4.18E-06 003.3 120.3  56.5 0.021821 0.009520 0.009392 hargrave 2017-11-17 14:49:30 
TT 620 174.6  25.8 170.6  44.5 4.12E-06 003.4 113.7  59.3 0.021601 0.004778 0.014015 hargrave 2017-11-19 14:07:20 
TT 630 182.0  24.8 180.0  44.1 4.45E-06 003.5 110.1  52.8 0.013654 0.014302 0.020908 hargrave 2017-11-21 13:21:07 
TT 640 161.4  08.0 158.5  25.1 4.33E-06 004.4 067.8  70.6 0.012476 0.021865 0.039676 hargrave 2017-11-27 12:38:19 
TT 645 205.2  41.9 213.7  60.3 5.76E-06 005.2 129.7  31.4 0.026190 0.013642 0.050334 hargrave 2017-11-28 11:32:42 
TT 650 118.2  54.7 089.3  56.3 4.19E-06 008.5 200.9  46.7 0.026440 0.026633 0.065524 hargrave 2017-12-08 17:17:20 
TT 650 154.1  42.0 138.5  56.5 3.83E-06 009.7 162.5  62.3 0.035309 0.019411 0.072622 hargrave 2017-12-11 10:12:50 
TT 650 150.9  43.0 133.8  56.5 3.83E-06 010.0 168.0  62.2 0.035798 0.021298 0.074489 hargrave 2017-12-11 10:26:04 
TT 655 214.3  33.9 223.2  50.9 7.03E-06 007.0 120.4  24.4 0.029792 0.023357 0.082710 hargrave 2017-12-11 17:59:22 
TT 660 104.4  09.8 100.8  11.0 5.18E-06 004.9 274.4  51.7 0.026845 0.040871 0.080519 hargrave 2017-12-12 18:37:18 
TT 665 218.6  26.5 226.0  42.9 7.82E-06 006.6 112.9  20.0 0.045869 0.039246 0.081646 hargrave 2018-01-08 17:12:59 
TT 670 070.6  31.1 062.6  20.5 5.29E-06 007.1 242.5  22.8 0.044516 0.035472 0.058165 hargrave 2018-01-11 09:15:54 
TT 672 057.4  24.1 053.0  10.5 5.74E-06 007.0 247.6  10.1 0.039559 0.036256 0.064175 hargrave 2018-01-12 09:13:19 
TT 674 216.1  14.8 220.2  32.0 7.65E-06 008.3 100.2  20.2 0.043347 0.033611 0.106013 hargrave 2018-01-16 16:22:10 
TT 674 215.7  14.6 219.7  31.8 7.84E-06 007.7 099.9  20.6 0.041086 0.034494 0.103360 hargrave 2018-01-16 18:30:43 
TT 676 041.5  31.5 037.3  14.6 6.94E-06 006.4 236.6 -01.4 0.037541 0.041598 0.070750 hargrave 2018-01-17 16:19:00 
TT 678 359.7  58.6 002.9  39.3 5.16E-06 008.7 198.3 -09.6 0.039695 0.033267 0.073032 hargrave 2018-01-24 13:22:07 
TT 678 356.3  62.1 001.0  42.9 4.79E-06 011.5 194.9 -07.7 0.045927 0.032936 0.094878 hargrave 2018-01-24 15:33:35 
TT 678 353.8  62.5 359.5  43.5 4.70E-06 011.6 193.7 -07.9 0.043442 0.040286 0.093217 hargrave 2018-01-24 17:52:35 
TT 680 263.5  37.3 279.2  40.0 5.41E-06 008.9 135.2 -12.6 0.035312 0.061709 0.060354 hargrave 2018-01-27 09:57:33 
TT 680 261.8  38.2 278.0  41.4 5.02E-06 013.7 135.3 -10.9 0.073650 0.064239 0.084494 hargrave 2018-01-27 12:23:33 
TT 680 264.4  39.6 281.3  41.9 5.07E-06 011.0 137.6 -11.9 0.055802 0.049636 0.076153 hargrave 2018-01-27 13:23:15 
TT 682 043.1  25.2 040.0  08.6 6.43E-06 007.2 243.1 -02.1 0.034498 0.036111 0.076779 hargrave 2018-01-31 17:35:45 
TT 684 249.7  30.0 261.9  37.9 5.39E-06 008.5 123.4 -05.6 0.029038 0.044963 0.069974 hargrave 2018-02-05 20:04:43 
TT 684 246.6  28.7 258.1  37.6 4.80E-06 010.3 121.2 -03.5 0.037293 0.035964 0.075212 hargrave 2018-02-06 12:31:28 
TT 684 246.0  27.1 256.8  36.3 4.83E-06 009.7 119.5 -03.6 0.031778 0.031228 0.074316 hargrave 2018-02-06 15:43:47 
TT 686 027.9  33.7 025.3  15.0 5.62E-06 007.0 230.0 -11.0 0.025958 0.027622 0.068154 hargrave 2018-02-12 10:57:58 
TT 688 349.2  49.8 354.3  31.1 4.61E-06 007.6 197.5 -20.4 0.034643 0.028196 0.063906 hargrave 2018-02-26 11:22:46 
TT 690 059.1 -05.4 062.2 -17.7 7.18E-06 010.6 276.8  04.0 0.047538 0.042363 0.121477 hargrave 2018-02-28 12:00:07 
TT 690 057.1 -05.1 060.2 -17.9 6.88E-06 009.8 276.0  02.2 0.039941 0.049459 0.107065 hargrave 2018-02-28 16:22:01 
