TR035 -DDa mag compass orientation (IGRF corrected)
    7.1 201.3  93.0 279.3  19.5   1.0
NRM    054.3  52.4 042.0  37.1 2.81E-05 002.1 212.3  16.9 0.055848 0.075051 0.058747 hargrave 2017-10-13 20:13:12 
TT 100 055.0  51.2 043.0  36.0 2.72E-05 002.5 213.2  17.9 0.068344 0.091661 0.048164 hargrave 2017-10-15 20:12:54 
TT 200 057.7  53.1 044.2  38.3 2.68E-05 001.4 210.6  18.3 0.037869 0.044294 0.047901 hargrave 2017-10-16 14:19:36 
TT 300 057.9  53.0 044.4  38.4 2.64E-05 002.4 210.6  18.4 0.069510 0.086421 0.037456 hargrave 2017-10-17 11:09:08 
TT 350 056.0  49.6 044.3  34.7 2.61E-05 002.4 214.3  19.2 0.070720 0.074822 0.050138 hargrave 2017-10-18 09:15:54 
TT 400 059.1  52.9 045.4  38.4 2.54E-05 001.5 210.3  19.2 0.046040 0.053614 0.030474 hargrave 2017-10-20 16:53:39 
TT 450 059.9  51.1 046.7  36.9 2.46E-05 001.4 211.7  20.5 0.038311 0.045399 0.030773 hargrave 2017-10-23 11:31:20 
TT 475 062.6  52.5 048.1  38.8 2.43E-05 001.3 209.3  21.1 0.042693 0.036531 0.031229 hargrave 2017-10-24 08:56:36 
TT 500 062.4  51.7 048.3  38.0 2.40E-05 002.2 210.1  21.4 0.056115 0.068628 0.032966 hargrave 2017-10-25 08:35:32 
TT 525 062.6  50.9 048.7  37.3 2.38E-05 001.4 210.7  22.0 0.045738 0.036349 0.029960 hargrave 2017-10-26 19:02:50 
TT 550 063.3  50.4 049.5  37.0 2.33E-05 002.3 210.8  22.7 0.063712 0.073110 0.028021 hargrave 2017-10-27 16:58:07 
TT 555 065.5  51.1 050.9  38.1 2.31E-05 003.2 209.4  23.4 0.080644 0.104658 0.046721 hargrave 2017-10-28 19:27:48 
TT 560 063.3  50.1 049.6  36.6 2.25E-05 002.1 211.2  22.9 0.053867 0.045518 0.051329 hargrave 2017-11-03 15:07:34 
TT 565 066.4  52.6 050.8  39.7 2.22E-05 002.0 207.7  22.8 0.049797 0.038094 0.055431 hargrave 2017-11-05 14:00:32 
TT 570 064.6  51.1 050.2  37.9 2.21E-05 001.9 209.7  22.9 0.048235 0.037523 0.048030 hargrave 2017-11-09 11:33:50 
TT 575 065.6  51.8 050.6  38.7 2.19E-05 002.4 208.8  23.0 0.062161 0.044794 0.057757 hargrave 2017-11-09 20:24:23 
TT 580 063.8  51.1 049.6  37.7 2.15E-05 002.2 210.0  22.5 0.052749 0.043804 0.053150 hargrave 2017-11-14 16:11:04 
TT 600 065.4  50.1 051.2  37.1 2.16E-05 002.1 210.3  23.9 0.056244 0.058019 0.025109 hargrave 2017-11-17 15:23:52 
TT 620 065.8  51.3 051.0  38.4 2.03E-05 003.8 209.1  23.4 0.077190 0.109482 0.025573 hargrave 2017-11-19 14:41:46 
TT 630 068.5  50.8 053.2  38.5 1.94E-05 002.1 208.3  25.0 0.060217 0.045573 0.026330 hargrave 2017-11-21 13:54:39 
TT 640 067.3  51.3 052.1  38.7 1.91E-05 002.4 208.4  24.1 0.064675 0.058740 0.023103 hargrave 2017-11-27 13:12:05 
TT 645 072.8  52.6 055.5  41.2 1.82E-05 001.7 204.8  25.7 0.053849 0.042933 0.025149 hargrave 2017-11-28 12:07:01 
TT 650 066.3  52.4 050.8  39.5 1.87E-05 002.6 207.9  22.9 0.049854 0.040945 0.064637 hargrave 2017-12-08 17:50:02 
TT 655 075.7  54.5 056.6  43.6 1.78E-05 002.0 202.0  25.4 0.039465 0.041191 0.046325 hargrave 2017-12-11 18:32:48 
TT 660 067.0  50.7 052.2  38.0 1.87E-05 002.0 209.1  24.4 0.057317 0.036414 0.050940 hargrave 2017-12-12 19:10:41 
TT 665 070.1  49.1 055.2  37.3 1.79E-05 002.5 209.0  26.9 0.068907 0.064717 0.029998 hargrave 2018-01-08 17:47:23 
TT 670 070.1  50.6 054.5  38.7 1.74E-05 003.2 207.7  25.9 0.070148 0.073526 0.050385 hargrave 2018-01-11 09:51:53 
TT 672 101.7  49.3 080.0  46.4 1.34E-05 003.8 187.9  37.0 0.057211 0.077063 0.041880 hargrave 2018-01-12 09:47:39 
TT 674 076.1  52.3 058.1  41.7 1.69E-05 003.1 203.4  27.2 0.059475 0.072379 0.048805 hargrave 2018-01-16 16:56:24 
TT 676 101.6  49.0 080.2  46.0 1.44E-05 003.0 188.0  37.4 0.052713 0.051037 0.047737 hargrave 2018-01-17 16:54:52 
TT 678 066.4  47.0 053.2  34.5 1.61E-05 003.1 212.5  26.3 0.062374 0.055848 0.058541 hargrave 2018-01-24 13:48:23 
TT 680 100.4  53.0 076.3  49.2 1.38E-05 005.0 187.8  33.2 0.067861 0.109559 0.052519 hargrave 2018-01-27 10:30:02 
TT 682 066.1  47.2 053.0  34.5 1.45E-05 004.3 212.5  26.1 0.058885 0.083079 0.067218 hargrave 2018-01-31 18:09:13 
TT 684 084.4  52.1 064.6  43.7 1.35E-05 005.1 198.8  30.4 0.052625 0.098881 0.064514 hargrave 2018-02-05 20:41:12 
TT 686 063.1  44.2 051.8  31.0 1.14E-05 005.6 216.6  26.1 0.049228 0.081607 0.072647 hargrave 2018-02-12 11:30:39 
TT 688 098.5  47.2 078.8  43.5 7.93E-06 006.6 191.1  38.5 0.035383 0.063550 0.065094 hargrave 2018-02-26 11:50:04 
TT 690 074.7  48.4 059.1  37.8 6.72E-06 016.7 207.1  29.6 0.038747 0.114029 0.164070 hargrave 2018-02-28 12:32:35 
TT 690 075.5  50.8 058.5  40.2 6.41E-06 016.7 204.8  28.1 0.037784 0.118322 0.148100 hargrave 2018-02-28 16:51:50 
