TR035 -Ca sun compass orientation
   0.46 200.7  85.0 267.8  25.2   1.0
NRM    082.5  22.3 073.3  17.9 5.44E-05 002.3 234.9  57.7 0.182298 0.124479 0.041753 hargrave 2017-10-13 19:27:51 
TT 100 082.4  19.9 074.3  15.7 5.41E-05 002.1 239.1  58.7 0.160085 0.114757 0.045656 hargrave 2017-10-15 19:34:44 
TT 200 083.3  21.5 074.3  17.5 5.39E-05 001.9 235.6  58.8 0.126804 0.126108 0.051542 hargrave 2017-10-16 13:35:34 
TT 300 083.1  20.9 074.5  16.9 5.35E-05 002.7 236.8  58.9 0.222398 0.121514 0.063301 hargrave 2017-10-17 10:27:32 
TT 350 083.0  19.9 074.8  15.9 5.33E-05 002.2 238.7  59.2 0.181471 0.107488 0.046542 hargrave 2017-10-18 08:36:13 
TT 400 084.4  21.2 075.4  17.6 5.30E-05 002.3 235.3  59.8 0.189132 0.109415 0.052314 hargrave 2017-10-20 16:15:13 
TT 450 085.3  20.8 076.4  17.7 5.21E-05 001.6 235.0  60.7 0.115782 0.080615 0.040124 hargrave 2017-10-23 10:48:44 
TT 475 086.1  20.3 077.3  17.6 5.18E-05 001.8 235.2  61.6 0.126591 0.096970 0.049796 hargrave 2017-10-24 08:15:01 
TT 500 086.4  20.3 077.6  17.6 5.13E-05 001.9 235.0  61.9 0.137462 0.095188 0.051786 hargrave 2017-10-24 19:06:30 
TT 525 086.6  19.9 078.0  17.5 5.09E-05 001.7 235.4  62.2 0.122684 0.091834 0.036543 hargrave 2017-10-26 18:21:09 
TT 550 086.7  19.2 078.3  16.9 5.03E-05 003.4 236.6  62.6 0.273772 0.117764 0.029548 hargrave 2017-10-27 16:19:45 
TT 555 086.8  19.2 078.5  16.9 4.93E-05 002.6 236.6  62.8 0.220945 0.087400 0.069298 hargrave 2017-10-28 17:52:32 
TT 560 086.2  18.5 078.2  16.0 4.77E-05 002.7 238.6  62.5 0.187951 0.127056 0.045959 hargrave 2017-11-03 14:26:54 
TT 565 086.6  19.0 078.3  16.6 4.74E-05 002.5 237.1  62.6 0.166746 0.116729 0.046542 hargrave 2017-11-05 13:19:45 
TT 570 087.6  19.7 078.9  17.6 4.76E-05 002.5 235.0  63.1 0.160229 0.124342 0.045548 hargrave 2017-11-09 10:52:58 
TT 575 088.1  19.5 079.5  17.7 4.70E-05 002.6 234.6  63.6 0.184659 0.097290 0.058820 hargrave 2017-11-09 19:46:23 
TT 580 087.2  19.0 078.9  16.9 4.63E-05 002.6 236.5  63.1 0.165580 0.129666 0.041560 hargrave 2017-11-14 15:29:46 
TT 600 089.5  19.0 081.0  17.8 4.71E-05 002.4 234.2  65.1 0.188622 0.066515 0.026999 hargrave 2017-11-17 14:42:23 
TT 620 090.3  21.2 080.6  20.1 4.60E-05 001.9 228.9  64.4 0.148934 0.065895 0.050431 hargrave 2017-11-19 14:00:05 
TT 630 097.8  22.8 086.6  24.7 4.25E-05 001.8 213.8  68.3 0.093118 0.106321 0.074709 hargrave 2017-11-21 13:13:00 
TT 640 087.3  00.8 087.1  00.5 4.10E-05 002.2 279.5  66.3 0.134818 0.117204 0.141854 hargrave 2017-11-27 12:31:00 
TT 645 100.0  37.0 080.3  38.0 4.55E-05 001.7 195.6  56.6 0.151512 0.103080 0.177035 hargrave 2017-11-28 11:25:24 
TT 650 077.9  40.3 060.2  32.0 4.58E-05 002.8 215.1  44.1 0.070345 0.102418 0.243287 hargrave 2017-12-08 17:10:18 
TT 655 143.4  32.2 128.1  51.2 4.31E-05 003.0 135.7  49.1 0.106893 0.100462 0.289811 hargrave 2017-12-11 17:52:16 
TT 660 047.3  45.6 034.5  26.9 3.57E-05 003.0 222.5  22.0 0.178920 0.111552 0.191972 hargrave 2017-12-12 18:30:18 
TT 665 191.9  17.7 195.9  42.0 3.67E-05 004.4 107.1  09.9 0.125814 0.091292 0.264407 hargrave 2018-01-08 17:04:59 
TT 670 011.8  45.2 008.3  20.5 2.76E-05 006.7 224.2 -02.7 0.311413 0.098204 0.176015 hargrave 2018-01-11 09:09:33 
TT 672 197.9  31.4 208.0  54.3 2.25E-05 007.7 121.1  05.0 0.243595 0.075034 0.209194 hargrave 2018-01-12 09:06:56 
TT 674 003.8  38.9 002.6  13.8 2.13E-05 006.1 229.1 -09.8 0.081783 0.079786 0.205703 hargrave 2018-01-16 16:15:43 
TT 676 200.2  00.0 202.3  23.2 2.97E-05 004.4 090.0  00.5 0.080855 0.065116 0.214863 hargrave 2018-01-17 16:11:47 
TT 678 012.0  18.8 011.3 -05.6 2.63E-05 004.3 250.3 -06.5 0.128501 0.101319 0.146485 hargrave 2018-01-24 13:16:55 
TT 680 205.7  16.5 212.5  38.1 2.13E-05 006.0 106.9 -03.3 0.099071 0.070567 0.195065 hargrave 2018-01-27 09:51:12 
TT 682 039.0 -38.8 060.6 -54.8 1.77E-05 008.1 311.1  10.9 0.083254 0.091482 0.227382 hargrave 2018-01-31 17:29:22 
TT 682 039.6 -38.2 060.8 -54.0 1.78E-05 007.4 310.6  11.5 0.067471 0.081050 0.211620 hargrave 2018-02-02 11:32:35 
TT 684 204.1  20.4 212.0  42.3 1.98E-05 007.4 110.6 -01.5 0.098932 0.112433 0.224002 hargrave 2018-02-05 19:57:31 
TT 686 002.7  45.4 001.5  20.2 1.21E-05 009.6 222.6 -08.9 0.053562 0.084224 0.201125 hargrave 2018-02-12 10:51:35 
TT 686 005.6  44.9 003.7  19.9 1.19E-05 009.7 223.5 -07.0 0.062724 0.068716 0.190793 hargrave 2018-02-12 14:03:01 
TT 686 003.8  47.5 002.2  22.4 1.19E-05 010.4 220.7 -07.6 0.054146 0.089219 0.206767 hargrave 2018-02-12 15:24:29 
TT 686 004.7  46.5 002.9  21.4 1.17E-05 010.0 221.8 -07.2 0.050220 0.070690 0.197477 hargrave 2018-02-12 17:50:43 
TT 686 006.0  43.1 004.1  18.1 1.18E-05 010.0 225.4 -07.2 0.051177 0.081552 0.200199 hargrave 2018-02-13 08:14:16 
TT 688 204.3  28.8 215.6  50.3 1.35E-05 009.4 119.0 -00.8 0.055831 0.070517 0.213363 hargrave 2018-02-26 11:17:39 
TT 688 203.7  26.4 213.8  48.2 1.39E-05 012.2 116.6 -00.5 0.058608 0.088938 0.288435 hargrave 2018-02-26 14:10:55 
TT 690 012.7  38.3 009.8  13.7 1.36E-05 013.0 231.1 -03.1 0.062876 0.074704 0.306191 hargrave 2018-02-28 11:53:45 
TT 690 007.0  40.6 005.0  15.6 1.30E-05 010.5 228.0 -07.1 0.053754 0.079275 0.235748 hargrave 2018-02-28 16:15:39 
