TR035 -FFa mag compass orientation (IGRF corrected)
   7.47 208.3  70.0 279.3  19.5   1.0
NRM    056.5  54.9 042.6  39.9 3.93E-05 001.7 216.8  32.4 0.036848 0.082629 0.080207 hargrave 2017-10-13 20:14:45 
TT 100 057.9  54.8 043.7  40.0 3.86E-05 001.6 216.8  33.2 0.037062 0.091313 0.079726 hargrave 2017-10-15 20:14:03 
TT 200 058.2  54.7 043.9  40.0 3.85E-05 002.4 216.8  33.3 0.115364 0.094713 0.074131 hargrave 2017-10-16 14:20:56 
TT 300 059.2  55.6 044.2  41.0 3.76E-05 003.1 215.7  33.7 0.125356 0.145769 0.064056 hargrave 2017-10-17 11:10:29 
TT 350 058.2  52.8 044.7  38.2 3.77E-05 002.1 219.0  33.7 0.051982 0.123630 0.054859 hargrave 2017-10-18 09:17:13 
TT 400 058.8  52.7 045.2  38.2 3.72E-05 001.4 219.1  34.1 0.048458 0.064457 0.052461 hargrave 2017-10-20 16:54:59 
TT 450 059.9  52.6 046.0  38.3 3.64E-05 001.7 219.1  34.8 0.028680 0.087120 0.057561 hargrave 2017-10-23 11:32:46 
TT 475 060.8  53.4 046.4  39.2 3.60E-05 001.4 218.0  35.2 0.038078 0.062489 0.046322 hargrave 2017-10-24 08:58:06 
TT 500 061.2  54.1 046.4  40.0 3.56E-05 001.4 217.1  35.2 0.030837 0.076849 0.052716 hargrave 2017-10-25 08:36:53 
TT 525 061.1  52.5 047.0  38.4 3.51E-05 001.4 219.0  35.6 0.048427 0.057876 0.048423 hargrave 2017-10-26 19:04:11 
TT 550 060.9  50.8 047.5  36.9 3.47E-05 001.7 221.0  35.8 0.058439 0.074776 0.045490 hargrave 2017-10-27 16:59:28 
TT 555 061.0  51.6 047.3  37.6 3.43E-05 002.6 220.1  35.7 0.099121 0.125420 0.054881 hargrave 2017-10-28 19:28:56 
TT 560 061.1  53.5 046.6  39.4 3.36E-05 002.1 217.8  35.3 0.054286 0.082532 0.078618 hargrave 2017-11-03 15:09:04 
TT 565 059.2  51.2 046.1  36.9 3.37E-05 003.3 220.8  34.7 0.049199 0.220717 0.074415 hargrave 2017-11-05 14:01:59 
TT 570 062.4  54.3 047.1  40.4 3.32E-05 002.6 216.6  35.8 0.108079 0.086164 0.078128 hargrave 2017-11-09 11:35:16 
TT 575 060.7  51.5 047.1  37.4 3.31E-05 002.1 220.3  35.5 0.068683 0.070054 0.071338 hargrave 2017-11-09 20:25:43 
TT 580 059.7  51.9 046.2  37.6 3.29E-05 002.3 220.0  34.8 0.068756 0.077011 0.092874 hargrave 2017-11-14 16:12:30 
TT 600 061.4  51.0 047.8  37.1 3.33E-05 004.2 220.8  36.1 0.154163 0.189318 0.046309 hargrave 2017-11-17 15:25:18 
TT 620 063.6  52.9 048.6  39.4 3.22E-05 002.2 217.9  36.9 0.067155 0.094546 0.056590 hargrave 2017-11-19 14:43:11 
TT 630 063.8  51.0 049.6  37.6 3.08E-05 001.7 220.3  37.5 0.051645 0.047563 0.064645 hargrave 2017-11-21 13:56:05 
TT 640 063.7  50.6 049.7  37.3 3.00E-05 002.3 220.7  37.6 0.083311 0.080587 0.045519 hargrave 2017-11-27 13:13:35 
TT 645 064.1  51.5 049.6  38.1 2.91E-05 001.6 219.6  37.6 0.064031 0.057048 0.047217 hargrave 2017-11-28 12:08:26 
TT 650 062.4  50.6 048.7  36.9 3.02E-05 001.7 221.0  36.8 0.055000 0.026589 0.086958 hargrave 2017-12-08 17:51:26 
TT 655 069.9  51.3 054.1  39.3 2.85E-05 001.5 218.4  41.1 0.061594 0.037740 0.064927 hargrave 2017-12-11 18:34:12 
TT 660 061.4  51.4 047.7  37.5 2.92E-05 001.4 220.2  36.0 0.063533 0.048719 0.069795 hargrave 2017-12-12 19:12:07 
TT 665 069.5  56.1 051.2  43.6 2.72E-05 002.7 212.7  39.0 0.074457 0.088367 0.064237 hargrave 2018-01-08 17:48:48 
TT 670 066.2  54.3 049.8  41.3 2.70E-05 003.1 215.7  37.9 0.112074 0.071412 0.090322 hargrave 2018-01-11 09:53:18 
TT 672 074.2  55.3 055.1  43.9 2.65E-05 002.5 212.1  41.8 0.068122 0.070294 0.081162 hargrave 2018-01-12 09:49:09 
TT 674 073.9  57.5 053.6  45.9 2.60E-05 003.1 209.6  40.5 0.076576 0.093764 0.084481 hargrave 2018-01-16 16:57:50 
TT 676 078.7  52.2 060.2  42.3 2.44E-05 004.0 213.9  45.6 0.081692 0.138827 0.069105 hargrave 2018-01-17 16:56:18 
TT 678 054.2  49.5 043.0  34.3 2.92E-05 003.9 223.4  31.8 0.077303 0.186353 0.104823 hargrave 2018-01-24 13:49:31 
TT 680 088.4  47.4 070.5  40.7 1.99E-05 004.4 214.4  53.4 0.077277 0.115959 0.099522 hargrave 2018-01-27 10:31:29 
TT 682 055.5  42.9 046.1  28.2 2.39E-05 003.8 231.1  33.2 0.086576 0.086062 0.111287 hargrave 2018-01-31 18:10:39 
TT 684 070.5  53.5 053.4  41.5 1.99E-05 004.9 215.5  40.6 0.077670 0.102324 0.121190 hargrave 2018-02-05 20:42:37 
TT 686 050.0  36.4 043.4  20.8 1.57E-05 006.3 238.6  28.8 0.084476 0.102724 0.125925 hargrave 2018-02-12 11:32:05 
TT 688 106.1  34.5 092.5  34.6 8.81E-06 008.2 214.0  71.9 0.057251 0.083867 0.135903 hargrave 2018-02-26 11:51:11 
TT 688 109.8  33.0 096.7  34.4 8.49E-06 018.1 208.6  74.9 0.096361 0.193994 0.264336 hargrave 2018-02-26 14:37:54 
TT 690 045.6  53.7 035.3  36.9 5.79E-06 028.7 219.1  26.2 0.069671 0.163782 0.263345 hargrave 2018-02-28 12:34:01 
TT 690 043.3  58.9 032.0  41.6 5.00E-06 030.4 213.3  24.7 0.076593 0.161120 0.234985 hargrave 2018-02-28 16:53:15 
