TR035 -JJa mag compass orientation (IGRF corrected)
   7.88 177.3  76.0 279.3  19.5   1.0
NRM    036.8  71.2 023.6  52.9 3.48E-05 004.8 195.9  25.3 0.087361 0.276095 0.063261 hargrave 2017-10-13 20:22:55 
TT 100 039.0  72.2 024.2  54.0 3.43E-05 003.5 194.6  25.3 0.074120 0.197664 0.065875 hargrave 2017-10-15 20:20:17 
TT 200 043.9  74.5 025.3  56.6 3.40E-05 003.0 191.7  24.9 0.056942 0.158523 0.063258 hargrave 2017-10-16 14:29:40 
TT 300 045.9  74.8 026.0  57.1 3.38E-05 002.5 191.0  25.1 0.058023 0.124711 0.060000 hargrave 2017-10-17 11:19:12 
TT 350 049.0  75.6 026.9  58.1 3.35E-05 002.1 189.8  25.1 0.058650 0.097481 0.054426 hargrave 2017-10-18 09:25:57 
TT 400 042.5  73.7 025.2  55.7 3.31E-05 001.8 192.7  25.2 0.044024 0.078307 0.056314 hargrave 2017-10-20 17:02:09 
TT 450 044.2  74.4 025.5  56.6 3.28E-05 002.4 191.7  25.0 0.044385 0.123334 0.055188 hargrave 2017-10-23 11:40:21 
TT 475 055.4  76.6 028.6  59.7 3.24E-05 002.2 187.7  25.2 0.052017 0.112236 0.041567 hargrave 2017-10-24 09:05:42 
TT 500 052.0  76.1 027.6  58.9 3.20E-05 002.1 188.8  25.1 0.047553 0.104005 0.046779 hargrave 2017-10-25 08:44:04 
TT 525 048.1  75.1 026.8  57.6 3.17E-05 001.5 190.3  25.3 0.038542 0.056862 0.047546 hargrave 2017-10-26 19:12:56 
TT 550 049.9  75.7 027.1  58.3 3.13E-05 003.6 189.5  25.1 0.059659 0.181552 0.050619 hargrave 2017-10-27 17:07:29 
TT 555 042.4  73.4 025.3  55.4 3.06E-05 005.7 192.9  25.4 0.118382 0.278554 0.057532 hargrave 2017-10-28 19:35:08 
TT 560 052.1  76.7 027.2  59.4 3.01E-05 005.0 188.4  24.7 0.063808 0.246038 0.076483 hargrave 2017-11-03 15:17:32 
TT 565 052.7  76.5 027.6  59.3 2.98E-05 004.5 188.4  25.0 0.063425 0.215800 0.073237 hargrave 2017-11-05 14:09:37 
TT 570 047.6  75.5 026.3  57.9 2.98E-05 002.2 190.2  24.9 0.051774 0.078720 0.072380 hargrave 2017-11-09 11:42:56 
TT 575 045.0  74.8 025.6  57.0 2.93E-05 002.0 191.2  24.9 0.049305 0.067772 0.067268 hargrave 2017-11-09 20:32:57 
TT 580 052.4  76.8 027.2  59.6 2.92E-05 002.9 188.2  24.7 0.059619 0.113217 0.087660 hargrave 2017-11-14 16:20:08 
TT 600 051.5  75.8 027.7  58.6 2.94E-05 006.2 189.1  25.3 0.071157 0.310306 0.047445 hargrave 2017-11-17 15:32:55 
TT 620 045.1  75.5 025.2  57.7 2.83E-05 005.2 190.7  24.5 0.069841 0.248748 0.043586 hargrave 2017-11-19 14:50:51 
TT 630 054.5  75.9 028.9  59.0 2.78E-05 002.7 188.4  25.7 0.033867 0.121310 0.046128 hargrave 2017-11-21 14:03:38 
TT 640 058.1  76.9 029.4  60.3 2.72E-05 002.0 187.0  25.3 0.033578 0.079658 0.042030 hargrave 2017-11-27 13:21:20 
TT 645 056.3  75.4 030.1  58.8 2.69E-05 001.7 188.3  26.3 0.035836 0.065088 0.045243 hargrave 2017-11-28 12:16:06 
TT 650 061.2  79.0 028.3  62.3 2.65E-05 001.7 185.3  23.8 0.045197 0.043044 0.063901 hargrave 2017-12-08 17:58:48 
TT 655 075.3  75.8 037.6  61.7 2.71E-05 001.8 183.3  27.9 0.034650 0.080349 0.043919 hargrave 2017-12-11 18:41:32 
TT 660 048.2  77.0 025.4  59.3 2.58E-05 003.1 188.9  23.9 0.033794 0.132442 0.054736 hargrave 2017-12-12 19:21:08 
TT 665 065.9  75.7 033.8  60.2 2.70E-05 002.4 185.8  27.2 0.036607 0.098008 0.050976 hargrave 2018-01-08 17:57:08 
TT 670 080.8  81.4 030.1  66.4 2.39E-05 002.7 181.0  22.6 0.035251 0.065656 0.100408 hargrave 2018-01-11 10:02:31 
TT 672 053.0  73.8 029.9  56.9 2.44E-05 003.8 190.2  27.1 0.043991 0.149366 0.085434 hargrave 2018-01-12 09:58:23 
TT 674 040.7  81.0 019.5  62.4 2.35E-05 004.6 187.0  20.1 0.031183 0.179648 0.057385 hargrave 2018-01-16 17:05:19 
TT 676 051.8  65.1 034.9  48.7 2.31E-05 014.8 197.0  33.5 0.161191 0.581047 0.089311 hargrave 2018-01-17 17:05:28 
TT 676 065.5  68.8 040.3  54.3 2.42E-05 003.8 189.3  33.4 0.054725 0.061111 0.160181 hargrave 2018-01-22 09:45:21 
TT 678 068.3  80.8 027.9  64.6 2.18E-05 007.1 183.2  22.6 0.025810 0.256134 0.091885 hargrave 2018-01-24 13:55:40 
TT 678 114.3  80.2 039.1  70.7 2.20E-05 003.6 175.2  22.7 0.042863 0.076788 0.110897 hargrave 2018-01-24 15:43:18 
TT 680 077.9  70.6 045.1  58.1 2.07E-05 002.6 183.7  33.1 0.048802 0.082944 0.056353 hargrave 2018-01-27 10:39:47 
TT 682 063.4  82.4 024.2  65.3 1.74E-05 005.4 183.3  20.9 0.047968 0.141914 0.076690 hargrave 2018-01-31 18:18:55 
TT 684 052.8  65.7 035.2  49.4 1.75E-05 003.4 196.2  33.4 0.047798 0.061295 0.092893 hargrave 2018-02-05 20:51:43 
TT 686 013.7  84.1 010.4  64.6 1.11E-05 008.6 185.9  15.6 0.068835 0.106707 0.122038 hargrave 2018-02-12 11:39:33 
TT 686 022.6  85.0 012.1  65.6 1.10E-05 011.5 184.7  16.1 0.066300 0.149410 0.157120 hargrave 2018-02-12 15:35:18 
TT 686 041.6  87.4 013.1  68.2 1.09E-05 010.1 182.0  15.8 0.061440 0.099967 0.157280 hargrave 2018-02-12 18:01:30 
TT 686 039.0  83.1 017.1  64.3 1.08E-05 010.1 185.4  18.5 0.075398 0.056505 0.170459 hargrave 2018-02-13 08:24:57 
TT 688 079.5  46.1 064.0  36.9 7.11E-06 007.5 190.0  57.2 0.025785 0.060591 0.119592 hargrave 2018-02-26 11:57:16 
TT 690 192.0  47.0 194.0  66.4 2.87E-06 045.0 138.7  00.5 0.116442 0.154228 0.214257 hargrave 2018-02-28 12:41:27 
TT 690 198.4  40.0 203.0  59.1 3.26E-06 038.9 134.0 -06.5 0.100155 0.148842 0.193661 hargrave 2018-02-28 16:59:38 
