TR035 -Qa sun compass orientation
   4.53  70.2  76.0 279.3  19.5   1.0
NRM    192.0  22.8 192.7  42.2 1.58E-05 001.8 220.7 -41.8 0.034926 0.033930 0.027338 hargrave 2017-10-13 19:48:35 
TT 100 190.3  24.1 190.5  43.6 1.53E-05 002.6 218.0 -41.9 0.049471 0.045220 0.021202 hargrave 2017-10-15 19:55:31 
TT 200 193.2  21.8 194.1  41.3 1.50E-05 001.9 222.6 -41.7 0.035035 0.034499 0.022633 hargrave 2017-10-16 13:57:04 
TT 300 193.4  22.5 194.4  42.0 1.47E-05 002.8 222.2 -41.1 0.043279 0.058152 0.024639 hargrave 2017-10-17 10:47:24 
TT 350 192.5  23.7 193.3  43.1 1.45E-05 001.6 220.3 -40.9 0.033528 0.023870 0.023821 hargrave 2017-10-18 08:55:08 
TT 400 195.0  21.9 196.4  41.3 1.41E-05 002.9 224.1 -40.4 0.047811 0.053775 0.021297 hargrave 2017-10-20 16:34:09 
TT 450 195.5  22.0 197.0  41.3 1.35E-05 002.3 224.5 -40.1 0.036758 0.037227 0.021956 hargrave 2017-10-23 11:09:54 
TT 475 196.7  21.1 198.4  40.4 1.33E-05 001.6 226.3 -39.9 0.028180 0.026821 0.018769 hargrave 2017-10-24 08:35:08 
TT 500 196.6  21.5 198.3  40.8 1.31E-05 001.6 225.8 -39.6 0.025768 0.028290 0.019683 hargrave 2017-10-25 08:15:18 
TT 525 197.5  21.1 199.3  40.4 1.28E-05 001.3 226.9 -39.3 0.023825 0.021402 0.016308 hargrave 2017-10-26 18:42:29 
TT 550 199.0  18.9 201.0  38.1 1.24E-05 003.2 230.3 -39.6 0.051117 0.047657 0.018354 hargrave 2017-10-27 16:38:40 
TT 555 199.4  18.9 201.5  38.1 1.21E-05 001.9 230.5 -39.3 0.034808 0.017650 0.022715 hargrave 2017-10-28 19:11:23 
TT 560 200.5  18.0 202.6  37.1 1.17E-05 005.0 232.3 -39.0 0.079749 0.060984 0.029415 hargrave 2017-11-03 14:47:01 
TT 565 200.8  18.8 203.1  37.8 1.16E-05 004.6 231.7 -38.3 0.072578 0.052868 0.032210 hargrave 2017-11-05 13:39:59 
TT 570 200.5  19.7 202.9  38.8 1.17E-05 002.4 230.6 -37.9 0.034522 0.030118 0.026229 hargrave 2017-11-09 11:13:08 
TT 575 201.4  18.4 203.8  37.4 1.16E-05 003.5 232.5 -38.0 0.051913 0.046073 0.026877 hargrave 2017-11-09 20:05:09 
TT 580 201.2  18.4 203.6  37.4 1.14E-05 002.7 232.4 -38.2 0.038236 0.026317 0.032316 hargrave 2017-11-14 15:50:10 
TT 600 204.1  14.8 206.5  33.6 1.15E-05 004.5 238.2 -37.9 0.077530 0.047035 0.020833 hargrave 2017-11-17 15:02:27 
TT 620 205.9  16.3 208.8  34.9 1.06E-05 003.5 237.7 -35.6 0.054664 0.024625 0.028160 hargrave 2017-11-19 14:20:20 
TT 630 204.9  16.4 207.7  35.0 1.01E-05 002.3 237.0 -36.4 0.024401 0.019943 0.029614 hargrave 2017-11-21 13:34:07 
TT 640 200.4  14.6 202.2  33.7 9.89E-06 003.0 235.9 -41.1 0.028322 0.020422 0.046175 hargrave 2017-11-27 12:51:19 
TT 645 203.6  25.8 207.5  44.5 1.07E-05 003.7 226.9 -32.0 0.044026 0.017914 0.059018 hargrave 2017-11-28 11:45:54 
TT 650 212.4  26.7 218.6  44.3 1.45E-05 004.7 231.1 -25.0 0.081169 0.020692 0.088093 hargrave 2017-12-08 17:29:56 
TT 655 171.7  19.0 168.2  37.4 7.27E-06 006.2 199.3 -55.1 0.036694 0.020974 0.092946 hargrave 2017-12-11 18:11:59 
TT 660 204.4  45.6 213.9  64.0 1.26E-05 004.8 210.9 -18.3 0.054966 0.043094 0.092460 hargrave 2017-12-12 18:50:37 
TT 665 160.4  39.7 147.9  55.8 1.06E-05 005.6 180.2 -36.3 0.045572 0.071863 0.084924 hargrave 2018-01-08 17:26:36 
TT 670 194.6  42.4 197.7  61.8 1.57E-05 006.7 207.5 -25.3 0.140065 0.098582 0.090418 hargrave 2018-01-11 09:29:36 
TT 672 125.3  29.0 113.6  35.9 8.71E-06 007.9 142.2 -35.4 0.087538 0.054603 0.076343 hargrave 2018-01-12 09:26:58 
TT 674 210.8  42.4 222.0  59.9 1.56E-05 004.5 216.6 -16.9 0.065750 0.062502 0.107899 hargrave 2018-01-16 16:35:52 
TT 676 135.6  37.7 119.7  47.2 1.14E-05 006.1 156.8 -33.4 0.055606 0.073483 0.097030 hargrave 2018-01-17 16:32:38 
TT 678 187.0  58.1 183.5  77.5 1.25E-05 006.9 194.2 -14.6 0.057114 0.066739 0.130188 hargrave 2018-01-24 13:31:49 
TT 680 094.6  16.8 089.2  14.3 1.23E-05 006.2 113.4 -18.3 0.059533 0.085917 0.099930 hargrave 2018-01-27 10:09:31 
TT 682 232.6  39.0 248.1  51.4 1.30E-05 007.9 228.0 -04.3 0.083172 0.086318 0.149609 hargrave 2018-01-31 17:47:49 
TT 684 064.5 -19.4 072.2 -29.5 1.29E-05 008.1 069.8  00.6 0.077701 0.081978 0.170112 hargrave 2018-02-05 20:18:18 
TT 684 059.4 -27.9 070.2 -39.1 1.26E-05 008.3 060.4  02.7 0.064081 0.070420 0.175188 hargrave 2018-02-06 12:37:27 
TT 684 060.3 -26.2 070.4 -37.2 1.27E-05 008.8 062.2  02.5 0.083658 0.052941 0.178582 hargrave 2018-02-06 15:49:46 
TT 686 213.5  61.7 248.9  77.0 9.52E-06 010.7 202.4 -03.6 0.055094 0.107247 0.148743 hargrave 2018-02-12 11:10:08 
TT 686 214.6  63.4 255.8  78.0 8.77E-06 013.6 201.3 -02.1 0.054572 0.082182 0.196234 hargrave 2018-02-12 14:05:38 
TT 686 211.0  63.3 249.5  78.9 8.99E-06 014.4 200.4 -03.4 0.048378 0.112125 0.206157 hargrave 2018-02-12 15:27:43 
TT 686 211.2  63.5 250.4  79.0 8.70E-06 014.8 200.4 -03.2 0.051391 0.106312 0.202677 hargrave 2018-02-12 17:53:54 
TT 686 218.7  61.3 256.1  75.1 8.10E-06 014.9 204.2 -01.8 0.057013 0.079289 0.202767 hargrave 2018-02-13 08:17:28 
TT 688 030.4 -52.5 048.4 -69.6 1.16E-05 009.3 028.4  10.7 0.045840 0.068964 0.183928 hargrave 2018-02-26 11:32:24 
TT 688 032.0 -52.6 051.1 -69.4 1.21E-05 016.9 029.0  09.9 0.084283 0.180732 0.359646 hargrave 2018-02-26 14:22:12 
TT 690 112.5  75.0 052.6  68.5 7.64E-06 029.8 169.0  03.7 0.079404 0.189447 0.387110 hargrave 2018-02-28 12:12:06 
TT 690 113.0  66.9 069.3  63.9 7.35E-06 027.6 163.3 -02.1 0.077769 0.179755 0.330384 hargrave 2018-02-28 16:32:42 
