TR035 -Ta sun compass orientation
   5.16 243.1  87.0 279.3  19.5   1.0
NRM    227.8  78.5 334.8  77.4 3.66E-05 002.0 168.9  06.0 0.044891 0.117567 0.068006 hargrave 2017-10-13 19:54:16 
TT 100 220.5  79.1 339.9  78.4 3.59E-05 004.0 169.8  07.1 0.029446 0.242016 0.068461 hargrave 2017-10-15 19:59:07 
TT 200 221.3  77.9 334.1  78.8 3.56E-05 001.6 168.6  07.4 0.044583 0.082016 0.066484 hargrave 2017-10-16 14:02:51 
TT 300 219.1  76.6 329.1  79.8 3.54E-05 002.5 167.7  08.3 0.040779 0.146372 0.068696 hargrave 2017-10-17 10:51:38 
TT 350 214.3  78.3 340.1  79.9 3.54E-05 002.7 169.6  08.6 0.034585 0.157755 0.057228 hargrave 2017-10-18 08:59:20 
TT 400 210.4  76.7 335.4  81.5 3.48E-05 001.6 168.7  10.1 0.048269 0.079207 0.059008 hargrave 2017-10-20 16:38:24 
TT 450 209.4  76.2 333.6  82.0 3.43E-05 001.3 168.4  10.5 0.048245 0.058513 0.051267 hargrave 2017-10-23 11:14:29 
TT 475 208.6  75.5 330.0  82.5 3.41E-05 001.7 167.9  11.1 0.044099 0.099264 0.045650 hargrave 2017-10-24 08:39:39 
TT 500 208.8  74.6 323.2  82.9 3.39E-05 001.4 167.0  11.5 0.060761 0.070297 0.048459 hargrave 2017-10-25 08:19:33 
TT 525 207.7  74.1 321.0  83.4 3.36E-05 001.4 166.8  12.0 0.046328 0.078284 0.043551 hargrave 2017-10-26 18:46:49 
TT 550 204.9  74.2 324.6  84.0 3.33E-05 004.2 167.3  12.6 0.037021 0.242527 0.043691 hargrave 2017-10-27 16:42:54 
TT 555 202.2  73.9 325.7  84.8 3.28E-05 004.8 167.5  13.4 0.042930 0.274550 0.065456 hargrave 2017-10-28 19:14:57 
TT 560 203.7  73.7 322.1  84.6 3.19E-05 006.2 167.2  13.2 0.048213 0.337825 0.079474 hargrave 2017-11-03 14:51:31 
TT 565 203.8  74.1 325.0  84.3 3.17E-05 004.2 167.4  12.9 0.032251 0.223186 0.081035 hargrave 2017-11-05 13:44:28 
TT 570 202.5  74.4 330.0  84.4 3.17E-05 001.8 167.9  13.0 0.056629 0.067097 0.075266 hargrave 2017-11-09 11:17:38 
TT 575 204.3  73.3 317.6  84.6 3.15E-05 002.1 166.7  13.3 0.060021 0.080733 0.081151 hargrave 2017-11-09 20:09:22 
TT 580 204.8  72.7 311.0  84.7 3.13E-05 002.1 166.1  13.5 0.050734 0.078510 0.086000 hargrave 2017-11-14 15:54:45 
TT 600 197.3  73.8 335.9  85.9 3.15E-05 003.8 168.4  14.5 0.037728 0.207697 0.044698 hargrave 2017-11-17 15:06:58 
TT 620 199.3  70.8 289.1  86.7 3.00E-05 005.5 165.7  16.1 0.051035 0.284085 0.050936 hargrave 2017-11-19 14:24:49 
TT 630 197.5  69.3 260.8  87.0 2.97E-05 001.2 165.0  17.5 0.048585 0.050048 0.051098 hargrave 2017-11-21 13:38:39 
TT 640 185.2  73.5 030.1  86.7 2.97E-05 001.4 170.9  16.9 0.047655 0.061337 0.047156 hargrave 2017-11-27 12:55:53 
TT 645 198.0  68.2 246.5  86.2 2.87E-05 001.3 164.0  18.1 0.043301 0.054672 0.050126 hargrave 2017-11-28 11:50:38 
TT 650 170.5  74.8 053.2  83.0 2.94E-05 002.3 175.3  17.5 0.022947 0.055247 0.114493 hargrave 2017-12-08 17:34:22 
TT 655 203.9  60.4 227.3  78.3 2.74E-05 001.8 155.8  20.9 0.030765 0.052816 0.082560 hargrave 2017-12-11 18:16:26 
TT 660 189.0  71.0 018.3  89.5 2.97E-05 001.7 168.4  18.2 0.053737 0.062618 0.084495 hargrave 2017-12-12 18:55:04 
TT 665 189.8  71.9 003.0  88.6 2.96E-05 002.9 168.8  17.4 0.059482 0.145990 0.087964 hargrave 2018-01-08 17:31:06 
TT 670 179.0  74.5 041.9  84.9 2.78E-05 002.5 173.0  16.9 0.068388 0.097145 0.102081 hargrave 2018-01-11 09:34:14 
TT 672 218.0  53.8 241.6  69.0 2.37E-05 001.9 146.0  17.0 0.078600 0.072868 0.084772 hargrave 2018-01-12 09:31:36 
TT 674 146.3  72.8 069.5  76.6 2.00E-05 003.0 182.1  20.0 0.037507 0.072017 0.084499 hargrave 2018-01-16 16:40:24 
TT 676 223.5  48.3 243.5  62.6 1.70E-05 003.3 139.5  15.2 0.053256 0.087428 0.082549 hargrave 2018-01-17 16:37:11 
TT 678 082.0  43.4 067.3  35.1 1.16E-05 006.2 225.6  15.7 0.065178 0.067737 0.099774 hargrave 2018-01-24 13:35:29 
TT 680 245.7  38.5 262.2  47.0 8.94E-06 006.7 128.5 -00.2 0.049042 0.076844 0.094163 hargrave 2018-01-27 10:14:01 
TT 682 062.4  48.9 049.4  35.3 8.24E-06 010.9 221.2  01.8 0.051971 0.094621 0.128075 hargrave 2018-01-31 17:52:25 
TT 682 064.1  49.6 050.5  36.4 7.50E-06 012.6 220.5  02.9 0.039920 0.088819 0.147967 hargrave 2018-02-02 11:42:00 
TT 682 064.4  49.0 050.9  35.9 7.44E-06 012.9 221.0  03.1 0.038880 0.093274 0.148253 hargrave 2018-02-02 13:18:31 
TT 684 351.6  69.7 359.7  50.7 6.29E-06 014.6 186.6 -16.3 0.042364 0.097447 0.134212 hargrave 2018-02-05 20:22:47 
TT 684 000.6  68.8 004.5  49.5 5.38E-06 015.0 190.0 -15.7 0.045804 0.061313 0.142312 hargrave 2018-02-06 12:41:39 
TT 684 006.8  67.2 007.9  47.7 5.37E-06 015.6 192.9 -15.9 0.042747 0.083148 0.135803 hargrave 2018-02-06 15:54:02 
TT 686 065.0  02.4 065.8 -08.5 9.90E-06 006.9 267.7  02.0 0.035631 0.069896 0.108931 hargrave 2018-02-12 11:14:39 
TT 688 034.9  53.1 027.8  35.0 4.99E-06 013.2 213.0 -13.9 0.038432 0.048865 0.118382 hargrave 2018-02-26 11:35:59 
TT 688 030.9  55.7 024.4  37.1 4.78E-06 027.4 209.6 -14.9 0.051768 0.115468 0.241360 hargrave 2018-02-26 14:24:38 
TT 690 057.8  26.9 052.7  13.2 7.25E-06 021.3 242.8 -03.3 0.038378 0.146129 0.271490 hargrave 2018-02-28 12:16:36 
TT 690 053.3  27.2 048.6  12.5 6.92E-06 019.5 242.1 -07.3 0.039264 0.142346 0.243241 hargrave 2018-02-28 16:37:13 
