TR035 -Ra mag compass orientation (IGRF corrected)
   4.69 264.3  73.0 279.3  19.5   1.0
NRM    045.0  19.6 042.7  03.5 2.28E-05 003.9 235.8 -28.2 0.062459 0.186749 0.047273 hargrave 2017-10-13 19:50:58 
TT 100 046.8  18.1 044.7  02.3 2.21E-05 004.3 238.3 -27.6 0.114968 0.137785 0.048602 hargrave 2017-10-15 19:56:41 
TT 200 049.0  17.6 046.9  02.3 2.27E-05 005.8 240.0 -26.0 0.050549 0.415048 0.046810 hargrave 2017-10-16 13:59:15 
TT 300 046.6  18.9 044.3  03.1 2.15E-05 002.9 237.3 -27.3 0.066792 0.085108 0.042753 hargrave 2017-10-17 10:48:46 
TT 350 046.9  18.3 044.8  02.6 2.13E-05 001.9 238.1 -27.3 0.036068 0.051426 0.044719 hargrave 2017-10-18 08:56:30 
TT 400 047.6  17.5 045.5  01.9 2.10E-05 001.7 239.3 -27.2 0.035280 0.051150 0.032092 hargrave 2017-10-20 16:35:32 
TT 450 048.4  17.5 046.3  02.1 2.06E-05 001.4 239.7 -26.5 0.030859 0.049599 0.022571 hargrave 2017-10-23 11:11:22 
TT 475 048.8  17.4 046.7  02.1 2.04E-05 002.4 240.0 -26.3 0.071789 0.054355 0.025707 hargrave 2017-10-24 08:36:35 
TT 500 049.3  16.9 047.3  01.7 2.03E-05 001.7 240.8 -26.0 0.039408 0.051880 0.026355 hargrave 2017-10-25 08:16:40 
TT 525 050.0  15.9 048.1  00.8 2.02E-05 001.7 242.2 -26.0 0.042183 0.051726 0.024597 hargrave 2017-10-26 18:43:51 
TT 550 050.2  15.9 048.4  00.9 2.02E-05 004.5 242.2 -25.8 0.126732 0.111360 0.026203 hargrave 2017-10-27 16:40:03 
TT 555 050.5  15.6 048.6  00.7 1.97E-05 002.4 242.6 -25.7 0.073612 0.045505 0.033790 hargrave 2017-10-28 19:12:32 
TT 560 051.4  13.5 050.0 -01.2 1.93E-05 005.8 245.2 -25.9 0.176740 0.071491 0.048170 hargrave 2017-11-03 14:48:28 
TT 565 050.0  16.9 047.9  01.8 1.92E-05 005.7 241.1 -25.6 0.175568 0.072314 0.046923 hargrave 2017-11-05 13:41:26 
TT 570 050.8  16.1 048.9  01.2 1.91E-05 002.2 242.3 -25.2 0.036510 0.059569 0.042689 hargrave 2017-11-09 11:14:36 
TT 575 050.9  16.3 048.9  01.4 1.91E-05 002.9 242.2 -25.0 0.079097 0.054415 0.044278 hargrave 2017-11-09 20:06:31 
TT 580 050.6  16.3 048.7  01.4 1.92E-05 003.0 242.0 -25.2 0.079508 0.048525 0.051798 hargrave 2017-11-14 15:51:38 
TT 600 050.9  16.6 048.8  01.7 1.92E-05 004.9 241.9 -24.9 0.147830 0.080258 0.028955 hargrave 2017-11-17 15:03:55 
TT 620 054.1  13.6 052.5 -00.5 1.87E-05 004.1 246.3 -23.5 0.122684 0.054098 0.035334 hargrave 2017-11-19 14:21:47 
TT 630 053.3  13.4 051.8 -00.8 1.81E-05 001.8 246.1 -24.3 0.046464 0.028437 0.036180 hargrave 2017-11-21 13:35:37 
TT 640 057.2  14.1 055.3  00.7 1.93E-05 002.4 247.2 -20.6 0.057751 0.050318 0.048901 hargrave 2017-11-27 12:52:47 
TT 645 047.3  18.3 045.1  02.6 1.61E-05 002.8 238.4 -27.0 0.061528 0.026865 0.061326 hargrave 2017-11-28 11:47:29 
TT 650 054.2  19.7 051.2  05.4 2.30E-05 003.4 240.6 -20.7 0.072076 0.057923 0.108724 hargrave 2017-12-08 17:31:22 
TT 655 058.6  14.7 056.4  01.7 2.38E-05 002.9 247.2 -19.1 0.049567 0.055691 0.101401 hargrave 2017-12-11 18:13:26 
TT 660 070.0 -04.1 072.7 -13.3 2.08E-05 005.0 269.8 -14.8 0.141705 0.067383 0.100501 hargrave 2017-12-12 18:52:04 
TT 665 062.0  13.7 060.0  01.6 2.73E-05 003.5 249.6 -16.4 0.133321 0.060026 0.098977 hargrave 2018-01-08 17:28:03 
TT 670 090.2 -17.3 096.7 -19.4 1.97E-05 005.3 288.3  00.4 0.171521 0.024490 0.081990 hargrave 2018-01-11 09:31:11 
TT 672 057.0  21.1 053.4  07.4 2.86E-05 005.0 240.5 -17.7 0.218099 0.090407 0.104912 hargrave 2018-01-12 09:28:26 
TT 674 089.0 -09.7 092.8 -12.5 2.45E-05 004.1 280.6  01.6 0.092867 0.040272 0.144805 hargrave 2018-01-16 16:37:21 
TT 676 066.4  04.6 066.6 -06.1 2.28E-05 003.7 260.1 -15.6 0.066015 0.046427 0.141294 hargrave 2018-01-17 16:34:06 
TT 678 102.4 -21.8 109.7 -19.5 2.11E-05 005.5 296.5  09.6 0.120189 0.044630 0.162600 hargrave 2018-01-24 13:32:59 
TT 680 063.5  14.7 061.1  02.9 1.99E-05 006.7 249.2 -14.7 0.205969 0.066162 0.108449 hargrave 2018-01-27 10:10:58 
TT 682 159.5 -45.4 166.0 -27.9 2.31E-05 005.8 348.5  26.1 0.071213 0.093908 0.234062 hargrave 2018-01-31 17:49:17 
TT 684 084.9 -11.8 089.7 -15.9 1.67E-05 008.4 281.5 -02.9 0.103482 0.100373 0.228521 hargrave 2018-02-05 20:19:45 
TT 684 089.5 -17.5 096.1 -19.7 1.81E-05 008.4 288.2 -00.3 0.069250 0.067570 0.253642 hargrave 2018-02-06 12:38:48 
TT 684 089.0 -13.9 094.3 -16.5 1.76E-05 008.8 284.6  00.3 0.128900 0.067563 0.235305 hargrave 2018-02-06 15:51:07 
TT 686 124.2 -35.0 134.1 -25.2 2.32E-05 005.4 318.1  19.6 0.102787 0.110419 0.168832 hargrave 2018-02-12 11:11:36 
TT 688 089.1 -12.4 093.8 -15.1 2.22E-05 007.4 283.3  00.8 0.154595 0.105690 0.235401 hargrave 2018-02-26 11:33:33 
TT 690 125.9 -33.4 135.0 -23.2 2.33E-05 013.1 317.8  21.6 0.104460 0.190636 0.517583 hargrave 2018-02-28 12:13:33 
TT 690 126.5 -36.5 136.6 -26.0 2.25E-05 012.7 320.7  20.0 0.110184 0.225700 0.454161 hargrave 2018-02-28 16:34:10 
