TR035 -KKa mag compass orientation (IGRF corrected)
   8.04 183.3  84.0 279.3  19.5   1.0
NRM    256.9  57.4 289.3  59.6 3.01E-05 005.8 170.3 -25.2 0.069158 0.296572 0.056187 hargrave 2017-10-13 20:24:33 
TT 100 253.1  56.4 284.9  60.1 2.97E-05 003.8 167.8 -25.4 0.076548 0.179632 0.049669 hargrave 2017-10-15 20:21:31 
TT 200 253.1  55.3 283.5  59.2 2.96E-05 002.6 167.3 -26.5 0.053982 0.116264 0.054901 hargrave 2017-10-16 14:31:05 
TT 300 252.2  55.3 282.6  59.5 2.92E-05 002.6 166.8 -26.3 0.055858 0.117569 0.052242 hargrave 2017-10-17 11:20:37 
TT 350 253.3  55.0 283.3  58.9 2.92E-05 001.9 167.3 -26.8 0.059300 0.063797 0.051436 hargrave 2017-10-18 09:27:26 
TT 400 252.9  54.5 282.4  58.6 2.88E-05 003.5 166.8 -27.1 0.060977 0.161773 0.046982 hargrave 2017-10-20 17:03:33 
TT 450 250.9  53.9 279.9  58.8 2.84E-05 002.7 165.4 -27.2 0.042372 0.118339 0.045304 hargrave 2017-10-23 11:41:52 
TT 475 248.9  53.2 277.3  58.9 2.83E-05 001.8 163.8 -27.3 0.046869 0.069482 0.038643 hargrave 2017-10-24 09:07:13 
TT 500 249.3  53.2 277.6  58.7 2.81E-05 002.1 164.1 -27.4 0.055135 0.082927 0.040822 hargrave 2017-10-25 08:45:30 
TT 525 248.0  52.2 275.3  58.3 2.80E-05 001.9 162.7 -27.9 0.045974 0.066623 0.047853 hargrave 2017-10-26 19:14:21 
TT 550 248.0  51.9 275.1  58.1 2.76E-05 004.1 162.6 -28.2 0.077105 0.177977 0.046005 hargrave 2017-10-27 17:08:58 
TT 555 245.4  51.6 272.2  58.7 2.73E-05 002.7 160.9 -27.6 0.080394 0.065015 0.093101 hargrave 2017-10-28 19:36:20 
TT 560 242.7  50.4 268.2  58.5 2.65E-05 003.3 158.5 -27.7 0.067824 0.123212 0.061345 hargrave 2017-11-03 15:19:03 
TT 565 245.9  51.4 272.4  58.4 2.60E-05 002.9 161.0 -28.0 0.063734 0.097936 0.066357 hargrave 2017-11-05 14:11:08 
TT 570 244.9  51.0 271.1  58.4 2.62E-05 002.8 160.2 -28.0 0.058139 0.098191 0.060282 hargrave 2017-11-09 11:44:26 
TT 575 244.2  50.8 270.1  58.4 2.59E-05 002.3 159.7 -27.9 0.056788 0.062295 0.065031 hargrave 2017-11-09 20:34:22 
TT 580 244.4  51.0 270.5  58.5 2.56E-05 002.9 159.9 -27.8 0.060394 0.095558 0.066976 hargrave 2017-11-14 16:21:39 
TT 600 244.7  50.5 270.3  58.0 2.60E-05 005.2 159.8 -28.3 0.098185 0.213556 0.045742 hargrave 2017-11-17 15:34:26 
TT 620 241.3  48.7 265.0  57.5 2.58E-05 002.6 156.5 -28.6 0.064971 0.089939 0.045371 hargrave 2017-11-19 14:52:21 
TT 630 242.4  49.1 266.6  57.6 2.48E-05 002.2 157.5 -28.6 0.053786 0.071163 0.036318 hargrave 2017-11-21 14:05:08 
TT 640 241.0  49.5 265.4  58.4 2.48E-05 002.5 156.9 -27.8 0.067660 0.077356 0.043759 hargrave 2017-11-27 13:22:50 
TT 645 239.5  50.0 264.4  59.3 2.37E-05 001.8 156.4 -26.8 0.060893 0.041274 0.038279 hargrave 2017-11-28 12:17:37 
TT 650 237.3  46.4 258.6  56.8 2.46E-05 001.8 152.5 -28.6 0.049330 0.043159 0.054792 hargrave 2017-12-08 18:00:17 
TT 655 236.0  49.3 259.8  59.7 2.38E-05 001.3 153.9 -25.9 0.055101 0.032419 0.020913 hargrave 2017-12-11 18:43:01 
TT 660 238.7  47.3 261.0  57.1 2.42E-05 001.4 154.0 -28.6 0.054705 0.042045 0.020531 hargrave 2017-12-12 19:22:38 
TT 665 237.6  50.0 262.3  59.9 2.34E-05 003.1 155.4 -26.0 0.091569 0.093121 0.032547 hargrave 2018-01-08 17:58:38 
TT 670 236.4  46.4 257.6  57.1 2.41E-05 002.1 152.0 -28.2 0.060122 0.055287 0.045475 hargrave 2018-01-11 10:04:05 
TT 672 234.0  47.0 255.4  58.3 2.30E-05 003.3 151.1 -26.7 0.098284 0.093040 0.036447 hargrave 2018-01-12 09:59:55 
TT 674 236.1  46.2 257.1  57.0 2.37E-05 002.2 151.6 -28.2 0.084990 0.044473 0.034004 hargrave 2018-01-16 17:06:50 
TT 676 235.0  46.5 256.1  57.6 2.18E-05 002.3 151.2 -27.5 0.082101 0.041670 0.030308 hargrave 2018-01-17 17:07:03 
TT 678 238.3  45.5 259.1  55.7 2.19E-05 003.1 152.4 -29.8 0.161363 0.067052 0.032491 hargrave 2018-01-24 13:56:53 
TT 680 233.9  45.8 254.2  57.3 1.75E-05 004.6 150.1 -27.5 0.093751 0.104108 0.039236 hargrave 2018-01-27 10:41:22 
TT 682 235.0  44.6 254.7  55.9 1.35E-05 003.0 149.8 -28.8 0.054818 0.049806 0.024325 hargrave 2018-01-31 18:20:25 
TT 684 231.7  49.2 254.6  61.0 7.66E-06 005.2 151.6 -24.0 0.039962 0.054393 0.028610 hargrave 2018-02-05 20:53:13 
TT 686 232.5  29.5 243.2  42.5 6.64E-06 004.5 134.5 -37.2 0.028309 0.032513 0.033875 hargrave 2018-02-12 11:41:03 
TT 688 213.9  37.1 223.9  54.2 2.32E-06 005.9 133.1 -20.0 0.010171 0.008188 0.024023 hargrave 2018-02-26 11:58:29 
TT 690 221.6  21.3 228.0  37.3 2.19E-06 015.8 120.0 -32.4 0.014019 0.030402 0.053246 hargrave 2018-02-28 12:42:57 
TT 690 222.7  19.9 228.9  35.6 2.31E-06 014.3 118.9 -34.0 0.010526 0.030456 0.050346 hargrave 2018-02-28 17:02:25 
