TR035 -GGa mag compass orientation (IGRF corrected)
   7.69 198.3  81.0 279.3  19.5   1.0
NRM    060.4  63.9 040.7  49.0 4.48E-05 002.3 201.2  25.6 0.101376 0.125717 0.088752 hargrave 2017-10-13 20:16:21 
TT 100 059.1  61.7 041.2  46.7 4.38E-05 001.6 203.6  26.4 0.057754 0.087004 0.077140 hargrave 2017-10-15 20:15:15 
TT 200 063.5  64.0 042.6  49.7 4.35E-05 001.7 200.2  26.6 0.064560 0.100402 0.067263 hargrave 2017-10-16 14:22:19 
TT 300 063.5  63.6 042.8  49.3 4.28E-05 001.5 200.5  26.9 0.064684 0.073545 0.074264 hargrave 2017-10-17 11:11:52 
TT 350 062.0  62.7 042.5  48.1 4.25E-05 004.0 201.8  26.9 0.146106 0.253936 0.075204 hargrave 2017-10-18 09:18:36 
TT 400 065.0  62.8 044.3  48.8 4.17E-05 001.4 200.8  27.9 0.066729 0.071684 0.059073 hargrave 2017-10-20 16:56:22 
TT 450 067.3  63.5 045.3  49.9 4.09E-05 001.3 199.4  28.2 0.046633 0.076047 0.045510 hargrave 2017-10-23 11:34:15 
TT 475 066.1  62.4 045.3  48.6 4.07E-05 001.9 200.8  28.6 0.086034 0.098136 0.056189 hargrave 2017-10-24 08:59:35 
TT 500 068.2  62.8 046.3  49.4 4.02E-05 002.3 199.7  29.0 0.091560 0.126076 0.061244 hargrave 2017-10-25 08:38:16 
TT 525 069.3  63.1 046.7  49.9 3.98E-05 001.5 199.0  29.1 0.065749 0.066086 0.066696 hargrave 2017-10-26 19:05:34 
TT 550 069.2  63.1 046.7  49.9 3.93E-05 002.9 199.0  29.1 0.103766 0.161717 0.067139 hargrave 2017-10-27 17:00:52 
TT 555 067.9  61.2 047.2  47.9 3.84E-05 003.4 201.1  30.0 0.158642 0.141619 0.103178 hargrave 2017-10-28 19:30:07 
TT 560 069.4  63.3 046.7  50.1 3.76E-05 002.4 198.8  29.0 0.073410 0.117062 0.087233 hargrave 2017-11-03 15:10:33 
TT 565 072.1  64.4 047.6  51.6 3.71E-05 002.9 197.0  29.1 0.075559 0.150891 0.088441 hargrave 2017-11-05 14:03:28 
TT 570 067.6  62.5 046.1  49.1 3.71E-05 002.4 200.1  29.0 0.076772 0.112802 0.082770 hargrave 2017-11-09 11:36:45 
TT 575 068.1  62.3 046.6  49.0 3.69E-05 002.7 200.1  29.3 0.092428 0.105544 0.110566 hargrave 2017-11-09 20:27:10 
TT 580 068.1  63.0 046.1  49.5 3.65E-05 003.0 199.6  28.8 0.082602 0.148992 0.087739 hargrave 2017-11-14 16:14:00 
TT 600 071.6  62.8 048.4  50.1 3.71E-05 001.6 198.4  30.1 0.063794 0.070047 0.059960 hargrave 2017-11-17 15:26:50 
TT 620 070.2  62.1 048.1  49.2 3.56E-05 001.5 199.5  30.1 0.061099 0.068454 0.043749 hargrave 2017-11-19 14:44:41 
TT 630 074.7  63.1 050.2  51.0 3.47E-05 002.0 197.0  30.8 0.056988 0.101337 0.042399 hargrave 2017-11-21 13:57:33 
TT 640 075.3  62.9 050.7  51.0 3.42E-05 001.9 196.9  31.1 0.080118 0.085563 0.049922 hargrave 2017-11-27 13:15:08 
TT 645 076.2  62.4 051.7  50.7 3.36E-05 002.0 196.9  31.8 0.075695 0.087107 0.043258 hargrave 2017-11-28 12:09:56 
TT 650 073.4  62.4 049.9  50.2 3.38E-05 002.2 198.0  30.9 0.049666 0.117465 0.047457 hargrave 2017-12-08 17:52:54 
TT 655 080.7  62.6 054.4  52.0 3.23E-05 001.2 194.7  32.8 0.060705 0.040792 0.026054 hargrave 2017-12-11 18:35:39 
TT 660 071.7  62.3 048.8  49.7 3.15E-05 001.1 198.8  30.5 0.061449 0.039249 0.022920 hargrave 2017-12-12 19:13:35 
TT 665 076.9  63.0 051.6  51.5 3.22E-05 002.7 196.1  31.5 0.085756 0.125144 0.038186 hargrave 2018-01-08 17:50:17 
TT 670 075.7  66.7 047.8  54.4 3.03E-05 002.7 194.0  28.2 0.061590 0.126950 0.043587 hargrave 2018-01-11 09:54:51 
TT 672 090.6  63.0 060.4  54.8 2.89E-05 002.4 189.7  34.5 0.078120 0.099892 0.040423 hargrave 2018-01-12 09:50:43 
TT 674 077.3  64.3 050.9  52.6 3.14E-05 001.7 195.1  30.6 0.062520 0.065001 0.042282 hargrave 2018-01-16 16:59:19 
TT 676 091.1  61.9 061.8  54.0 2.88E-05 002.7 189.8  35.6 0.065325 0.121323 0.039314 hargrave 2018-01-17 16:57:47 
TT 678 075.6  63.3 050.6  51.4 2.82E-05 003.8 196.5  30.9 0.062690 0.178218 0.043988 hargrave 2018-01-24 13:50:42 
TT 680 096.5  62.1 065.1  55.6 2.62E-05 003.9 186.8  36.2 0.096368 0.161861 0.043244 hargrave 2018-01-27 10:32:58 
TT 682 072.3  60.9 050.2  48.6 2.48E-05 003.0 199.6  31.6 0.065118 0.105467 0.044297 hargrave 2018-01-31 18:12:09 
TT 684 082.0  61.4 056.3  51.2 2.26E-05 002.9 194.9  34.2 0.058451 0.082795 0.059770 hargrave 2018-02-05 20:44:06 
TT 686 056.1  58.0 041.0  42.7 1.72E-05 004.9 208.0  26.9 0.051795 0.109393 0.092989 hargrave 2018-02-12 11:33:33 
TT 688 076.6  59.2 054.2  48.1 1.23E-05 004.3 199.0  34.4 0.028418 0.057925 0.071995 hargrave 2018-02-26 11:52:22 
TT 690 046.2  50.6 036.7  33.9 7.65E-06 014.7 218.1  24.5 0.049479 0.108173 0.162521 hargrave 2018-02-28 12:35:29 
TT 690 044.8  52.1 035.2  35.2 7.45E-06 014.5 216.8  23.2 0.045684 0.120098 0.147190 hargrave 2018-02-28 16:54:45 
