TR035 -PPa mag compass orientation (IGRF corrected)
   8.31 172.3  80.0 279.3  19.5   1.0
NRM    165.5  56.0 141.6  72.2 5.27E-05 001.9 145.4  12.1 0.067946 0.134965 0.105902 hargrave 2017-10-13 20:29:11 
TT 100 166.0  56.4 141.9  72.7 5.31E-05 001.3 145.8  11.8 0.075780 0.067143 0.108583 hargrave 2017-10-15 20:24:59 
TT 200 166.9  52.7 147.9  69.5 5.24E-05 001.3 142.0  11.2 0.028009 0.069967 0.095979 hargrave 2017-10-16 14:35:06 
TT 300 167.5  53.9 147.7  70.8 5.20E-05 001.6 143.3  10.9 0.077137 0.094271 0.096766 hargrave 2017-10-17 11:24:37 
TT 350 168.0  54.4 147.9  71.3 5.19E-05 002.5 143.8  10.6 0.113912 0.167325 0.095712 hargrave 2017-10-18 09:31:24 
TT 400 168.7  50.3 153.1  67.7 5.16E-05 001.7 139.7  10.0 0.086699 0.104649 0.086067 hargrave 2017-10-20 17:07:33 
TT 450 168.6  50.6 152.7  67.9 5.16E-05 002.0 140.0  10.0 0.103024 0.133340 0.073337 hargrave 2017-10-23 11:46:07 
TT 475 169.0  49.8 153.9  67.2 5.13E-05 000.9 139.2  09.8 0.022154 0.062188 0.064584 hargrave 2017-10-24 09:11:34 
TT 500 169.1  49.6 154.3  67.1 5.11E-05 001.0 139.0  09.7 0.016409 0.064491 0.070831 hargrave 2017-10-25 08:49:30 
TT 525 169.4  50.8 153.8  68.2 5.10E-05 001.2 140.2  09.6 0.050552 0.076735 0.066014 hargrave 2017-10-26 19:19:11 
TT 550 169.1  48.9 154.7  66.4 5.05E-05 001.0 138.2  09.6 0.023154 0.069325 0.066401 hargrave 2017-10-27 17:13:45 
TT 555 168.3  47.7 154.3  65.1 4.99E-05 001.6 137.0  10.1 0.036165 0.102970 0.103503 hargrave 2017-10-28 19:39:41 
TT 560 169.4  50.6 153.9  68.1 4.88E-05 002.1 140.0  09.6 0.064408 0.113465 0.128689 hargrave 2017-11-03 15:23:20 
TT 565 169.3  48.5 155.4  66.1 4.84E-05 002.7 137.9  09.4 0.116737 0.161416 0.122977 hargrave 2017-11-05 14:15:27 
TT 570 169.8  50.1 155.1  67.6 4.85E-05 001.7 139.5  09.2 0.027514 0.080553 0.122003 hargrave 2017-11-09 11:48:44 
TT 575 170.2  47.5 157.5  65.2 4.83E-05 001.6 136.9  08.8 0.025592 0.073450 0.116488 hargrave 2017-11-09 20:39:09 
TT 580 169.2  47.7 155.8  65.2 4.78E-05 002.4 137.0  09.4 0.079624 0.103994 0.153948 hargrave 2017-11-14 16:25:56 
TT 600 170.5  47.5 157.9  65.3 4.87E-05 002.1 136.9  08.6 0.098087 0.137121 0.069469 hargrave 2017-11-17 15:38:41 
TT 620 171.1  47.4 158.9  65.3 4.73E-05 003.8 136.9  08.2 0.200723 0.231852 0.072542 hargrave 2017-11-19 14:56:37 
TT 630 171.7  46.7 160.2  64.8 4.74E-05 001.5 136.3  07.7 0.061397 0.078554 0.081678 hargrave 2017-11-21 14:09:24 
TT 640 173.0  50.5 160.0  68.6 4.51E-05 001.6 140.1  07.3 0.047930 0.086621 0.081197 hargrave 2017-11-27 13:27:08 
TT 645 173.1  44.3 163.5  62.6 4.76E-05 001.4 134.0  06.4 0.035269 0.057485 0.103570 hargrave 2017-11-28 12:21:58 
TT 650 171.1  48.1 158.5  66.0 3.91E-05 003.8 137.6  08.2 0.157055 0.163303 0.126778 hargrave 2017-12-08 18:04:30 
TT 655 172.5  42.9 163.3  61.1 4.79E-05 002.5 132.5  06.7 0.143664 0.134185 0.084222 hargrave 2017-12-11 18:47:14 
TT 660 175.8  56.8 159.4  75.1 3.38E-05 002.0 146.6  06.5 0.058857 0.083430 0.085580 hargrave 2017-12-12 19:26:49 
TT 665 163.5  46.3 148.2  62.8 2.58E-05 001.9 135.5  13.3 0.055432 0.076566 0.050658 hargrave 2018-01-08 18:02:55 
TT 670 354.7  49.5 358.3  30.5 1.20E-05 004.9 221.1  09.1 0.083268 0.046275 0.078696 hargrave 2018-01-11 10:08:22 
TT 672 176.7  51.6 165.7  70.2 9.58E-06 005.5 141.6  05.1 0.044182 0.067527 0.082272 hargrave 2018-01-12 10:04:12 
TT 674 347.1  54.9 353.7  36.4 1.17E-05 004.9 215.2  05.2 0.057982 0.069259 0.066308 hargrave 2018-01-16 17:11:58 
TT 676 180.2  45.5 174.3  64.6 7.96E-06 004.9 136.0  01.7 0.039797 0.063279 0.039866 hargrave 2018-01-17 17:12:24 
TT 678 000.4 -07.5 359.4 -26.7 1.21E-05 004.3 278.8  06.6 0.070440 0.044105 0.054426 hargrave 2018-01-24 14:00:18 
TT 680 160.7  49.7 141.5  65.3 6.38E-06 005.8 139.0  15.1 0.036055 0.066191 0.055608 hargrave 2018-01-27 10:45:39 
TT 682 243.4  85.4 356.5  72.8 5.18E-06 010.9 178.5  05.6 0.038643 0.060412 0.077884 hargrave 2018-01-31 18:24:44 
TT 682 346.2  68.0 356.2  49.3 5.29E-06 013.6 202.1  07.0 0.030063 0.092050 0.090143 hargrave 2018-02-02 11:50:54 
TT 682 343.8  73.2 356.9  54.6 5.17E-06 013.6 196.8  07.1 0.029862 0.081726 0.095173 hargrave 2018-02-02 13:22:57 
TT 684 003.4  73.2 006.4  53.7 6.22E-06 008.9 196.9  12.8 0.031985 0.070689 0.066064 hargrave 2018-02-05 20:57:28 
TT 684 009.0  66.2 009.1  46.7 5.76E-06 010.3 203.7  15.8 0.031947 0.073579 0.073489 hargrave 2018-02-06 13:02:43 
TT 684 009.7  68.3 009.5  48.8 5.74E-06 009.6 201.5  15.7 0.032967 0.046397 0.083308 hargrave 2018-02-06 16:10:53 
TT 686 350.9  23.3 352.4  04.7 1.16E-05 004.3 246.8  02.7 0.042048 0.074995 0.062073 hargrave 2018-02-12 11:45:19 
TT 688 000.5  49.4 002.7  30.1 8.85E-06 005.2 221.3  12.9 0.033453 0.048918 0.067073 hargrave 2018-02-26 12:01:56 
TT 690 356.3  20.6 357.2  01.6 1.18E-05 010.3 250.2  07.2 0.039711 0.115219 0.190661 hargrave 2018-02-28 12:47:14 
TT 690 354.6  20.4 355.5  01.4 1.13E-05 009.9 250.3  05.6 0.034415 0.119397 0.175270 hargrave 2018-02-28 17:06:41 
