TR035 -HHa mag compass orientation (IGRF corrected)
   7.64 197.3  86.0 279.3  19.5   1.0
NRM    024.6  69.6 017.6  50.4 3.23E-05 002.9 200.4  06.3 0.064402 0.137919 0.076574 hargrave 2017-10-13 20:18:00 
TT 100 025.5  70.9 017.8  51.8 3.15E-05 002.6 199.1  06.5 0.052213 0.133617 0.062724 hargrave 2017-10-15 20:16:30 
TT 200 025.0  69.9 017.7  50.8 3.09E-05 001.3 200.0  06.4 0.040242 0.051608 0.052645 hargrave 2017-10-16 14:23:45 
TT 300 026.9  72.3 018.1  53.2 3.04E-05 001.7 197.6  06.7 0.043699 0.068013 0.063623 hargrave 2017-10-17 11:13:18 
TT 350 026.0  69.5 018.4  50.4 3.00E-05 002.9 200.4  06.8 0.064254 0.140204 0.050122 hargrave 2017-10-18 09:20:03 
TT 400 027.3  71.6 018.6  52.6 2.95E-05 003.9 198.3  07.0 0.075211 0.189824 0.051562 hargrave 2017-10-20 16:57:48 
TT 450 025.4  72.7 017.3  53.6 2.89E-05 002.6 197.2  06.2 0.038001 0.118372 0.044053 hargrave 2017-10-23 11:35:47 
TT 475 026.3  71.6 018.0  52.6 2.88E-05 002.4 198.3  06.6 0.045652 0.105569 0.044439 hargrave 2017-10-24 09:01:07 
TT 500 028.3  73.2 018.6  54.2 2.84E-05 001.5 196.6  07.0 0.026306 0.061729 0.048453 hargrave 2017-10-25 08:39:44 
TT 525 028.7  74.7 018.2  55.7 2.80E-05 002.0 195.1  06.8 0.027480 0.067743 0.072714 hargrave 2017-10-26 19:07:01 
TT 550 028.8  74.3 018.4  55.4 2.77E-05 003.2 195.4  07.0 0.044347 0.137908 0.071324 hargrave 2017-10-27 17:02:19 
TT 555 029.3  71.8 019.5  52.9 2.74E-05 003.1 197.9  07.5 0.061089 0.091434 0.123971 hargrave 2017-10-28 19:31:24 
TT 560 029.7  75.9 018.3  56.9 2.65E-05 003.3 193.9  06.9 0.030642 0.122896 0.090888 hargrave 2017-11-03 15:12:06 
TT 565 025.6  72.4 017.5  53.2 2.61E-05 002.8 197.6  06.3 0.034135 0.092386 0.087239 hargrave 2017-11-05 14:05:02 
TT 570 028.4  77.1 017.2  58.1 2.63E-05 003.5 192.7  06.4 0.033766 0.132075 0.092345 hargrave 2017-11-09 11:38:17 
TT 575 028.6  77.2 017.3  58.2 2.60E-05 005.0 192.6  06.4 0.049204 0.191528 0.119727 hargrave 2017-11-09 20:28:37 
TT 580 026.4  73.9 017.4  54.8 2.57E-05 002.5 196.0  06.3 0.025661 0.059661 0.098849 hargrave 2017-11-14 16:15:33 
TT 600 026.8  75.0 017.3  55.9 2.61E-05 001.9 194.9  06.3 0.025364 0.057784 0.070935 hargrave 2017-11-17 15:28:22 
TT 620 027.9  76.1 017.4  57.0 2.49E-05 003.1 193.8  06.4 0.034797 0.124080 0.053651 hargrave 2017-11-19 14:46:12 
TT 630 030.5  80.2 016.6  61.2 2.44E-05 001.7 189.6  06.2 0.023516 0.050263 0.055045 hargrave 2017-11-21 13:59:05 
TT 640 026.3  76.2 016.7  57.0 2.17E-05 002.1 193.7  06.0 0.035338 0.059587 0.053077 hargrave 2017-11-27 13:16:44 
TT 645 027.9  78.0 016.7  58.9 2.12E-05 001.7 191.9  06.1 0.023889 0.047728 0.044841 hargrave 2017-11-28 12:11:29 
TT 650 025.8  76.8 016.3  57.6 2.10E-05 002.4 193.2  05.8 0.033224 0.084753 0.021211 hargrave 2017-12-08 17:54:26 
TT 655 033.4  79.8 017.8  60.9 2.01E-05 002.3 189.8  06.7 0.014766 0.074225 0.030288 hargrave 2017-12-11 18:37:10 
TT 660 023.4  71.9 016.5  52.7 2.05E-05 002.2 198.1  05.7 0.021312 0.072170 0.035606 hargrave 2017-12-12 19:15:06 
TT 665 029.8  77.8 017.5  58.8 2.07E-05 001.6 192.0  06.5 0.024528 0.030213 0.050344 hargrave 2018-01-08 17:51:54 
TT 670 026.4  76.6 016.6  57.5 2.00E-05 002.1 193.3  06.0 0.034149 0.062273 0.028777 hargrave 2018-01-11 09:56:23 
TT 672 031.8  75.9 019.2  57.0 1.97E-05 004.7 193.8  07.4 0.054883 0.148083 0.049598 hargrave 2018-01-12 09:52:19 
TT 674 024.5  73.0 016.8  53.8 1.97E-05 003.9 196.9  05.9 0.043181 0.122280 0.044747 hargrave 2018-01-16 17:00:51 
TT 676 035.0  76.9 020.1  58.2 1.90E-05 006.0 192.6  07.9 0.048537 0.191386 0.048972 hargrave 2018-01-17 16:59:20 
TT 678 024.0  70.5 017.1  51.3 1.94E-05 004.3 199.5  06.0 0.034861 0.150348 0.048425 hargrave 2018-01-24 13:52:00 
TT 680 039.1  79.5 020.1  60.9 1.80E-05 003.6 189.9  07.8 0.034862 0.100426 0.047935 hargrave 2018-01-27 10:34:31 
TT 682 043.2  84.9 016.3  66.1 1.72E-05 002.4 184.6  06.2 0.029868 0.049213 0.056645 hargrave 2018-01-31 18:13:41 
TT 684 041.3  79.5 020.8  61.1 1.62E-05 009.6 189.7  08.2 0.059038 0.264470 0.056689 hargrave 2018-02-05 20:45:41 
TT 684 049.4  81.7 021.4  63.6 1.61E-05 005.3 187.1  08.4 0.044817 0.133891 0.067039 hargrave 2018-02-06 12:54:19 
TT 686 015.1  82.1 011.0  62.6 1.40E-05 002.2 188.0  03.7 0.036503 0.025328 0.048200 hargrave 2018-02-12 11:35:07 
TT 688 029.2  76.8 017.7  57.8 9.11E-06 002.1 193.0  06.6 0.021426 0.021485 0.026051 hargrave 2018-02-26 11:53:36 
TT 690 356.1  67.8 001.8  48.6 5.11E-06 008.5 200.7 -04.1 0.042979 0.055003 0.039885 hargrave 2018-02-28 12:37:01 
TT 690 338.0  76.6 356.0  58.3 5.12E-06 006.8 190.4 -04.5 0.015719 0.050458 0.038190 hargrave 2018-02-28 16:56:17 
