TR035 -CCa mag compass orientation (IGRF corrected)
   6.77 188.3  97.0 279.3  19.5   1.0
NRM    037.7  64.9 026.5  46.8 1.94E-05 006.5 201.8  05.5 0.085669 0.204157 0.045287 hargrave 2017-10-13 20:11:39 
TT 100 038.6  65.6 026.7  47.6 1.89E-05 005.4 201.0  05.5 0.043755 0.192962 0.035208 hargrave 2017-10-15 20:11:47 
TT 200 043.0  68.3 028.2  50.7 1.80E-05 001.7 197.8  05.5 0.045156 0.052120 0.034016 hargrave 2017-10-16 14:18:17 
TT 300 041.4  68.1 027.4  50.2 1.78E-05 003.1 198.3  05.1 0.046832 0.087060 0.031615 hargrave 2017-10-17 11:07:48 
TT 350 040.9  67.2 027.4  49.4 1.74E-05 002.3 199.1  05.4 0.036607 0.065007 0.028336 hargrave 2017-10-18 09:14:35 
TT 400 045.1  67.7 029.6  50.3 1.69E-05 002.5 197.8  06.5 0.030989 0.064839 0.035826 hargrave 2017-10-20 16:52:15 
TT 450 045.9  68.8 029.6  51.4 1.61E-05 002.0 196.8  06.1 0.018162 0.054219 0.023917 hargrave 2017-10-23 11:29:55 
TT 475 048.5  69.4 030.7  52.3 1.58E-05 001.8 195.7  06.4 0.020341 0.047294 0.020227 hargrave 2017-10-24 08:55:11 
TT 500 049.0  69.5 030.8  52.5 1.54E-05 001.8 195.5  06.4 0.020627 0.046781 0.022345 hargrave 2017-10-25 08:34:13 
TT 525 051.5  69.9 031.9  53.2 1.51E-05 001.6 194.6  06.8 0.017902 0.041695 0.019340 hargrave 2017-10-26 19:01:29 
TT 550 051.2  69.8 031.9  53.0 1.45E-05 004.4 194.8  06.9 0.034398 0.109205 0.018681 hargrave 2017-10-27 16:56:48 
TT 555 059.4  71.3 035.1  55.5 1.42E-05 002.2 191.7  07.6 0.039503 0.045245 0.029787 hargrave 2017-10-28 19:26:42 
TT 560 049.2  69.3 031.0  52.3 1.39E-05 002.2 195.6  06.6 0.015568 0.043323 0.035137 hargrave 2017-11-03 15:06:10 
TT 565 059.1  71.7 034.6  55.8 1.37E-05 002.5 191.5  07.2 0.016672 0.049157 0.037803 hargrave 2017-11-05 13:59:08 
TT 570 055.7  71.1 033.3  54.8 1.37E-05 002.0 192.7  07.0 0.017475 0.038011 0.034169 hargrave 2017-11-09 11:32:26 
TT 575 054.2  70.0 033.3  53.6 1.36E-05 002.0 193.9  07.4 0.019548 0.036632 0.034106 hargrave 2017-11-09 20:23:03 
TT 580 055.0  70.6 033.3  54.3 1.35E-05 002.4 193.2  07.2 0.017347 0.045202 0.039036 hargrave 2017-11-14 16:09:36 
TT 600 061.7  71.8 035.8  56.3 1.35E-05 004.6 190.8  07.6 0.026627 0.107388 0.018189 hargrave 2017-11-17 15:22:27 
TT 620 062.0  71.6 036.1  56.2 1.28E-05 004.5 190.8  07.8 0.024824 0.098536 0.023970 hargrave 2017-11-19 14:40:21 
TT 630 068.0  71.9 038.8  57.4 1.24E-05 002.0 189.1  08.6 0.019588 0.038921 0.024405 hargrave 2017-11-21 13:53:15 
TT 640 063.4  72.6 035.8  57.3 1.21E-05 001.8 189.9  07.3 0.020896 0.034589 0.021712 hargrave 2017-11-27 13:10:40 
TT 645 079.6  72.1 044.1  59.6 1.17E-05 001.9 185.7  09.9 0.023853 0.031075 0.026724 hargrave 2017-11-28 12:05:36 
TT 650 060.9  71.3 035.8  55.8 1.18E-05 003.2 191.3  07.9 0.031090 0.042077 0.050144 hargrave 2017-12-08 17:48:38 
TT 655 113.4  75.1 052.8  68.7 1.01E-05 003.1 176.1  07.4 0.030761 0.030558 0.045596 hargrave 2017-12-11 18:31:27 
TT 660 054.4  70.8 032.9  54.3 1.09E-05 003.1 193.3  06.9 0.037998 0.026661 0.057632 hargrave 2017-12-12 19:09:19 
TT 665 069.6  72.7 038.8  58.3 1.11E-05 003.7 188.3  08.2 0.038015 0.057195 0.044637 hargrave 2018-01-08 17:45:54 
TT 670 053.9  75.2 029.2  58.3 1.10E-05 003.4 190.3  03.6 0.044790 0.023257 0.062930 hargrave 2018-01-11 09:50:27 
TT 672 152.0  67.0 095.8  76.3 9.83E-06 004.2 161.5  06.7 0.042238 0.033923 0.069224 hargrave 2018-01-12 09:46:14 
TT 674 140.1  79.1 043.2  75.2 1.08E-05 004.1 172.8  01.1 0.042957 0.040212 0.064921 hargrave 2018-01-16 16:54:59 
TT 676 136.0  61.7 095.3  67.6 9.60E-06 004.5 162.5  15.4 0.045107 0.044169 0.060633 hargrave 2018-01-17 16:53:25 
TT 678 027.4  51.4 022.6  32.6 9.66E-06 005.6 216.4  06.1 0.030613 0.031450 0.089144 hargrave 2018-01-24 13:47:16 
TT 680 177.9  31.5 173.9  50.5 6.84E-06 009.0 122.6  05.1 0.037421 0.061532 0.096530 hargrave 2018-01-27 10:28:37 
TT 680 176.4  28.2 172.5  47.1 6.62E-06 012.4 119.7  07.1 0.079748 0.069277 0.109210 hargrave 2018-01-27 12:31:56 
TT 680 177.0  30.8 172.9  49.7 6.66E-06 010.3 122.1  06.0 0.041880 0.045181 0.108838 hargrave 2018-01-27 13:29:47 
TT 682 022.5  51.2 019.0  32.0 1.10E-05 006.7 217.5  03.3 0.047399 0.060828 0.118849 hargrave 2018-01-31 18:07:48 
TT 684 098.8  65.5 062.8  58.9 6.35E-06 012.7 179.8  17.5 0.038739 0.086379 0.119009 hargrave 2018-02-05 20:39:47 
TT 684 095.2  61.9 064.6  55.1 5.73E-06 014.5 181.6  21.1 0.045393 0.070798 0.128918 hargrave 2018-02-06 12:52:50 
TT 684 094.8  62.4 063.8  55.4 5.68E-06 014.9 181.7  20.5 0.042623 0.075075 0.132350 hargrave 2018-02-06 16:05:16 
TT 686 011.0  27.3 010.8  07.8 8.80E-06 008.6 242.6 -00.9 0.043502 0.081386 0.126800 hargrave 2018-02-12 11:29:11 
TT 686 009.9  25.6 009.8  06.1 8.23E-06 010.7 244.4 -01.6 0.037729 0.081705 0.150397 hargrave 2018-02-12 15:33:43 
TT 686 010.4  23.0 010.3  03.5 8.09E-06 011.2 247.0 -00.8 0.041776 0.065850 0.155486 hargrave 2018-02-12 17:59:54 
TT 686 011.5  22.8 011.3  03.3 8.04E-06 011.9 247.0  00.2 0.063270 0.060757 0.158740 hargrave 2018-02-13 08:23:26 
TT 688 121.4  40.7 103.4  45.3 2.91E-06 028.6 157.9  37.8 0.035760 0.053909 0.170985 hargrave 2018-02-26 11:48:57 
TT 688 134.4  31.8 121.6  41.3 2.69E-06 050.4 140.4  38.1 0.051179 0.121413 0.284891 hargrave 2018-02-26 14:35:49 
TT 690 023.0  13.7 022.7 -05.2 5.98E-06 031.7 254.2  12.5 0.043849 0.174378 0.326606 hargrave 2018-02-28 12:31:09 
TT 690 016.9  14.1 016.7 -05.3 5.56E-06 029.6 254.9  06.6 0.039847 0.149821 0.285144 hargrave 2018-02-28 16:50:27 
