TR035 -Xa sun compass orientation
   6.06 163.9  88.0 279.3  19.5   1.0
NRM    332.7  67.4 348.4  50.1 4.21E-05 004.1 202.2 -02.4 0.098114 0.270661 0.107243 hargrave 2017-10-13 20:03:52 
TT 100 332.5  67.9 348.5  50.6 4.15E-05 005.1 201.6 -02.4 0.098788 0.362614 0.083803 hargrave 2017-10-15 20:05:55 
TT 200 331.4  68.5 348.2  51.3 4.06E-05 001.4 201.0 -02.7 0.037892 0.064928 0.076715 hargrave 2017-10-16 14:11:22 
TT 300 331.1  68.5 348.1  51.4 4.01E-05 001.7 200.9 -02.8 0.040145 0.081296 0.088844 hargrave 2017-10-17 11:01:03 
TT 350 328.6  72.4 349.1  55.3 3.96E-05 001.7 197.0 -02.7 0.051554 0.066062 0.095585 hargrave 2017-10-18 09:07:49 
TT 400 329.0  70.8 348.2  53.7 3.88E-05 002.2 198.6 -03.0 0.042202 0.129111 0.073045 hargrave 2017-10-20 16:45:23 
TT 450 327.6  73.4 349.3  56.3 3.77E-05 001.7 196.0 -02.7 0.027971 0.097208 0.064449 hargrave 2017-10-23 11:22:42 
TT 475 327.0  72.4 348.3  55.5 3.74E-05 001.6 196.8 -03.1 0.029864 0.085703 0.069115 hargrave 2017-10-24 08:47:57 
TT 500 328.1  71.5 348.2  54.5 3.67E-05 001.6 197.8 -03.0 0.039497 0.079810 0.074585 hargrave 2017-10-25 08:27:23 
TT 525 327.3  71.9 348.0  54.9 3.63E-05 001.3 197.4 -03.2 0.048356 0.055461 0.061362 hargrave 2017-10-26 18:54:41 
TT 550 324.7  73.9 348.3  57.1 3.56E-05 002.3 195.2 -03.3 0.032516 0.133327 0.064339 hargrave 2017-10-27 16:49:58 
TT 555 327.5  72.3 348.5  55.3 3.48E-05 003.1 197.0 -03.0 0.063813 0.155788 0.097194 hargrave 2017-10-28 19:20:54 
TT 560 325.3  74.1 348.7  57.3 3.41E-05 001.8 195.0 -03.1 0.048749 0.058223 0.089603 hargrave 2017-11-03 14:58:55 
TT 565 322.4  75.9 349.0  59.2 3.38E-05 002.3 193.1 -03.2 0.031604 0.101354 0.094166 hargrave 2017-11-05 13:51:53 
TT 570 324.3  75.2 349.2  58.4 3.36E-05 002.1 193.9 -03.0 0.028283 0.100399 0.083473 hargrave 2017-11-09 11:25:10 
TT 575 325.7  73.9 348.7  57.0 3.34E-05 002.0 195.3 -03.1 0.056901 0.055542 0.103835 hargrave 2017-11-09 20:16:19 
TT 580 325.5  73.2 348.1  56.3 3.31E-05 001.9 196.0 -03.3 0.044448 0.054820 0.093361 hargrave 2017-11-14 16:02:15 
TT 600 323.3  74.9 348.5  58.2 3.33E-05 001.6 194.1 -03.3 0.036119 0.084312 0.055405 hargrave 2017-11-17 15:14:25 
TT 620 328.5  72.0 348.7  54.9 3.14E-05 002.2 197.3 -02.8 0.032378 0.113256 0.046924 hargrave 2017-11-19 14:32:13 
TT 630 322.3  77.6 350.6  60.7 2.99E-05 001.5 191.5 -02.6 0.020795 0.069580 0.043528 hargrave 2017-11-21 13:46:00 
TT 640 333.7  72.3 351.5  54.6 2.98E-05 001.5 197.4 -01.2 0.036971 0.064798 0.041945 hargrave 2017-11-27 13:03:20 
TT 645 330.8  76.9 353.3  59.2 2.98E-05 001.6 192.7 -01.0 0.032367 0.069166 0.048505 hargrave 2017-11-28 11:58:12 
TT 650 338.1  70.0 352.5  52.0 3.19E-05 001.6 199.9 -00.1 0.027122 0.021385 0.087728 hargrave 2017-12-08 17:41:31 
TT 655 313.8  82.0 353.5  65.1 3.07E-05 001.8 186.9 -02.0 0.025620 0.070843 0.066523 hargrave 2017-12-11 18:23:33 
TT 660 326.9  68.3 345.5  51.7 2.96E-05 002.5 200.8 -04.4 0.037814 0.111997 0.071060 hargrave 2017-12-12 19:02:13 
TT 665 333.4  70.1 350.1  52.5 3.18E-05 001.5 199.6 -01.7 0.038531 0.054889 0.062643 hargrave 2018-01-08 17:38:25 
TT 670 331.6  65.5 346.8  48.5 3.01E-05 002.6 203.9 -03.3 0.055319 0.101176 0.100044 hargrave 2018-01-11 09:43:09 
TT 672 254.6  83.6 349.9  72.2 2.48E-05 003.3 180.1 -04.4 0.068801 0.066463 0.121885 hargrave 2018-01-12 09:39:02 
TT 674 344.6  60.2 353.1  41.9 2.68E-05 003.1 209.8  02.1 0.054205 0.088771 0.113176 hargrave 2018-01-16 16:47:42 
TT 676 322.0  68.7 343.1  52.8 2.64E-05 005.3 199.8 -05.9 0.075975 0.208295 0.119014 hargrave 2018-01-17 16:46:08 
TT 678 344.4  59.5 352.8  41.2 2.23E-05 003.5 210.5  02.0 0.049630 0.051011 0.127201 hargrave 2018-01-24 13:41:25 
TT 680 207.0  64.0 244.4  80.7 1.38E-05 008.1 160.6 -15.5 0.062129 0.095487 0.173475 hargrave 2018-01-27 10:21:21 
TT 680 205.0  64.2 240.7  81.3 1.33E-05 007.9 160.2 -14.7 0.073206 0.081171 0.170713 hargrave 2018-01-27 12:30:20 
TT 682 350.5  26.7 352.4  08.2 1.83E-05 006.3 243.3  06.8 0.069157 0.083645 0.183157 hargrave 2018-01-31 17:59:42 
TT 684 165.5  64.7 120.5  79.3 8.29E-06 014.4 154.7  01.1 0.053230 0.117390 0.176339 hargrave 2018-02-05 20:31:40 
TT 684 158.2  63.8 113.2  76.4 7.30E-06 017.1 153.9  04.3 0.061275 0.095451 0.196222 hargrave 2018-02-06 12:50:07 
TT 684 160.1  63.3 117.2  76.7 7.33E-06 017.5 153.4  03.5 0.057136 0.089860 0.206887 hargrave 2018-02-06 16:02:32 
TT 686 353.3  12.2 353.6 -06.6 1.69E-05 005.7 258.0  09.6 0.054476 0.094577 0.149484 hargrave 2018-02-12 11:21:55 
TT 688 354.2  37.2 356.7  18.3 1.19E-05 008.4 232.6  09.4 0.050556 0.072297 0.163196 hargrave 2018-02-26 11:41:48 
TT 688 355.8  37.2 358.0  18.2 1.08E-05 021.5 232.5  10.6 0.093534 0.291699 0.347400 hargrave 2018-02-26 14:29:40 
TT 690 357.7  22.3 358.6  03.1 1.29E-05 017.7 247.6  13.5 0.060248 0.255210 0.349069 hargrave 2018-02-28 12:23:56 
TT 690 355.1  24.0 356.3  05.0 1.18E-05 017.6 246.0  11.0 0.069619 0.243560 0.316399 hargrave 2018-02-28 16:43:23 
