TR035 -Da mag compass orientation (IGRF corrected)
   0.67 187.3  88.0 267.8  25.2   1.0
NRM    132.5  54.4 091.2  65.5 2.59E-05 002.0 157.1  30.2 0.047369 0.069519 0.059728 hargrave 2017-10-13 19:29:29 
TT 100 132.3  54.2 091.2  65.3 2.54E-05 002.3 157.1  30.4 0.034844 0.088903 0.049850 hargrave 2017-10-15 19:36:15 
TT 200 134.8  52.8 096.3  65.3 2.53E-05 002.2 154.7  30.5 0.074808 0.050361 0.053448 hargrave 2017-10-16 13:37:05 
TT 300 136.9  51.8 100.1  65.5 2.53E-05 001.9 152.9  30.3 0.052473 0.041671 0.066199 hargrave 2017-10-17 10:28:57 
TT 350 137.5  51.2 101.7  65.3 2.53E-05 001.9 152.1  30.4 0.036524 0.058540 0.062495 hargrave 2017-10-18 08:37:38 
TT 400 139.6  49.6 106.6  64.9 2.50E-05 002.3 149.6  30.4 0.077722 0.048796 0.057152 hargrave 2017-10-20 16:16:38 
TT 450 140.3  49.4 107.7  65.1 2.47E-05 001.7 149.1  30.1 0.044002 0.052966 0.039867 hargrave 2017-10-23 10:50:16 
TT 475 141.8  48.1 111.4  64.6 2.45E-05 001.9 147.3  30.1 0.055475 0.046222 0.050596 hargrave 2017-10-24 08:16:32 
TT 500 142.5  47.4 113.2  64.4 2.43E-05 002.0 146.3  30.1 0.048316 0.056137 0.053192 hargrave 2017-10-24 19:08:04 
TT 525 144.1  46.8 116.1  64.4 2.42E-05 002.0 145.0  29.6 0.049429 0.049732 0.062053 hargrave 2017-10-26 18:22:34 
TT 550 141.4  48.6 110.3  64.8 2.37E-05 002.9 147.8  30.1 0.036714 0.098989 0.066831 hargrave 2017-10-27 16:21:10 
TT 555 143.2  45.3 116.7  62.8 2.32E-05 003.3 144.0  30.9 0.076280 0.088685 0.086936 hargrave 2017-10-28 17:53:46 
TT 560 142.9  48.6 112.2  65.4 2.30E-05 005.9 147.2  29.3 0.213898 0.168880 0.086770 hargrave 2017-11-03 14:28:30 
TT 565 142.6  47.8 113.0  64.7 2.25E-05 003.7 146.5  29.9 0.027836 0.113591 0.093658 hargrave 2017-11-05 13:21:16 
TT 570 144.2  45.9 117.4  63.7 2.25E-05 002.7 144.1  30.0 0.048264 0.055457 0.081677 hargrave 2017-11-09 10:54:32 
TT 575 143.7  46.4 116.1  63.9 2.22E-05 003.2 144.8  30.0 0.050990 0.070597 0.097941 hargrave 2017-11-09 19:47:48 
TT 580 142.3  45.9 114.9  63.0 2.19E-05 002.7 144.9  31.1 0.021496 0.081787 0.069517 hargrave 2017-11-14 15:31:21 
TT 600 143.8  45.7 117.1  63.4 2.20E-05 003.1 144.0  30.4 0.049348 0.097634 0.065530 hargrave 2017-11-17 14:43:54 
TT 620 143.5  43.5 119.2  61.4 2.10E-05 004.1 142.0  31.7 0.073972 0.128863 0.045795 hargrave 2017-11-19 14:01:36 
TT 630 146.6  42.9 123.9  61.9 2.13E-05 001.8 140.1  30.1 0.040866 0.053251 0.038147 hargrave 2017-11-21 13:14:32 
TT 640 144.1  38.2 124.8  56.9 1.94E-05 001.4 136.3  34.0 0.058389 0.029389 0.037197 hargrave 2017-11-27 12:32:35 
TT 645 138.6  46.7 109.3  62.3 1.97E-05 001.6 147.5  32.7 0.056595 0.043473 0.036327 hargrave 2017-11-28 11:26:55 
TT 650 151.3  31.9 138.4  53.3 1.82E-05 002.6 126.7  31.2 0.044288 0.039559 0.070551 hargrave 2017-12-08 17:11:47 
TT 655 132.9  50.9 097.3  63.2 1.74E-05 001.5 154.1  32.6 0.037520 0.031474 0.047281 hargrave 2017-12-11 17:53:46 
TT 660 155.5  13.0 150.7  36.0 1.14E-05 005.7 104.0  31.4 0.052773 0.045220 0.096157 hargrave 2017-12-12 18:31:47 
TT 665 050.1  54.4 032.3  35.8 7.62E-06 005.7 208.1  25.0 0.033814 0.031022 0.079357 hargrave 2018-01-08 17:07:20 
TT 670 146.8 -69.8 162.9 -46.3 5.43E-06 009.2 015.5  11.0 0.051879 0.037578 0.072881 hargrave 2018-01-11 09:11:04 
TT 670 148.4 -66.6 162.3 -43.1 5.95E-06 009.2 018.4  12.5 0.015951 0.033338 0.092695 hargrave 2018-01-11 11:21:23 
TT 670 149.3 -67.1 163.0 -43.5 5.90E-06 009.4 018.3  11.9 0.013104 0.028004 0.096692 hargrave 2018-01-11 11:34:42 
TT 672 007.9  09.4 008.2 -15.4 5.81E-06 007.2 260.6  01.0 0.037134 0.024423 0.063453 hargrave 2018-01-12 09:08:30 
TT 674 017.5 -39.0 031.4 -61.8 4.12E-06 011.5 309.7  06.6 0.021366 0.027661 0.077828 hargrave 2018-01-16 16:17:14 
TT 674 021.4 -42.5 040.1 -64.0 4.13E-06 012.4 313.6  09.0 0.016830 0.024478 0.087415 hargrave 2018-01-16 18:29:05 
TT 674 019.4 -43.1 037.5 -65.1 4.08E-06 012.3 313.9  07.4 0.014466 0.022475 0.086305 hargrave 2018-01-16 18:48:18 
TT 676 003.9  28.5 003.2  03.4 5.66E-06 006.9 241.4 -02.0 0.035921 0.027860 0.060153 hargrave 2018-01-17 16:14:10 
TT 678 359.0 -62.0 008.9 -87.1 4.18E-06 010.1 332.1 -05.7 0.027611 0.044205 0.060971 hargrave 2018-01-24 13:18:09 
TT 678 002.0 -67.7 150.0 -86.6 4.31E-06 011.1 337.8 -03.9 0.007569 0.026011 0.080692 hargrave 2018-01-24 15:31:57 
TT 678 359.9 -68.5 166.3 -86.2 4.32E-06 010.6 338.6 -04.6 0.009428 0.029311 0.074842 hargrave 2018-01-24 17:50:58 
TT 680 008.4  00.4 009.4 -24.3 5.54E-06 009.3 269.6  01.1 0.076110 0.023157 0.051946 hargrave 2018-01-27 09:52:43 
TT 680 009.8 -01.6 011.2 -26.2 5.70E-06 008.0 271.7  02.4 0.047069 0.023045 0.064543 hargrave 2018-01-27 12:20:19 
TT 680 009.4  01.1 010.5 -23.5 5.84E-06 007.1 268.9  02.2 0.044012 0.021383 0.058490 hargrave 2018-01-27 13:19:58 
TT 682 166.8  82.4 002.5  72.2 2.36E-06 015.6 172.9  04.6 0.022072 0.020526 0.062299 hargrave 2018-01-31 17:30:54 
TT 682 145.9  85.5 004.2  68.5 2.36E-06 016.2 176.6  04.9 0.017651 0.018620 0.065396 hargrave 2018-02-02 11:34:04 
TT 682 165.9  82.5 002.8  72.1 2.18E-06 017.3 173.0  04.7 0.017853 0.025023 0.061413 hargrave 2018-02-02 13:12:14 
TT 684 172.0  40.0 167.3  64.9 3.61E-06 009.4 130.7  13.0 0.016164 0.017285 0.060521 hargrave 2018-02-05 19:59:51 
TT 684 169.3  34.8 164.0  59.6 3.23E-06 010.5 125.7  15.9 0.018174 0.016890 0.057939 hargrave 2018-02-06 12:29:57 
TT 684 169.1  33.8 163.9  58.5 3.27E-06 009.8 124.7  16.2 0.015585 0.015323 0.056016 hargrave 2018-02-06 15:42:12 
TT 686 000.9  33.3 000.4  08.2 6.03E-06 006.0 236.4 -04.3 0.032586 0.021481 0.055898 hargrave 2018-02-12 10:53:06 
TT 688 018.3  29.8 015.6  06.0 6.40E-06 006.0 240.0  10.5 0.029305 0.024733 0.058914 hargrave 2018-02-26 11:18:53 
TT 690 015.1 -18.6 020.2 -42.4 4.87E-06 011.7 289.0  06.7 0.014151 0.021921 0.098688 hargrave 2018-02-28 11:55:15 
TT 690 012.3 -19.8 016.9 -44.0 4.68E-06 010.5 290.0  04.0 0.014396 0.022032 0.083692 hargrave 2018-02-28 16:17:10 
