TR035 -Ya sun compass orientation
   6.23 174.7  85.0 279.3  19.5   1.0
NRM    155.8  76.2 053.1  79.1 8.63E-05 001.5 166.8  09.3 0.097945 0.178953 0.156909 hargrave 2017-10-13 20:05:32 
TT 100 154.8  76.0 054.3  78.8 8.49E-05 003.8 166.7  09.6 0.099634 0.531098 0.156362 hargrave 2017-10-15 20:07:09 
TT 200 155.0  76.5 051.8  78.8 8.53E-05 001.3 167.2  09.4 0.090041 0.115803 0.151189 hargrave 2017-10-16 14:12:49 
TT 300 155.6  76.0 054.3  79.1 8.52E-05 001.3 166.6  09.4 0.108143 0.119350 0.160177 hargrave 2017-10-17 11:02:30 
TT 350 158.5  74.1 064.3  80.1 8.52E-05 001.5 164.5  09.2 0.122521 0.175819 0.141463 hargrave 2017-10-18 09:09:15 
TT 400 156.3  75.9 054.4  79.2 8.49E-05 001.3 166.5  09.3 0.100770 0.149339 0.139989 hargrave 2017-10-20 16:46:54 
TT 450 156.6  75.3 057.7  79.4 8.40E-05 003.9 165.8  09.4 0.165894 0.537406 0.117462 hargrave 2017-10-23 11:24:14 
TT 475 157.6  73.9 065.0  79.9 8.38E-05 001.5 164.5  09.5 0.089621 0.192440 0.120973 hargrave 2017-10-24 08:49:30 
TT 500 158.4  73.3 068.9  80.1 8.35E-05 001.5 163.7  09.4 0.132555 0.164681 0.128007 hargrave 2017-10-25 08:28:50 
TT 525 158.9  72.8 071.4  80.3 8.31E-05 001.2 163.3  09.4 0.120619 0.131551 0.106964 hargrave 2017-10-26 18:56:08 
TT 550 157.5  74.3 063.0  79.8 8.23E-05 001.2 164.8  09.4 0.091943 0.135910 0.108371 hargrave 2017-10-27 16:51:28 
TT 555 155.0  74.1 064.2  79.1 8.14E-05 001.8 164.8  10.1 0.103039 0.167988 0.193863 hargrave 2017-10-28 19:22:08 
TT 560 158.2  73.2 069.5  80.1 7.92E-05 003.0 163.6  09.5 0.113119 0.358644 0.199378 hargrave 2017-11-03 15:00:27 
TT 565 158.3  72.9 070.9  80.1 7.85E-05 002.1 163.4  09.5 0.086400 0.207359 0.205019 hargrave 2017-11-05 13:53:25 
TT 570 158.5  73.3 068.6  80.1 7.87E-05 001.8 163.8  09.4 0.073087 0.173929 0.186136 hargrave 2017-11-09 11:26:44 
TT 575 158.8  72.6 072.6  80.2 7.84E-05 001.9 163.1  09.5 0.118663 0.124650 0.226240 hargrave 2017-11-09 20:17:45 
TT 580 158.1  72.2 074.9  80.0 7.74E-05 002.2 162.7  09.8 0.104898 0.187597 0.222873 hargrave 2017-11-14 16:03:47 
TT 600 156.9  73.4 068.3  79.7 7.88E-05 003.1 163.9  09.8 0.131128 0.393011 0.107428 hargrave 2017-11-17 15:15:57 
TT 620 153.3  76.4 052.9  78.4 7.60E-05 002.3 167.2  09.8 0.064664 0.277632 0.112300 hargrave 2017-11-19 14:33:45 
TT 630 157.3  72.0 075.9  79.7 7.45E-05 001.1 162.6  10.1 0.053933 0.087367 0.105311 hargrave 2017-11-21 13:47:35 
TT 640 155.0  72.8 071.6  79.1 7.37E-05 000.9 163.5  10.5 0.081176 0.081347 0.094906 hargrave 2017-11-27 13:04:53 
TT 645 158.2  70.2 086.2  79.7 7.30E-05 001.0 160.7  10.2 0.069447 0.095326 0.096198 hargrave 2017-11-28 11:59:45 
TT 650 153.8  73.0 070.2  78.8 7.21E-05 002.1 163.8  10.8 0.075403 0.196394 0.157190 hargrave 2017-12-08 17:43:03 
TT 655 159.8  68.3 096.9  79.5 7.18E-05 003.2 158.8  10.1 0.141034 0.365539 0.093330 hargrave 2017-12-11 18:25:04 
TT 660 153.6  73.9 065.6  78.8 7.09E-05 000.9 164.7  10.6 0.079977 0.082351 0.094023 hargrave 2017-12-12 19:03:43 
TT 665 151.1  74.5 062.5  78.1 6.86E-05 002.0 165.6  11.0 0.062948 0.219014 0.104387 hargrave 2018-01-08 17:40:05 
TT 670 154.2  73.6 067.1  78.9 6.72E-05 001.3 164.4  10.5 0.089464 0.071403 0.141857 hargrave 2018-01-11 09:44:42 
TT 672 154.0  73.5 067.8  78.9 6.77E-05 001.7 164.3  10.6 0.057735 0.175446 0.118582 hargrave 2018-01-12 09:40:34 
TT 674 153.0  74.5 062.2  78.6 6.46E-05 001.2 165.4  10.5 0.077425 0.090390 0.104059 hargrave 2018-01-16 16:49:15 
TT 676 156.6  72.8 071.8  79.6 6.34E-05 002.3 163.4  10.1 0.075838 0.235534 0.110676 hargrave 2018-01-17 16:47:40 
TT 678 156.5  70.7 082.5  79.3 5.42E-05 003.0 161.4  10.6 0.089689 0.256864 0.117777 hargrave 2018-01-24 13:42:39 
TT 680 162.8  68.3 100.0  80.5 4.96E-05 003.1 158.5  09.0 0.085497 0.257242 0.095667 hargrave 2018-01-27 10:22:55 
TT 682 155.4  73.3 068.4  79.3 3.95E-05 003.2 164.0  10.2 0.057236 0.206035 0.097450 hargrave 2018-01-31 18:01:15 
TT 684 169.1  67.9 109.3  82.4 2.29E-05 005.2 157.9  06.7 0.057260 0.188177 0.091508 hargrave 2018-02-05 20:33:12 
TT 686 016.9  78.6 012.2  59.2 1.07E-05 007.1 190.7  09.2 0.018585 0.064316 0.117990 hargrave 2018-02-12 11:23:27 
TT 688 168.6  81.8 023.0  77.8 8.23E-06 006.4 171.9  05.8 0.030104 0.038338 0.081615 hargrave 2018-02-26 11:43:03 
TT 690 067.3  84.2 021.9  66.9 5.35E-06 021.9 181.7  10.5 0.052086 0.117711 0.172975 hargrave 2018-02-28 12:25:28 
TT 690 138.0  86.2 019.2  72.6 5.27E-06 021.1 177.0  07.2 0.048325 0.118859 0.158992 hargrave 2018-02-28 16:46:12 
