TR035 -LLa mag compass orientation (IGRF corrected)
   8.06 172.3  85.0 279.3  19.5   1.0
NRM    282.3  52.5 305.1  47.5 2.88E-05 005.3 193.9 -30.1 0.100202 0.224222 0.116826 hargrave 2017-10-13 20:26:08 
TT 100 282.0  52.0 304.6  47.2 2.80E-05 007.0 193.9 -30.6 0.125960 0.302549 0.114881 hargrave 2017-10-15 20:22:41 
TT 200 278.0  51.8 301.2  48.2 2.77E-05 004.1 191.3 -31.6 0.084312 0.160474 0.101073 hargrave 2017-10-16 14:32:27 
TT 300 277.4  51.6 300.6  48.2 2.69E-05 004.2 191.0 -32.0 0.079161 0.151837 0.105366 hargrave 2017-10-17 11:22:00 
TT 350 274.0  51.4 297.7  49.1 2.67E-05 004.0 188.7 -32.7 0.069912 0.135230 0.119769 hargrave 2017-10-18 09:28:47 
TT 400 274.3  50.3 297.1  48.1 2.62E-05 003.2 189.2 -33.7 0.070221 0.104861 0.086955 hargrave 2017-10-20 17:04:56 
TT 450 272.7  49.8 295.4  48.1 2.56E-05 004.6 188.1 -34.4 0.093018 0.164544 0.099208 hargrave 2017-10-23 11:43:19 
TT 475 271.5  49.7 294.3  48.4 2.53E-05 003.4 187.2 -34.7 0.068424 0.107399 0.092155 hargrave 2017-10-24 09:08:40 
TT 500 271.3  49.2 293.8  48.1 2.51E-05 004.0 187.2 -35.2 0.073844 0.137030 0.093148 hargrave 2017-10-25 08:46:52 
TT 525 269.3  48.7 291.7  48.3 2.49E-05 004.5 185.7 -36.0 0.069812 0.168022 0.073316 hargrave 2017-10-26 19:16:32 
TT 550 269.0  47.9 290.8  47.7 2.45E-05 005.8 185.6 -36.8 0.073788 0.226789 0.068153 hargrave 2017-10-27 17:11:08 
TT 555 270.2  48.3 292.1  47.6 2.41E-05 003.4 186.5 -36.3 0.087324 0.118581 0.032378 hargrave 2017-10-28 19:37:29 
TT 560 263.8  48.0 286.4  49.5 2.34E-05 006.3 181.3 -37.0 0.091460 0.223562 0.109114 hargrave 2017-11-03 15:20:31 
TT 565 267.4  48.0 289.5  48.3 2.31E-05 004.1 184.3 -36.8 0.083505 0.113101 0.100372 hargrave 2017-11-05 14:12:36 
TT 570 266.6  47.5 288.5  48.1 2.32E-05 004.3 183.7 -37.3 0.094710 0.107196 0.114473 hargrave 2017-11-09 11:45:54 
TT 575 265.8  47.4 287.6  48.3 2.29E-05 004.8 182.9 -37.5 0.078130 0.147514 0.097179 hargrave 2017-11-09 20:36:31 
TT 580 266.1  47.0 287.6  47.8 2.27E-05 004.4 183.3 -37.9 0.097761 0.099148 0.118846 hargrave 2017-11-14 16:23:07 
TT 600 264.1  46.1 285.2  47.7 2.29E-05 005.9 181.6 -38.9 0.061127 0.221738 0.062963 hargrave 2017-11-17 15:35:53 
TT 620 258.7  44.6 279.1  48.2 2.27E-05 004.3 176.6 -40.3 0.060298 0.149291 0.075022 hargrave 2017-11-19 14:53:49 
TT 630 260.7  45.1 281.4  48.0 2.25E-05 003.8 178.6 -39.9 0.062455 0.108069 0.092277 hargrave 2017-11-21 14:06:35 
TT 640 261.4  44.6 281.7  47.3 2.25E-05 003.8 179.2 -40.4 0.056795 0.103656 0.103689 hargrave 2017-11-27 13:24:18 
TT 645 258.9  46.5 280.7  49.8 2.15E-05 003.8 177.0 -38.4 0.044129 0.095670 0.113466 hargrave 2017-11-28 12:19:08 
TT 650 257.4  41.0 275.6  45.4 2.32E-05 003.5 174.9 -43.8 0.062741 0.054888 0.134108 hargrave 2017-12-08 18:01:44 
TT 655 258.2  43.2 277.7  47.1 2.03E-05 003.4 176.0 -41.6 0.070177 0.036073 0.100827 hargrave 2017-12-11 18:44:27 
TT 660 261.7  38.5 278.1  41.8 2.10E-05 003.2 179.3 -46.5 0.057841 0.024337 0.113040 hargrave 2017-12-12 19:24:04 
TT 665 261.5  46.4 283.0  48.8 1.99E-05 004.0 179.3 -38.6 0.049087 0.074737 0.115555 hargrave 2018-01-08 18:00:06 
TT 670 253.5  38.0 269.8  44.0 2.11E-05 004.8 169.9 -46.3 0.078860 0.083152 0.144476 hargrave 2018-01-11 10:05:33 
TT 672 251.5  43.4 271.3  49.6 1.75E-05 019.6 169.6 -40.6 0.035494 0.608726 0.137107 hargrave 2018-01-12 10:01:23 
TT 672 253.0  45.1 274.0  50.5 1.79E-05 008.9 171.6 -39.2 0.043962 0.245354 0.143609 hargrave 2018-01-12 11:28:25 
TT 672 249.7  44.7 270.5  51.3 1.80E-05 007.9 168.5 -39.0 0.050094 0.181993 0.178151 hargrave 2018-01-12 12:23:09 
TT 674 249.8  37.2 265.6  44.5 2.02E-05 003.9 165.5 -46.2 0.057292 0.071106 0.123490 hargrave 2018-01-16 17:09:09 
TT 676 257.5  46.1 279.2  49.9 1.44E-05 005.7 175.8 -38.7 0.046147 0.078353 0.125693 hargrave 2018-01-17 17:09:29 
TT 678 254.1  33.5 268.0  39.7 1.46E-05 004.6 169.2 -50.8 0.044256 0.039086 0.122830 hargrave 2018-01-24 13:58:04 
TT 680 243.8  47.1 266.3  55.3 6.24E-06 010.7 164.6 -35.4 0.046260 0.056445 0.094341 hargrave 2018-01-27 10:42:50 
TT 680 242.7  45.9 264.2  54.6 6.08E-06 011.3 163.2 -36.2 0.025202 0.064738 0.108207 hargrave 2018-01-27 12:33:24 
TT 680 243.0  45.6 264.2  54.3 6.10E-06 011.5 163.2 -36.5 0.024283 0.067918 0.109629 hargrave 2018-01-27 13:31:15 
TT 682 243.1  11.3 248.0  22.2 6.16E-06 007.3 130.4 -64.9 0.025743 0.046181 0.098071 hargrave 2018-01-31 18:21:56 
TT 684 015.7  25.6 015.1  06.2 2.92E-06 019.6 244.2  23.2 0.023898 0.051143 0.088771 hargrave 2018-02-05 20:54:39 
TT 684 014.4  19.2 014.2 -00.2 2.87E-06 017.1 251.3  22.5 0.020237 0.047236 0.075689 hargrave 2018-02-06 12:57:29 
TT 684 013.6  20.0 013.4  00.6 2.74E-06 018.3 250.4  21.7 0.021241 0.042404 0.080455 hargrave 2018-02-06 16:08:16 
TT 686 249.8 -09.0 248.6  00.9 3.75E-06 009.5 071.5 -77.0 0.024082 0.048461 0.064991 hargrave 2018-02-12 11:42:30 
TT 686 247.1 -09.7 245.9  01.0 3.73E-06 010.0 071.9 -74.2 0.024462 0.045926 0.080815 hargrave 2018-02-12 15:36:49 
TT 686 245.9 -10.1 244.6  00.9 3.83E-06 008.8 071.5 -73.0 0.026510 0.039468 0.078246 hargrave 2018-02-12 18:03:01 
TT 686 246.7 -13.1 244.5 -02.2 3.54E-06 010.0 061.2 -72.6 0.024488 0.042154 0.081938 hargrave 2018-02-13 08:26:28 
TT 688 076.0 -32.0 089.1 -37.8 2.30E-06 012.1 351.2  52.5 0.016524 0.027975 0.063434 hargrave 2018-02-26 11:59:39 
TT 688 085.7 -34.7 099.8 -36.9 2.36E-06 026.5 004.3  50.2 0.032756 0.074929 0.132468 hargrave 2018-02-26 14:40:28 
TT 690 218.8 -10.4 218.5  06.6 2.95E-06 027.1 080.1 -46.6 0.032528 0.071747 0.137107 hargrave 2018-02-28 12:44:25 
TT 690 218.0 -09.3 217.9  07.9 3.30E-06 023.8 081.8 -45.9 0.036843 0.078905 0.121709 hargrave 2018-02-28 17:03:52 
