TR035 -Ua sun compass orientation
   5.29 249.2  89.0 279.3  19.5   1.0
NRM    098.4  72.1 052.9  63.6 6.19E-05 002.1 195.8  09.6 0.115407 0.176371 0.109363 hargrave 2017-10-13 19:55:52 
TT 100 099.1  70.1 056.5  62.4 6.08E-05 004.9 197.4  10.7 0.168688 0.486433 0.111838 hargrave 2017-10-15 20:00:21 
TT 200 101.0  70.9 056.2  63.4 6.05E-05 001.6 196.5  10.9 0.086398 0.122704 0.109042 hargrave 2017-10-16 14:04:13 
TT 300 101.2  70.5 056.9  63.2 6.04E-05 001.3 196.7  11.1 0.099668 0.085224 0.103597 hargrave 2017-10-17 10:53:50 
TT 350 100.2  68.6 059.3  61.6 6.03E-05 001.7 198.6  11.8 0.112620 0.137416 0.091973 hargrave 2017-10-18 09:00:42 
TT 400 102.8  68.8 060.4  62.4 5.98E-05 001.2 198.0  12.5 0.107118 0.078348 0.085883 hargrave 2017-10-20 16:39:46 
TT 450 105.2  68.6 062.1  62.9 5.89E-05 001.3 197.7  13.3 0.070160 0.102613 0.083429 hargrave 2017-10-23 11:15:58 
TT 475 106.3  68.6 062.7  63.2 5.88E-05 002.0 197.4  13.7 0.106624 0.178069 0.073368 hargrave 2017-10-24 08:41:08 
TT 500 106.6  68.0 063.9  62.8 5.83E-05 002.0 197.9  14.1 0.100037 0.174859 0.076773 hargrave 2017-10-25 08:20:55 
TT 525 106.8  67.8 064.3  62.8 5.82E-05 001.0 198.0  14.3 0.084609 0.069586 0.073478 hargrave 2017-10-26 18:49:03 
TT 550 107.5  67.8 064.7  63.0 5.74E-05 002.4 197.8  14.5 0.118660 0.206248 0.066661 hargrave 2017-10-27 16:44:18 
TT 555 106.4  65.8 067.1  61.2 5.66E-05 002.2 199.8  15.3 0.155798 0.162331 0.095169 hargrave 2017-10-28 19:16:06 
TT 560 108.9  68.6 064.1  63.9 5.52E-05 003.4 196.8  14.4 0.133567 0.274897 0.127348 hargrave 2017-11-03 14:52:59 
TT 565 110.4  69.0 064.1  64.6 5.46E-05 002.7 196.2  14.6 0.119337 0.189497 0.134082 hargrave 2017-11-05 13:45:56 
TT 570 109.6  68.5 064.6  64.0 5.47E-05 001.7 196.8  14.7 0.088057 0.092682 0.123430 hargrave 2017-11-09 11:19:06 
TT 575 110.0  68.2 065.5  63.9 5.46E-05 002.2 196.9  15.0 0.127208 0.127625 0.135459 hargrave 2017-11-09 20:10:44 
TT 580 108.0  67.7 065.1  63.0 5.42E-05 002.0 197.8  14.7 0.096423 0.100572 0.142122 hargrave 2017-11-14 15:56:15 
TT 600 108.0  65.9 067.9  61.8 5.51E-05 001.2 199.3  15.8 0.093703 0.074777 0.069359 hargrave 2017-11-17 15:08:26 
TT 620 109.6  65.2 069.9  61.8 5.26E-05 003.4 199.5  16.7 0.118686 0.283521 0.090863 hargrave 2017-11-19 14:26:17 
TT 630 114.1  67.4 069.2  64.5 5.14E-05 001.9 196.6  16.7 0.062326 0.134222 0.100376 hargrave 2017-11-21 13:40:06 
TT 640 110.1  64.0 071.9  61.0 5.17E-05 001.4 200.4  17.6 0.086076 0.101393 0.074143 hargrave 2017-11-27 12:57:22 
TT 645 121.5  68.6 071.1  67.5 4.83E-05 001.3 193.6  17.8 0.067327 0.068859 0.079190 hargrave 2017-11-28 11:52:10 
TT 650 110.1  65.4 070.0  62.0 5.27E-05 002.2 199.2  16.8 0.082897 0.089591 0.179383 hargrave 2017-12-08 17:35:49 
TT 655 122.7  67.5 074.2  67.2 4.64E-05 001.8 193.9  18.9 0.070355 0.094725 0.119830 hargrave 2017-12-11 18:17:52 
TT 660 112.0  64.4 072.6  61.9 5.13E-05 002.2 199.4  18.0 0.071857 0.166088 0.112523 hargrave 2017-12-12 18:56:31 
TT 665 112.1  68.0 067.0  64.3 4.95E-05 001.5 196.6  15.7 0.080608 0.076399 0.101694 hargrave 2018-01-08 17:32:34 
TT 670 109.1  67.5 066.1  63.2 4.67E-05 002.7 197.7  15.2 0.115369 0.153227 0.132071 hargrave 2018-01-11 09:35:42 
TT 672 135.0  66.5 084.3  70.4 3.82E-05 002.4 190.1  22.3 0.132058 0.120890 0.112006 hargrave 2018-01-12 09:33:04 
TT 674 101.3  62.1 068.4  57.0 4.11E-05 001.9 204.2  15.3 0.075794 0.077432 0.107341 hargrave 2018-01-16 16:41:52 
TT 676 145.4  68.2 086.7  74.7 2.42E-05 003.9 185.5  22.1 0.066331 0.137520 0.100294 hargrave 2018-01-17 16:38:39 
TT 678 092.7  46.8 074.2  41.4 2.12E-05 003.3 220.9  16.6 0.081212 0.027570 0.100708 hargrave 2018-01-24 13:36:39 
TT 680 201.5  69.3 268.8  85.6 1.17E-05 006.0 165.7  16.1 0.062083 0.107204 0.094019 hargrave 2018-01-27 10:15:29 
TT 682 093.1  41.6 077.5  36.8 1.09E-05 007.6 226.0  18.3 0.053116 0.077359 0.121132 hargrave 2018-01-31 17:53:53 
TT 684 226.4  68.3 287.7  77.0 5.91E-06 013.2 159.8  09.2 0.037288 0.087156 0.115518 hargrave 2018-02-05 20:24:15 
TT 684 212.4  69.5 283.3  82.1 5.10E-06 014.6 163.3  13.0 0.040373 0.073190 0.111054 hargrave 2018-02-06 12:45:42 
TT 684 214.6  68.8 280.6  81.1 5.14E-06 014.5 162.3  12.8 0.043838 0.070527 0.112290 hargrave 2018-02-06 15:58:04 
TT 686 065.3  03.5 065.8 -07.4 6.76E-06 008.2 266.4 -03.9 0.028813 0.059626 0.094020 hargrave 2018-02-12 11:16:07 
TT 686 064.7  01.0 066.0 -09.9 6.42E-06 009.9 268.9 -04.5 0.029327 0.061068 0.108988 hargrave 2018-02-12 15:30:46 
TT 686 066.1  02.0 067.1 -08.6 6.37E-06 010.4 267.9 -03.0 0.028362 0.053400 0.112286 hargrave 2018-02-12 17:56:57 
TT 686 066.6  00.3 068.0 -10.1 6.38E-06 010.6 269.6 -02.6 0.029401 0.057791 0.115091 hargrave 2018-02-13 08:20:29 
TT 688 041.3  64.8 028.7  47.1 3.92E-06 015.9 202.5 -10.6 0.030377 0.046564 0.106585 hargrave 2018-02-26 11:37:08 
TT 688 038.7  67.5 026.1  49.4 3.66E-06 032.6 199.6 -10.3 0.043690 0.097315 0.218151 hargrave 2018-02-26 14:25:47 
TT 690 069.9  25.0 063.9  14.5 6.33E-06 021.4 245.0  01.0 0.033426 0.110815 0.235731 hargrave 2018-02-28 12:18:08 
TT 690 066.3  26.1 060.4  14.6 5.91E-06 020.8 243.8 -02.1 0.036091 0.110802 0.215430 hargrave 2018-02-28 16:38:41 
