TR035 -Ba sun compass orientation
   0.35 199.5  88.0 267.8  25.2   1.0
NRM    016.5  36.1 013.2  12.0 1.28E-05 005.3 233.8 -01.2 0.099129 0.070390 0.020054 hargrave 2017-10-13 19:26:14 
TT 100 016.4  33.4 013.5  09.3 1.24E-05 007.9 236.5 -01.5 0.145232 0.090931 0.032525 hargrave 2017-10-15 19:33:15 
TT 200 017.2  35.1 013.9  11.0 1.21E-05 002.0 234.9 -00.8 0.031301 0.024163 0.026944 hargrave 2017-10-16 13:34:03 
TT 300 017.3  34.1 014.1  10.1 1.17E-05 003.1 235.8 -00.7 0.053434 0.032075 0.023510 hargrave 2017-10-17 10:26:06 
TT 350 018.8  34.9 015.2  11.1 1.13E-05 003.0 235.1  00.6 0.050467 0.036313 0.015892 hargrave 2017-10-18 08:34:48 
TT 400 019.4  35.1 015.7  11.3 1.06E-05 002.4 234.9  01.1 0.036080 0.025152 0.023292 hargrave 2017-10-20 16:13:50 
TT 450 020.2  35.4 016.3  11.7 9.83E-06 002.8 234.7  01.7 0.037080 0.023633 0.026026 hargrave 2017-10-23 10:47:13 
TT 475 021.2  33.0 017.5  09.5 9.26E-06 002.9 237.1  02.5 0.037609 0.023183 0.024020 hargrave 2017-10-24 08:13:32 
TT 500 021.4  32.9 017.7  09.5 8.78E-06 003.3 237.1  02.7 0.041366 0.026025 0.023290 hargrave 2017-10-24 19:05:01 
TT 525 022.2  31.9 018.6  08.6 8.40E-06 001.7 238.1  03.3 0.019236 0.016774 0.015909 hargrave 2017-10-26 18:19:44 
TT 550 023.4  29.1 020.1  06.0 7.78E-06 005.6 241.0  04.4 0.067453 0.035638 0.015251 hargrave 2017-10-27 16:18:22 
TT 555 025.2  32.5 021.0  09.6 7.55E-06 003.7 237.6  05.9 0.049620 0.006740 0.020717 hargrave 2017-10-28 17:51:19 
TT 560 024.0  30.4 020.4  07.3 7.32E-06 003.8 239.7  04.9 0.043157 0.023929 0.015847 hargrave 2017-11-03 14:25:25 
TT 565 023.7  31.4 019.9  08.3 6.98E-06 004.9 238.7  04.6 0.053975 0.028604 0.015077 hargrave 2017-11-05 13:18:17 
TT 570 022.8  31.4 019.2  08.2 6.86E-06 001.9 238.7  03.9 0.018552 0.014770 0.013314 hargrave 2017-11-09 10:51:29 
TT 575 025.3  33.6 020.9  10.7 6.30E-06 002.8 236.4  06.0 0.027711 0.015035 0.015015 hargrave 2017-11-09 19:45:01 
TT 580 022.2  31.7 018.7  08.3 6.26E-06 003.5 238.4  03.4 0.034909 0.018819 0.014613 hargrave 2017-11-14 15:28:11 
TT 600 038.3  36.0 030.9  15.6 6.06E-06 007.3 233.0  16.3 0.075467 0.031957 0.012768 hargrave 2017-11-17 14:40:54 
TT 620 033.6  36.6 026.9  15.2 9.99E-06 008.7 232.9  12.5 0.132024 0.076390 0.042683 hargrave 2017-11-19 13:58:36 
TT 620 034.0  34.6 027.8  13.4 9.74E-06 005.0 234.8  13.0 0.064929 0.046045 0.041056 hargrave 2017-11-19 16:01:59 
TT 630 141.6  57.0 094.9  71.1 4.94E-06 004.6 160.6  29.4 0.033127 0.014119 0.054632 hargrave 2017-11-21 13:11:31 
TT 640 028.8 -33.8 044.2 -53.8 6.44E-06 006.7 304.4  06.6 0.044971 0.036255 0.051111 hargrave 2017-11-27 12:28:39 
TT 645 040.5  57.5 024.7  36.5 1.07E-05 004.2 210.9  12.8 0.062482 0.029425 0.071737 hargrave 2017-11-28 11:23:54 
TT 650 034.4  44.8 025.2  23.3 9.53E-06 005.6 224.5  11.9 0.043676 0.028188 0.099219 hargrave 2017-12-08 17:08:50 
TT 655 155.2  57.5 111.2  77.0 5.86E-06 006.8 155.2  23.9 0.036160 0.022600 0.076293 hargrave 2017-12-11 17:50:47 
TT 660 041.4  41.6 031.6  21.7 7.17E-06 005.7 226.7  17.6 0.060479 0.023449 0.077806 hargrave 2017-12-12 18:28:49 
TT 665 179.9  44.1 182.0  69.3 5.00E-06 006.2 135.5  15.4 0.027838 0.020644 0.055827 hargrave 2018-01-08 17:03:24 
TT 670 008.2  59.5 004.2  34.6 5.69E-06 006.4 209.9 -03.9 0.051983 0.022199 0.056157 hargrave 2018-01-11 09:08:04 
TT 672 190.8  29.0 197.0  53.3 4.38E-06 009.3 119.1  08.6 0.040312 0.016884 0.062491 hargrave 2018-01-12 09:05:28 
TT 672 188.5  27.4 193.3  52.0 4.17E-06 010.0 117.5  10.7 0.018554 0.017295 0.072084 hargrave 2018-01-12 11:25:09 
TT 672 189.3  26.0 194.2  50.5 4.15E-06 009.8 116.1  10.0 0.019635 0.017171 0.069585 hargrave 2018-01-12 12:21:35 
TT 674 013.5  31.6 011.2  07.2 5.55E-06 006.7 238.1 -04.0 0.021112 0.023208 0.061434 hargrave 2018-01-16 16:14:11 
TT 676 178.6  44.7 179.4  69.9 4.29E-06 008.0 136.3  16.1 0.026895 0.017740 0.058907 hargrave 2018-01-17 16:10:18 
TT 678 015.4  26.5 013.5  02.3 5.66E-06 005.5 243.3 -02.8 0.020821 0.030256 0.049153 hargrave 2018-01-24 13:15:41 
TT 680 193.5  50.4 215.0  73.5 3.99E-06 008.1 140.5  05.4 0.025919 0.021805 0.056143 hargrave 2018-01-27 09:49:42 
TT 680 189.9  51.5 208.8  75.3 3.82E-06 010.1 141.7  07.5 0.020864 0.031448 0.060860 hargrave 2018-01-27 12:18:45 
TT 680 188.9  50.9 205.8  74.9 3.76E-06 010.1 141.2  08.2 0.019892 0.024958 0.062374 hargrave 2018-01-27 13:18:21 
TT 682 023.9  33.4 019.7  10.3 4.70E-06 006.1 236.6  04.8 0.026048 0.021958 0.046750 hargrave 2018-01-31 17:27:50 
TT 684 181.8  36.9 184.6  62.0 2.94E-06 009.8 127.8  15.3 0.020897 0.016971 0.053923 hargrave 2018-02-05 19:56:02 
TT 684 180.2  35.2 181.8  60.4 2.56E-06 011.1 126.3  16.8 0.016320 0.012852 0.050074 hargrave 2018-02-06 12:28:29 
TT 684 180.4  34.6 182.0  59.8 2.61E-06 010.7 125.7  16.8 0.015936 0.012217 0.049528 hargrave 2018-02-06 15:40:44 
TT 686 016.3  23.4 014.7 -00.6 4.63E-06 007.3 246.5 -02.1 0.031013 0.020451 0.051573 hargrave 2018-02-12 10:50:05 
TT 688 226.0  81.6 339.8  69.5 2.35E-06 012.5 172.5 -01.7 0.014467 0.022269 0.046795 hargrave 2018-02-26 11:16:27 
TT 688 224.8  79.3 333.7  70.6 2.26E-06 015.8 170.3 -02.6 0.017796 0.021184 0.059241 hargrave 2018-02-26 14:09:42 
TT 690 288.0  83.8 345.3  62.1 2.69E-06 016.9 179.8 -04.2 0.014202 0.016099 0.079601 hargrave 2018-02-28 11:52:15 
TT 690 277.1  79.6 336.1  61.4 2.72E-06 014.2 177.8 -08.1 0.024486 0.017924 0.066293 hargrave 2018-02-28 16:14:10 
