TR035 -Ia sun compass orientation
    2.4 298.1  26.0 279.3  19.5   1.0
NRM    014.7  59.7 012.9  40.2 1.06E-05 003.6 171.9  34.1 0.024075 0.060677 0.024974 hargrave 2017-10-13 19:36:19 
TT 100 012.1  59.9 011.1  40.4 9.88E-06 004.5 170.3  34.5 0.024714 0.071020 0.024087 hargrave 2017-10-15 19:42:42 
TT 200 010.9  60.3 010.3  40.8 9.58E-06 003.1 169.7  34.9 0.021884 0.043148 0.024745 hargrave 2017-10-16 13:43:23 
TT 300 010.6  61.1 010.1  41.6 9.05E-06 002.0 169.7  35.8 0.021005 0.019662 0.022338 hargrave 2017-10-17 10:35:43 
TT 350 015.0  62.2 012.9  42.7 8.70E-06 002.9 172.5  36.5 0.021561 0.036458 0.023339 hargrave 2017-10-18 08:44:23 
TT 400 009.5  63.2 009.4  43.7 8.25E-06 002.2 169.5  37.9 0.018122 0.019124 0.023415 hargrave 2017-10-20 16:23:23 
TT 450 010.8  65.1 010.2  45.6 7.73E-06 002.2 170.6  39.7 0.016493 0.019016 0.021106 hargrave 2017-10-23 10:58:24 
TT 475 011.7  66.1 010.7  46.6 7.33E-06 001.8 171.3  40.7 0.015233 0.015983 0.017852 hargrave 2017-10-24 08:23:42 
TT 500 010.1  67.6 009.7  48.1 7.00E-06 001.8 170.8  42.2 0.015288 0.013834 0.016815 hargrave 2017-10-24 19:15:14 
TT 525 010.8  69.5 010.1  50.0 6.67E-06 001.8 171.7  44.0 0.013295 0.014128 0.016252 hargrave 2017-10-26 18:30:06 
TT 550 007.1  71.2 008.2  51.7 6.32E-06 003.2 170.4  46.0 0.012254 0.032936 0.017161 hargrave 2017-10-27 16:27:57 
TT 555 358.0  71.6 003.5  52.3 6.07E-06 001.7 166.5  47.1 0.021696 0.010124 0.022255 hargrave 2017-10-28 17:59:35 
TT 560 013.5  73.1 011.3  53.6 5.75E-06 003.8 173.8  47.5 0.015049 0.032220 0.020418 hargrave 2017-11-03 14:35:38 
TT 565 006.2  74.4 007.9  54.9 5.53E-06 003.9 171.2  49.1 0.015392 0.030986 0.022363 hargrave 2017-11-05 13:28:33 
TT 570 013.1  76.4 010.9  56.9 5.43E-06 002.4 174.5  50.7 0.014025 0.013247 0.019063 hargrave 2017-11-09 11:01:45 
TT 575 006.2  76.1 008.0  56.6 5.24E-06 002.5 171.9  50.8 0.016449 0.014930 0.015157 hargrave 2017-11-09 19:54:30 
TT 580 013.2  78.1 010.8  58.7 5.07E-06 003.1 175.0  52.4 0.014509 0.018269 0.020799 hargrave 2017-11-14 15:38:35 
TT 600 024.3  81.6 014.0  62.3 5.27E-06 002.3 179.0  55.6 0.012696 0.017630 0.018313 hargrave 2017-11-17 14:51:00 
TT 620 029.8  26.4 027.7  07.9 2.14E-06 065.5 181.5  00.4 0.015456 0.020548 0.482308 hargrave 2017-11-19 14:08:50 
TT 620 134.6  87.8 015.0  71.7 4.74E-06 002.6 184.9  64.5 0.012637 0.014911 0.023464 hargrave 2017-11-19 16:03:36 
TT 630 274.7  86.4 358.4  70.5 4.63E-06 002.9 172.0  65.2 0.016318 0.017159 0.029066 hargrave 2017-11-21 13:22:38 
TT 640 089.0  78.3 038.2  65.6 5.81E-06 003.4 198.9  56.8 0.024422 0.019809 0.058052 hargrave 2017-11-27 12:39:50 
TT 645 001.6  48.7 003.5  29.4 8.84E-06 004.3 161.1  24.6 0.048299 0.019996 0.078392 hargrave 2017-11-28 11:34:17 
TT 650 070.5  37.6 060.3  26.6 1.31E-05 004.9 214.0  17.0 0.047316 0.031890 0.119993 hargrave 2017-12-08 17:18:50 
TT 655 337.4  42.0 343.6  24.9 1.34E-05 005.2 141.2  23.3 0.059025 0.031718 0.138376 hargrave 2017-12-11 18:00:52 
TT 660 098.9  24.4 090.3  22.8 1.68E-05 005.1 242.4  13.9 0.075768 0.039008 0.149474 hargrave 2017-12-12 18:38:48 
TT 665 022.9  40.0 020.4  21.0 2.26E-05 004.3 175.9  14.1 0.073731 0.090772 0.162061 hargrave 2018-01-08 17:14:30 
TT 670 103.0  15.6 097.5  15.9 2.02E-05 006.8 249.8  07.6 0.173337 0.035830 0.177378 hargrave 2018-01-11 09:17:25 
TT 672 073.9  23.2 068.1  13.9 2.55E-05 005.0 221.4  04.2 0.177608 0.062674 0.194541 hargrave 2018-01-12 09:14:50 
TT 674 329.7  28.6 334.3  13.0 2.54E-05 005.2 129.9  13.2 0.124393 0.086073 0.192331 hargrave 2018-01-16 16:23:41 
TT 676 057.9  18.5 054.9  05.1 2.95E-05 004.8 208.2 -04.3 0.146973 0.100355 0.201063 hargrave 2018-01-17 16:20:32 
TT 678 032.4  29.0 029.7  10.9 3.44E-05 004.5 183.7  03.1 0.089228 0.188427 0.195234 hargrave 2018-01-24 13:23:21 
TT 680 014.0  24.6 013.6  05.2 3.65E-05 003.2 167.2 -00.7 0.209281 0.106041 0.183921 hargrave 2018-01-27 09:59:04 
TT 682 115.5  08.3 111.9  13.2 2.78E-05 005.1 264.0  06.3 0.110198 0.052503 0.218769 hargrave 2018-01-31 17:37:17 
TT 684 015.9  26.6 015.3  07.2 3.83E-05 002.9 169.1  01.1 0.126965 0.113314 0.169961 hargrave 2018-02-05 20:06:13 
TT 686 053.4  24.3 049.3  09.8 3.45E-05 005.1 202.9  00.5 0.062149 0.093666 0.289859 hargrave 2018-02-12 10:59:30 
TT 688 045.5  21.1 042.9  05.0 3.46E-05 003.3 196.2 -03.9 0.074173 0.068950 0.189178 hargrave 2018-02-26 11:24:00 
TT 690 074.3  19.3 069.7  10.3 2.94E-05 007.5 223.0  00.6 0.085992 0.100024 0.370026 hargrave 2018-02-28 12:01:38 
