TR035 -Ga sun compass orientation
   0.93 202.8  95.0 267.8  25.2   1.0
NRM    174.8 -23.1 175.1  02.0 1.86E-05 003.5 066.5  27.6 0.104256 0.040828 0.033884 hargrave 2017-10-13 19:32:57 
TT 100 175.8 -21.9 176.0  03.3 1.95E-05 004.0 068.0  26.9 0.129146 0.047845 0.028430 hargrave 2017-10-15 19:39:31 
TT 200 175.3 -24.8 175.6  00.4 2.02E-05 001.8 064.7  27.0 0.048915 0.035674 0.039651 hargrave 2017-10-16 13:40:17 
TT 300 175.9 -23.3 176.1  01.9 2.05E-05 002.0 066.4  26.6 0.065412 0.040380 0.038427 hargrave 2017-10-17 10:31:59 
TT 350 175.8 -22.7 175.9  02.5 2.10E-05 003.0 067.1  26.8 0.099752 0.043609 0.039539 hargrave 2017-10-18 08:40:41 
TT 400 176.0 -24.0 176.1  01.2 2.15E-05 001.8 065.6  26.5 0.064762 0.035925 0.034589 hargrave 2017-10-20 16:19:40 
TT 450 176.8 -23.8 176.9  01.4 2.18E-05 002.2 065.9  25.8 0.076774 0.034420 0.033552 hargrave 2017-10-23 10:54:26 
TT 475 176.8 -24.0 176.9  01.2 2.23E-05 001.5 065.7  25.7 0.049178 0.035400 0.032860 hargrave 2017-10-24 08:19:45 
TT 500 177.3 -24.9 177.4  00.3 2.24E-05 001.9 064.8  25.2 0.069236 0.051094 0.026692 hargrave 2017-10-24 19:11:17 
TT 525 177.1 -25.3 177.2 -00.1 2.29E-05 001.5 064.3  25.3 0.048298 0.042380 0.032113 hargrave 2017-10-26 18:26:23 
TT 550 177.0 -23.9 177.1  01.3 2.31E-05 001.4 065.9  25.5 0.045671 0.040797 0.034823 hargrave 2017-10-27 16:24:12 
TT 555 177.4 -24.0 177.5  01.2 2.33E-05 001.8 065.8  25.2 0.070447 0.063189 0.042220 hargrave 2017-10-28 17:56:23 
TT 560 177.0 -23.1 177.0  02.1 2.26E-05 002.8 066.7  25.7 0.089679 0.038502 0.060028 hargrave 2017-11-03 14:31:43 
TT 565 177.1 -23.9 177.1  01.3 2.26E-05 002.7 065.9  25.5 0.084631 0.046601 0.060469 hargrave 2017-11-05 13:24:35 
TT 570 177.1 -24.0 177.1  01.2 2.28E-05 002.1 065.8  25.5 0.058583 0.036722 0.057724 hargrave 2017-11-09 10:57:45 
TT 575 177.6 -24.9 177.7  00.3 2.30E-05 002.3 064.9  24.9 0.071046 0.051637 0.052133 hargrave 2017-11-09 19:50:50 
TT 580 176.9 -24.5 177.0  00.7 2.30E-05 002.4 065.1  25.6 0.064320 0.044013 0.067895 hargrave 2017-11-14 15:34:34 
TT 600 177.4 -27.8 177.4 -02.6 2.40E-05 002.6 061.6  24.7 0.092240 0.061931 0.035418 hargrave 2017-11-17 14:47:06 
TT 620 179.1 -21.7 179.0  03.5 2.37E-05 001.5 068.4  23.9 0.048679 0.031838 0.037087 hargrave 2017-11-19 14:04:52 
TT 630 180.1 -21.8 179.9  03.4 2.44E-05 001.4 068.4  22.9 0.047689 0.040184 0.031247 hargrave 2017-11-21 13:18:39 
TT 640 179.3 -28.9 179.1 -03.7 2.43E-05 001.7 060.7  23.0 0.061188 0.037341 0.041959 hargrave 2017-11-27 12:35:54 
TT 645 178.9 -21.8 178.8  03.4 2.40E-05 002.0 068.4  24.0 0.071056 0.041647 0.042864 hargrave 2017-11-28 11:30:10 
TT 650 174.7 -24.0 175.0  01.2 2.03E-05 002.0 065.5  27.7 0.050210 0.047976 0.030470 hargrave 2017-12-08 17:14:58 
TT 655 180.3 -21.8 180.1  03.3 2.50E-05 001.6 068.4  22.7 0.043680 0.032666 0.052476 hargrave 2017-12-11 17:56:57 
TT 660 174.5 -26.3 174.9 -01.1 2.03E-05 002.2 062.9  27.5 0.047580 0.029695 0.059126 hargrave 2017-12-12 18:34:57 
TT 665 177.1 -20.4 177.2  04.8 2.14E-05 001.8 069.7  25.8 0.037869 0.042122 0.049800 hargrave 2018-01-08 17:10:34 
TT 670 170.4 -24.9 171.1  00.1 1.60E-05 001.7 063.8  31.4 0.015297 0.029385 0.044617 hargrave 2018-01-11 09:14:17 
TT 672 169.9 -29.2 170.9 -04.2 1.35E-05 003.4 058.8  31.0 0.060911 0.031715 0.045842 hargrave 2018-01-12 09:11:43 
TT 674 171.3 -20.3 171.7  04.8 1.15E-05 002.5 069.3  31.2 0.018524 0.025671 0.051240 hargrave 2018-01-16 16:20:33 
TT 676 176.2 -37.8 176.5 -12.6 1.23E-05 002.2 050.6  23.9 0.021642 0.025796 0.043987 hargrave 2018-01-17 16:17:23 
TT 678 160.8  06.4 158.1  30.4 3.90E-06 006.0 102.9  40.8 0.011762 0.015403 0.046503 hargrave 2018-01-24 13:20:46 
TT 680 185.4  00.2 186.2  25.2 4.87E-06 005.1 091.8  17.3 0.024633 0.016761 0.038093 hargrave 2018-01-27 09:55:57 
TT 682 105.0  07.5 100.3  14.0 2.04E-06 007.3 212.1  75.3 0.011787 0.017035 0.045593 hargrave 2018-01-31 17:34:08 
TT 684 191.7  04.7 193.7  29.1 3.55E-06 006.2 095.8  10.6 0.016999 0.019433 0.037543 hargrave 2018-02-05 20:03:03 
TT 686 031.4  39.7 024.4  17.7 3.40E-06 008.0 229.7  03.4 0.014329 0.014028 0.046385 hargrave 2018-02-12 10:56:19 
TT 686 032.5  39.6 025.2  17.8 3.20E-06 009.2 229.7  04.2 0.019656 0.012949 0.049433 hargrave 2018-02-12 14:04:23 
TT 686 032.4  41.4 024.7  19.6 3.16E-06 009.7 227.9  03.9 0.015153 0.016910 0.051448 hargrave 2018-02-12 15:26:09 
TT 686 032.9  39.3 025.7  17.6 3.12E-06 009.5 229.9  04.6 0.012822 0.013630 0.050646 hargrave 2018-02-12 17:52:20 
TT 686 032.6  38.2 025.7  16.6 3.01E-06 009.8 231.0  04.6 0.013184 0.014237 0.049747 hargrave 2018-02-13 08:15:53 
TT 688 071.4  67.2 034.8  52.0 2.61E-06 008.9 195.2  12.0 0.013042 0.015605 0.038486 hargrave 2018-02-26 11:21:29 
TT 688 080.3  68.4 037.5  55.2 2.45E-06 014.0 191.7  13.2 0.016508 0.016886 0.057255 hargrave 2018-02-26 14:13:31 
TT 690 029.6  16.9 028.2 -04.8 3.34E-06 011.8 252.5  05.0 0.012988 0.016960 0.067884 hargrave 2018-02-28 11:58:27 
TT 690 027.7  17.3 026.3 -04.8 3.11E-06 011.5 252.3  03.1 0.012889 0.019122 0.061002 hargrave 2018-02-28 16:20:22 
