TR035 -Wa sun compass orientation
   5.76 165.2  76.0 279.3  19.5   1.0
NRM    036.2  56.4 027.9  38.4 2.58E-05 002.3 206.3  38.2 0.080259 0.057816 0.044129 hargrave 2017-10-13 19:59:04 
TT 100 037.4  56.7 028.7  38.8 2.54E-05 002.9 205.5  38.5 0.053512 0.125168 0.046738 hargrave 2017-10-15 20:02:47 
TT 200 038.5  56.8 029.4  39.0 2.48E-05 001.9 204.9  39.0 0.060562 0.051715 0.038487 hargrave 2017-10-16 14:07:03 
TT 300 040.2  57.5 030.4  39.9 2.43E-05 002.5 203.4  39.1 0.109753 0.047253 0.044408 hargrave 2017-10-17 10:56:37 
TT 350 039.9  55.8 030.7  38.2 2.39E-05 002.1 205.1  40.2 0.070987 0.045281 0.046440 hargrave 2017-10-18 09:03:29 
TT 400 042.8  57.0 032.3  39.8 2.32E-05 002.1 202.5  40.4 0.059718 0.066568 0.036553 hargrave 2017-10-20 16:42:33 
TT 450 044.2  57.6 033.0  40.5 2.26E-05 001.8 201.3  40.5 0.047271 0.055660 0.025091 hargrave 2017-10-23 11:18:56 
TT 475 044.5  57.3 033.4  40.2 2.23E-05 002.1 201.4  40.9 0.051392 0.059272 0.032148 hargrave 2017-10-24 08:44:07 
TT 500 045.7  57.0 034.3  40.1 2.19E-05 002.1 201.0  41.5 0.050935 0.059546 0.032526 hargrave 2017-10-25 08:23:44 
TT 525 045.9  56.6 034.6  39.8 2.15E-05 002.0 201.2  41.9 0.053136 0.056939 0.023242 hargrave 2017-10-26 18:51:51 
TT 550 045.3  55.7 034.5  38.8 2.09E-05 002.5 202.4  42.4 0.062164 0.072001 0.022726 hargrave 2017-10-27 16:47:09 
TT 555 051.6  57.0 038.4  41.0 2.04E-05 002.2 197.5  43.4 0.090504 0.019346 0.034122 hargrave 2017-10-28 19:18:28 
TT 560 046.3  55.9 035.1  39.1 1.99E-05 002.9 201.6  42.6 0.060089 0.078072 0.034237 hargrave 2017-11-03 14:55:58 
TT 565 049.0  56.2 036.8  39.8 1.95E-05 002.4 199.7  43.2 0.049171 0.055799 0.038403 hargrave 2017-11-05 13:48:55 
TT 570 049.6  56.5 037.2  40.2 1.95E-05 002.3 199.1  43.2 0.049412 0.055114 0.032663 hargrave 2017-11-09 11:22:08 
TT 575 048.5  55.7 036.7  39.3 1.93E-05 002.9 200.4  43.5 0.064753 0.069455 0.037564 hargrave 2017-11-09 20:13:30 
TT 580 048.2  55.5 036.5  39.1 1.91E-05 002.8 200.8  43.5 0.054336 0.070235 0.036416 hargrave 2017-11-14 15:59:13 
TT 600 051.2  55.0 038.9  39.0 1.95E-05 002.1 199.2  45.0 0.056458 0.049580 0.021237 hargrave 2017-11-17 15:11:27 
TT 620 050.9  52.9 039.4  36.9 1.81E-05 002.2 201.2  46.6 0.048635 0.052865 0.022967 hargrave 2017-11-19 14:29:15 
TT 630 057.6  53.2 044.1  38.4 1.72E-05 001.9 195.8  48.4 0.043991 0.039948 0.027441 hargrave 2017-11-21 13:43:03 
TT 640 051.0  51.1 040.1  35.3 1.70E-05 001.9 202.6  48.1 0.056328 0.038063 0.029818 hargrave 2017-11-27 13:00:21 
TT 645 068.9  54.4 051.8  41.9 1.57E-05 001.8 185.6  49.3 0.048843 0.036572 0.038936 hargrave 2017-11-28 11:55:09 
TT 650 044.9  48.1 036.4  31.4 1.77E-05 001.9 210.0  47.7 0.035778 0.033965 0.067552 hargrave 2017-12-08 17:38:45 
TT 655 075.6  56.9 055.1  45.8 1.55E-05 001.8 179.7  47.0 0.040186 0.031127 0.059717 hargrave 2017-12-11 18:20:47 
TT 660 037.5  49.4 030.5  31.6 1.73E-05 001.9 213.1  43.1 0.050027 0.064969 0.071466 hargrave 2017-12-12 18:59:27 
TT 665 035.1  53.4 027.9  35.3 1.62E-05 002.8 209.9  39.6 0.057554 0.058813 0.049149 hargrave 2018-01-08 17:35:32 
TT 670 031.4  42.0 027.0  23.6 1.55E-05 003.2 224.8  43.0 0.072371 0.052503 0.071867 hargrave 2018-01-11 09:38:41 
TT 672 044.1  62.1 031.4  44.8 1.52E-05 002.8 197.6  37.1 0.070516 0.049604 0.069423 hargrave 2018-01-12 09:36:09 
TT 674 024.9  43.8 021.6  24.9 1.67E-05 003.4 224.8  37.9 0.070443 0.057442 0.094853 hargrave 2018-01-16 16:44:51 
TT 676 133.4  44.1 113.2  52.3 9.92E-06 004.1 133.8  32.4 0.039543 0.059355 0.074358 hargrave 2018-01-17 16:41:38 
TT 678 010.1  29.7 010.0  10.2 1.39E-05 005.3 243.5  28.3 0.097720 0.060436 0.083920 hargrave 2018-01-24 13:39:03 
TT 680 166.2 -04.8 165.7  13.1 9.52E-06 006.2 085.6 -02.2 0.034767 0.045030 0.095699 hargrave 2018-01-27 10:18:27 
TT 682 001.8  10.2 001.8 -09.2 1.10E-05 007.0 263.8  18.4 0.042802 0.063217 0.122918 hargrave 2018-01-31 17:56:52 
TT 684 173.3  23.0 169.5  41.6 5.70E-06 012.7 114.3 -01.8 0.042510 0.079146 0.107950 hargrave 2018-02-05 20:27:13 
TT 684 168.6  13.8 165.5  31.8 5.05E-06 014.8 104.2  00.0 0.055951 0.065371 0.112981 hargrave 2018-02-06 12:48:28 
TT 684 168.5  14.2 165.3  32.3 5.15E-06 014.9 104.6  00.3 0.057360 0.064356 0.116576 hargrave 2018-02-06 16:00:54 
TT 686 359.3 -03.4 358.5 -22.6 1.16E-05 005.8 276.9  12.8 0.040398 0.075247 0.099178 hargrave 2018-02-12 11:19:05 
TT 688 195.7  25.1 197.4  44.5 4.30E-06 017.1 123.8 -20.1 0.038369 0.048123 0.124566 hargrave 2018-02-26 11:39:30 
TT 688 190.8  18.3 191.1  37.8 4.57E-06 029.8 115.3 -18.8 0.067998 0.117591 0.225114 hargrave 2018-02-26 14:28:13 
TT 690 351.2  34.2 353.8  15.5 9.88E-06 015.0 237.5  12.7 0.046858 0.102368 0.243790 hargrave 2018-02-28 12:21:06 
TT 690 348.5  35.1 351.6  16.7 8.93E-06 015.4 236.2  10.6 0.046870 0.121608 0.219425 hargrave 2018-02-28 16:41:39 
