TR035 -Sa mag compass orientation (IGRF corrected)
   4.93 262.3  80.0 279.3  19.5   1.0
NRM    051.2  67.5 033.2  50.9 2.54E-05 002.3 199.2 -02.0 0.049055 0.081055 0.051542 hargrave 2017-10-13 19:52:37 
TT 100 058.0  66.9 037.4  51.3 2.48E-05 006.0 200.9  00.0 0.104520 0.236787 0.048604 hargrave 2017-10-15 19:57:54 
TT 200 056.6  70.0 034.6  54.0 2.50E-05 001.5 197.9  01.0 0.031253 0.050400 0.048692 hargrave 2017-10-16 14:01:26 
TT 300 061.6  71.2 036.2  55.7 2.54E-05 002.8 197.6  03.0 0.057409 0.105434 0.051022 hargrave 2017-10-17 10:50:12 
TT 350 064.2  70.3 038.3  55.3 2.54E-05 001.4 198.7  03.4 0.037279 0.048684 0.042384 hargrave 2017-10-18 08:57:55 
TT 400 069.4  69.8 041.5  55.8 2.50E-05 001.8 199.8  05.0 0.048150 0.061601 0.039649 hargrave 2017-10-20 16:36:58 
TT 450 072.5  68.7 044.1  55.5 2.43E-05 002.6 201.1  05.8 0.062340 0.090980 0.039184 hargrave 2017-10-23 11:12:58 
TT 475 072.2  69.6 043.2  56.1 2.43E-05 002.0 200.2  05.9 0.053212 0.068173 0.038454 hargrave 2017-10-24 08:38:07 
TT 500 075.2  69.8 044.6  56.8 2.40E-05 001.9 200.2  06.9 0.048059 0.062686 0.037986 hargrave 2017-10-25 08:18:06 
TT 525 075.4  69.7 044.8  56.8 2.37E-05 001.4 200.3  07.0 0.030305 0.051073 0.033044 hargrave 2017-10-26 18:45:22 
TT 550 078.8  68.7 047.6  56.7 2.34E-05 003.4 201.5  08.1 0.076778 0.114233 0.038332 hargrave 2017-10-27 16:41:28 
TT 555 081.1  67.3 050.3  56.0 2.30E-05 004.9 203.0  08.8 0.117920 0.160593 0.062460 hargrave 2017-10-28 19:13:44 
TT 560 078.6  67.6 048.6  55.8 2.25E-05 005.8 202.5  07.8 0.118218 0.189399 0.058245 hargrave 2017-11-03 14:50:00 
TT 565 077.9  70.7 044.9  58.2 2.21E-05 005.8 199.4  08.0 0.105458 0.192463 0.058367 hargrave 2017-11-05 13:42:57 
TT 570 079.6  69.4 047.3  57.4 2.23E-05 001.9 200.8  08.4 0.049413 0.044453 0.054370 hargrave 2017-11-09 11:16:07 
TT 575 081.2  70.3 047.2  58.4 2.22E-05 002.2 200.0  09.0 0.036154 0.054036 0.068437 hargrave 2017-11-09 20:07:57 
TT 580 079.7  68.6 048.1  56.8 2.20E-05 002.2 201.6  08.4 0.032339 0.063180 0.060024 hargrave 2017-11-14 15:53:10 
TT 600 082.9  67.0 051.6  56.2 2.21E-05 004.2 203.3  09.4 0.096816 0.134074 0.033923 hargrave 2017-11-17 15:05:26 
TT 620 086.7  67.7 053.1  57.6 2.10E-05 003.9 202.7  10.9 0.086795 0.119557 0.030099 hargrave 2017-11-19 14:23:18 
TT 630 091.2  65.6 058.0  57.0 2.04E-05 002.7 204.7  12.8 0.067572 0.071264 0.038435 hargrave 2017-11-21 13:37:08 
TT 640 086.1  62.8 057.7  53.5 2.06E-05 001.7 207.6  10.6 0.058563 0.043370 0.029232 hargrave 2017-11-27 12:54:22 
TT 645 094.4  72.4 050.6  62.9 1.97E-05 002.6 197.7  13.2 0.037078 0.089107 0.039783 hargrave 2017-11-28 11:49:05 
TT 650 089.1  55.2 066.0  47.8 2.19E-05 003.5 215.4  12.1 0.089551 0.061866 0.098204 hargrave 2017-12-08 17:32:52 
TT 655 102.5  74.7 049.9  66.1 1.65E-05 002.9 194.9  14.9 0.050334 0.058907 0.063559 hargrave 2017-12-11 18:14:56 
TT 660 087.2  67.0 054.2  57.1 2.12E-05 002.2 203.4  11.1 0.044886 0.077762 0.066376 hargrave 2017-12-12 18:53:34 
TT 665 083.3  50.2 064.8  41.7 1.97E-05 003.5 220.3  08.3 0.083543 0.073724 0.069144 hargrave 2018-01-08 17:29:35 
TT 670 063.3  74.6 034.0  58.9 1.78E-05 003.8 194.6  04.7 0.069838 0.087349 0.070733 hargrave 2018-01-11 09:32:43 
TT 672 084.6  44.8 068.7  37.2 1.66E-05 007.1 225.8  08.6 0.171625 0.117934 0.074133 hargrave 2018-01-12 09:29:58 
TT 674 103.5  30.2 092.1  29.7 1.35E-05 004.2 241.3  23.3 0.049048 0.037717 0.090956 hargrave 2018-01-16 16:38:53 
TT 676 254.2  50.9 280.0  55.2 9.85E-06 004.2 140.2  12.8 0.066041 0.057244 0.071861 hargrave 2018-01-17 16:35:39 
TT 678 073.6  68.7 044.8  55.6 1.12E-05 006.8 201.2  06.2 0.052519 0.077606 0.101513 hargrave 2018-01-24 13:34:16 
TT 680 255.1  03.4 257.4  11.1 8.60E-06 005.8 092.1  07.7 0.038036 0.049220 0.084481 hargrave 2018-01-27 10:12:30 
TT 682 355.2  75.9 003.1  56.7 5.50E-06 014.0 180.7 -04.1 0.052480 0.073000 0.116272 hargrave 2018-01-31 17:50:53 
TT 682 338.8  79.3 358.2  60.8 5.42E-06 019.6 177.5 -00.4 0.046328 0.112469 0.154148 hargrave 2018-02-02 11:40:29 
TT 682 350.4  79.9 002.6  60.7 5.24E-06 019.8 179.7 -00.1 0.051894 0.093227 0.160956 hargrave 2018-02-02 13:16:59 
TT 684 282.6  30.9 293.6  27.9 6.82E-06 013.4 124.7 -11.7 0.045758 0.104156 0.124357 hargrave 2018-02-05 20:21:16 
TT 684 276.3  23.3 284.7  22.9 5.77E-06 014.8 115.7 -08.6 0.052058 0.061316 0.134468 hargrave 2018-02-06 12:40:14 
TT 684 277.4  29.1 288.1  27.9 5.88E-06 015.5 121.5 -08.1 0.067557 0.082741 0.129519 hargrave 2018-02-06 15:52:36 
TT 686 073.7  17.0 069.9  07.9 1.04E-05 008.5 251.7 -05.1 0.073966 0.075874 0.132706 hargrave 2018-02-12 11:13:07 
TT 686 074.0  11.6 071.8  02.9 9.90E-06 009.5 257.0 -05.9 0.053054 0.076827 0.156533 hargrave 2018-02-12 15:29:15 
TT 686 075.0  11.8 072.7  03.3 9.79E-06 009.5 257.1 -05.0 0.048550 0.062028 0.155582 hargrave 2018-02-12 17:55:25 
TT 686 076.6  09.2 074.9  01.3 9.86E-06 009.5 259.9 -04.0 0.041616 0.058249 0.162035 hargrave 2018-02-13 08:18:59 
TT 688 252.6 -11.6 250.5 -02.5 5.50E-06 012.0 076.8  07.3 0.020048 0.047208 0.117460 hargrave 2018-02-26 11:34:45 
TT 688 252.5 -15.7 249.1 -06.3 5.98E-06 023.3 072.7  06.6 0.039743 0.153718 0.250672 hargrave 2018-02-26 14:23:25 
TT 690 333.4  83.5 000.3  65.0 3.44E-06 042.1 177.9  03.9 0.064347 0.138998 0.270399 hargrave 2018-02-28 12:15:06 
TT 690 322.0  73.2 346.5  56.8 3.51E-06 037.4 171.6 -04.5 0.053049 0.119480 0.235180 hargrave 2018-02-28 16:35:41 
