TR035 -SSa mag compass orientation (IGRF corrected)
   8.99 221.3  50.0 279.3  19.5   1.0
NRM    004.1  61.3 006.0  41.9 1.06E-05 005.5 204.0  20.0 0.034502 0.089230 0.041786 hargrave 2017-10-13 20:32:17 
TT 100 000.7  61.3 003.7  41.9 9.69E-06 003.3 202.7  18.9 0.019472 0.035392 0.048371 hargrave 2017-10-15 20:27:16 
TT 200 355.9  62.1 000.8  42.9 9.64E-06 003.4 200.2  18.2 0.017563 0.041014 0.042786 hargrave 2017-10-16 14:37:48 
TT 300 352.7  63.8 359.1  44.8 9.10E-06 003.3 198.0  18.8 0.019808 0.039868 0.037304 hargrave 2017-10-17 11:27:21 
TT 350 355.7  63.0 000.8  43.8 8.82E-06 003.8 199.6  18.9 0.018500 0.048718 0.036986 hargrave 2017-10-18 09:34:03 
TT 400 352.1  63.6 358.7  44.6 8.42E-06 002.8 197.9  18.5 0.019148 0.028250 0.033700 hargrave 2017-10-20 17:10:14 
TT 450 354.1  63.7 359.9  44.6 8.08E-06 003.4 198.6  19.1 0.022788 0.028809 0.039999 hargrave 2017-10-23 11:48:58 
TT 475 348.5  66.2 357.1  47.4 7.81E-06 003.0 195.1  20.0 0.021128 0.026852 0.033952 hargrave 2017-10-24 09:14:25 
TT 500 346.4  67.0 356.1  48.4 7.44E-06 003.1 193.9  20.3 0.022174 0.027722 0.031236 hargrave 2017-10-25 08:52:12 
TT 525 342.1  67.4 353.7  49.1 7.00E-06 002.4 192.1  19.9 0.019627 0.018168 0.021003 hargrave 2017-10-26 19:22:43 
TT 550 341.3  68.0 353.5  49.8 6.76E-06 002.8 191.5  20.3 0.023606 0.026873 0.020552 hargrave 2017-10-27 17:17:14 
TT 555 341.1  69.4 354.0  51.2 6.51E-06 002.8 190.8  21.6 0.022879 0.021809 0.022888 hargrave 2017-10-28 19:41:56 
TT 560 341.2  69.3 354.0  51.0 6.28E-06 003.2 190.9  21.5 0.024308 0.026603 0.023876 hargrave 2017-11-03 15:26:12 
TT 565 341.7  69.3 354.2  51.0 6.17E-06 003.2 191.1  21.6 0.021278 0.027259 0.024266 hargrave 2017-11-05 14:18:18 
TT 570 337.9  69.8 352.4  51.8 6.12E-06 003.1 189.6  21.5 0.025861 0.025139 0.022477 hargrave 2017-11-09 11:51:39 
TT 575 341.7  70.4 354.7  52.1 5.71E-06 003.4 190.6  22.6 0.022245 0.024987 0.023956 hargrave 2017-11-09 20:41:49 
TT 580 346.3  70.7 357.2  52.0 5.66E-06 003.6 191.9  23.5 0.026000 0.025628 0.023611 hargrave 2017-11-14 16:28:48 
TT 600 341.7  74.3 356.4  55.8 5.35E-06 003.2 188.8  26.1 0.023414 0.022278 0.018801 hargrave 2017-11-17 15:41:32 
TT 620 322.4  76.1 349.1  59.3 5.08E-06 004.1 183.0  26.3 0.024229 0.026727 0.021424 hargrave 2017-11-19 14:59:29 
TT 630 304.6  74.5 340.0  60.5 5.20E-06 004.9 178.0  24.6 0.025213 0.025555 0.034148 hargrave 2017-11-21 14:12:15 
TT 640 164.9  69.3 095.9  81.6 3.32E-06 009.3 159.6  55.8 0.022694 0.039759 0.039046 hargrave 2017-11-27 13:30:01 
TT 640 168.1  66.1 118.4  81.1 3.23E-06 007.5 153.8  56.7 0.022156 0.015364 0.039484 hargrave 2017-11-27 14:45:02 
TT 645 263.2  70.3 314.3  66.7 5.13E-06 007.0 163.9  25.7 0.022675 0.036982 0.049624 hargrave 2017-11-28 12:24:51 
TT 650 136.8  16.8 130.1  27.9 2.72E-06 014.3 013.2  66.4 0.020424 0.060073 0.049942 hargrave 2017-12-08 18:07:19 
TT 650 157.0  02.0 155.1  18.4 3.71E-06 008.5 038.2  45.4 0.028846 0.028909 0.061152 hargrave 2017-12-11 10:14:27 
TT 650 156.0  03.2 153.8  19.3 3.61E-06 009.5 037.7  46.9 0.034679 0.037273 0.057265 hargrave 2017-12-11 10:27:41 
TT 655 042.2  26.8 038.8  10.1 5.32E-06 006.7 249.3  17.5 0.021623 0.062872 0.066638 hargrave 2017-12-11 18:50:02 
TT 660 137.8 -33.6 145.2 -20.4 4.65E-06 013.1 005.6  16.1 0.020341 0.081286 0.070651 hargrave 2017-12-12 19:29:38 
TT 660 151.7 -32.5 156.8 -16.5 5.84E-06 008.4 017.7  15.1 0.027583 0.043379 0.077827 hargrave 2017-12-13 10:22:41 
TT 660 144.7 -34.4 151.4 -19.6 5.79E-06 011.0 011.4  14.6 0.035849 0.076026 0.085279 hargrave 2017-12-13 10:40:34 
TT 665 050.7  15.7 048.8  00.8 6.36E-06 006.1 263.6  17.1 0.036155 0.041112 0.051660 hargrave 2018-01-08 18:05:47 
TT 670 099.3 -18.2 105.5 -17.2 6.11E-06 006.3 326.4  24.6 0.043955 0.037963 0.041962 hargrave 2018-01-11 10:11:14 
TT 672 068.0 -21.7 076.7 -30.7 6.47E-06 007.5 303.6  04.7 0.069658 0.037550 0.055561 hargrave 2018-01-12 10:07:07 
TT 674 100.8 -33.2 113.0 -30.5 7.11E-06 005.9 334.3  11.6 0.025960 0.037553 0.059950 hargrave 2018-01-16 17:14:52 
TT 676 054.4 -06.5 057.8 -19.9 7.08E-06 005.7 283.5  05.8 0.056711 0.050529 0.041409 hargrave 2018-01-17 17:15:18 
TT 678 151.9 -41.1 159.0 -24.8 8.73E-06 004.8 015.5  06.8 0.017328 0.063627 0.045594 hargrave 2018-01-24 14:02:36 
TT 680 043.4  01.0 044.8 -15.1 7.22E-06 005.2 270.6  02.2 0.048518 0.043848 0.042878 hargrave 2018-01-27 10:48:35 
TT 682 294.7  48.7 312.5  40.5 5.04E-06 021.4 169.1 -00.1 0.057542 0.184152 0.055101 hargrave 2018-01-31 18:27:35 
TT 682 313.8  51.0 328.2  37.8 4.94E-06 010.6 181.6  01.0 0.037017 0.062957 0.066466 hargrave 2018-02-02 11:53:44 
TT 682 311.5  51.0 326.5  38.4 4.90E-06 012.2 180.1  01.0 0.040966 0.077385 0.070749 hargrave 2018-02-02 13:25:49 
TT 684 039.0  02.5 040.0 -14.4 7.81E-06 008.5 266.6 -00.2 0.093470 0.079949 0.061243 hargrave 2018-02-05 21:00:20 
TT 684 037.9  05.4 038.5 -11.8 8.03E-06 007.4 263.7  00.9 0.073183 0.069343 0.065867 hargrave 2018-02-06 13:05:24 
TT 686 107.6 -37.4 120.9 -32.3 6.41E-06 004.7 341.1  09.6 0.017373 0.031366 0.041592 hargrave 2018-02-12 11:48:12 
TT 688 040.2  03.7 041.0 -13.0 8.10E-06 004.6 266.4  01.5 0.031515 0.038742 0.055238 hargrave 2018-02-26 12:04:16 
TT 690 120.8 -33.6 130.7 -24.9 7.39E-06 008.0 350.9  15.7 0.042765 0.062374 0.090612 hargrave 2018-02-28 12:50:05 
TT 690 124.3 -35.0 134.2 -25.2 7.32E-06 007.9 354.0  14.7 0.038519 0.066129 0.084377 hargrave 2018-02-28 17:09:33 
