TR035 -Aa sun compass orientation
   0.27 199.2  76.0 267.8  25.2   1.0
NRM    099.6  28.7 084.9  30.7 4.65E-05 002.4 209.7  72.8 0.154432 0.118565 0.056982 hargrave 2017-10-13 19:24:31 
TT 100 099.3  26.9 085.7  29.0 4.59E-05 002.5 214.1  74.1 0.137188 0.140385 0.044793 hargrave 2017-10-15 19:31:41 
TT 200 100.2  26.5 086.8  29.1 4.58E-05 002.2 212.5  74.9 0.123755 0.117822 0.055836 hargrave 2017-10-16 13:32:31 
TT 300 100.2  25.8 087.1  28.4 4.53E-05 002.5 214.3  75.5 0.146340 0.126526 0.055484 hargrave 2017-10-17 10:24:40 
TT 350 101.1  25.6 088.1  28.7 4.50E-05 002.4 211.9  76.1 0.147164 0.118719 0.052590 hargrave 2017-10-18 08:33:21 
TT 400 102.1  25.1 089.2  28.6 4.48E-05 002.2 210.1  77.1 0.132480 0.109189 0.062363 hargrave 2017-10-20 16:12:23 
TT 450 102.6  24.1 090.2  28.0 4.40E-05 001.8 210.5  78.1 0.097287 0.094437 0.047557 hargrave 2017-10-23 10:45:39 
TT 475 103.2  24.0 090.8  28.1 4.39E-05 002.0 208.6  78.5 0.125787 0.091400 0.055557 hargrave 2017-10-24 08:12:00 
TT 500 103.6  23.8 091.3  28.1 4.31E-05 002.0 207.5  78.9 0.126894 0.090357 0.049593 hargrave 2017-10-24 19:02:41 
TT 525 103.9  23.3 091.8  27.8 4.31E-05 002.0 207.7  79.5 0.117337 0.094074 0.054117 hargrave 2017-10-26 18:18:18 
TT 550 104.9  23.4 092.6  28.3 4.25E-05 002.0 202.8  79.7 0.116444 0.089244 0.056982 hargrave 2017-10-27 16:16:55 
TT 555 104.9  23.6 092.6  28.5 4.03E-05 002.5 202.4  79.6 0.134853 0.115255 0.186779 hargrave 2017-10-28 17:50:05 
TT 560 104.9  23.0 092.9  28.0 4.04E-05 002.5 203.6  80.1 0.129195 0.120314 0.044149 hargrave 2017-11-03 14:23:53 
TT 565 104.7  22.6 092.9  27.5 3.99E-05 002.8 205.7  80.4 0.147833 0.129251 0.040495 hargrave 2017-11-05 13:16:45 
TT 570 105.2  22.3 093.5  27.5 3.98E-05 002.5 203.9  80.9 0.124931 0.115693 0.041580 hargrave 2017-11-09 10:49:56 
TT 575 105.9  22.1 094.3  27.6 3.95E-05 002.8 200.7  81.3 0.156852 0.113202 0.061755 hargrave 2017-11-09 19:43:35 
TT 580 104.6  21.8 093.3  26.8 3.89E-05 002.7 208.4  81.1 0.131719 0.131004 0.031159 hargrave 2017-11-14 15:26:38 
TT 600 105.5  21.1 094.5  26.5 4.01E-05 002.2 205.7  82.1 0.127120 0.095409 0.049357 hargrave 2017-11-17 14:39:22 
TT 620 105.5  21.4 094.3  26.7 3.77E-05 001.9 205.2  81.8 0.097893 0.088121 0.073645 hargrave 2017-11-19 13:57:04 
TT 630 117.8  16.4 108.4  27.4 3.85E-05 001.6 107.5  81.4 0.089180 0.068902 0.079279 hargrave 2017-11-21 13:09:52 
TT 640 086.2 -02.8 087.5 -03.2 3.37E-05 003.3 304.6  61.6 0.130234 0.090740 0.192127 hargrave 2017-11-27 12:27:07 
TT 645 081.7  40.6 062.9  33.7 4.59E-05 001.7 216.8  54.2 0.187333 0.102639 0.174185 hargrave 2017-11-28 11:22:22 
TT 650 074.6  50.8 051.0  39.8 3.65E-05 003.4 209.8  43.8 0.088685 0.079953 0.241567 hargrave 2017-12-08 17:07:19 
TT 655 140.3  44.4 114.2  61.0 4.72E-05 001.9 145.1  49.7 0.193545 0.102371 0.246737 hargrave 2017-12-11 17:49:15 
TT 660 044.6  36.6 035.7  17.8 4.49E-05 002.4 235.6  28.6 0.146056 0.125494 0.235680 hargrave 2017-12-12 18:27:19 
TT 665 101.7  66.1 050.3  60.3 4.23E-05 001.8 183.8  37.6 0.233337 0.101509 0.220869 hargrave 2018-01-08 17:01:48 
TT 670 001.5  58.7 000.1  33.6 3.57E-05 003.2 209.7  03.1 0.160701 0.120473 0.190860 hargrave 2018-01-11 09:06:32 
TT 672 191.3  32.0 198.6  56.2 3.51E-05 005.0 120.0  14.0 0.311948 0.097373 0.177406 hargrave 2018-01-12 09:03:52 
TT 674 006.9  31.2 005.6  06.2 3.93E-05 004.1 236.8 -03.0 0.110743 0.140876 0.246597 hargrave 2018-01-16 16:12:38 
TT 676 200.0  28.3 209.7  50.9 2.30E-05 005.8 117.8  05.9 0.137692 0.084616 0.198066 hargrave 2018-01-17 16:08:45 
TT 678 007.4  26.2 006.5  01.3 3.97E-05 004.0 241.7 -04.0 0.134114 0.093829 0.247346 hargrave 2018-01-24 13:14:27 
TT 680 231.2  51.9 268.1  60.3 1.68E-05 007.4 148.2 -07.3 0.116644 0.097194 0.182459 hargrave 2018-01-27 09:48:10 
TT 682 007.2  34.7 005.6  09.8 2.54E-05 005.7 233.5 -01.6 0.104558 0.122239 0.225946 hargrave 2018-01-31 17:26:18 
TT 684 259.1  72.1 317.8  61.7 1.56E-05 007.5 171.1 -01.6 0.105302 0.104023 0.174455 hargrave 2018-02-05 19:54:30 
TT 686 006.4  33.9 005.0  08.9 2.74E-05 005.6 234.1 -02.5 0.098457 0.130383 0.245515 hargrave 2018-02-12 10:48:33 
TT 688 265.2  77.2 329.1  62.4 1.47E-05 009.8 174.8  02.2 0.065413 0.152987 0.203105 hargrave 2018-02-26 11:15:12 
TT 688 256.0  75.0 323.0  63.7 1.43E-05 010.9 171.9  01.4 0.064250 0.112572 0.248551 hargrave 2018-02-26 14:08:25 
TT 690 349.9  54.9 352.5  29.9 1.68E-05 011.9 210.1 -04.3 0.096271 0.086385 0.341008 hargrave 2018-02-28 11:50:42 
TT 690 342.3  53.7 347.3  29.1 1.68E-05 009.3 208.6 -08.6 0.072076 0.087286 0.261105 hargrave 2018-02-28 16:12:35 
