TR035 -Ja mag compass orientation (IGRF corrected)
   2.31 208.3  73.0 279.3  19.5   1.0
NRM    017.2  46.3 015.4  26.9 2.69E-05 003.3 222.9  04.8 0.111183 0.110963 0.043599 hargrave 2017-10-13 19:37:55 
TT 100 020.3  41.8 018.2  22.6 2.61E-05 003.5 227.8  05.5 0.110993 0.103047 0.066819 hargrave 2017-10-15 19:44:14 
TT 200 019.3  45.0 017.1  25.7 2.57E-05 001.4 224.6  05.8 0.040240 0.035548 0.053270 hargrave 2017-10-16 13:44:52 
TT 300 018.9  47.0 016.7  27.7 2.61E-05 003.5 222.6  06.1 0.282476 0.046598 0.046742 hargrave 2017-10-17 10:37:06 
TT 350 020.9  44.0 018.4  24.8 2.48E-05 001.7 225.9  06.5 0.048028 0.049998 0.046801 hargrave 2017-10-18 08:45:45 
TT 400 021.5  44.7 018.9  25.6 2.42E-05 002.0 225.3  07.2 0.078755 0.047192 0.040808 hargrave 2017-10-20 16:24:49 
TT 450 021.7  45.0 019.0  25.9 2.30E-05 001.6 225.1  07.4 0.044499 0.037765 0.046195 hargrave 2017-10-23 10:59:53 
TT 475 022.3  44.6 019.6  25.4 2.27E-05 001.4 225.7  07.7 0.048599 0.036424 0.035395 hargrave 2017-10-24 08:25:11 
TT 500 022.9  44.9 020.0  25.8 2.23E-05 001.7 225.4  08.2 0.055127 0.043615 0.036470 hargrave 2017-10-24 19:16:43 
TT 525 023.6  44.2 020.6  25.2 2.17E-05 002.5 226.2  08.5 0.074085 0.062193 0.037805 hargrave 2017-10-26 18:31:29 
TT 550 022.6  46.7 019.6  27.6 2.11E-05 004.1 223.6  08.5 0.107089 0.108354 0.033983 hargrave 2017-10-27 16:29:20 
TT 555 023.7  45.2 020.6  26.2 2.07E-05 003.1 225.3  08.8 0.100747 0.059460 0.039628 hargrave 2017-10-28 18:00:48 
TT 560 023.7  42.8 020.8  23.8 2.02E-05 003.2 227.6  08.2 0.077609 0.068736 0.056200 hargrave 2017-11-03 14:37:08 
TT 565 023.3  43.8 020.4  24.7 1.98E-05 006.3 226.6  08.2 0.154959 0.147193 0.055856 hargrave 2017-11-05 13:30:02 
TT 570 023.3  44.7 020.3  25.7 1.98E-05 002.2 225.7  08.4 0.051599 0.039085 0.053618 hargrave 2017-11-09 11:03:14 
TT 575 023.0  46.5 019.9  27.4 1.96E-05 002.2 223.9  08.7 0.055869 0.048960 0.045536 hargrave 2017-11-09 19:55:53 
TT 580 023.1  42.7 020.3  23.7 1.94E-05 002.3 227.6  07.7 0.048602 0.043479 0.057395 hargrave 2017-11-14 15:40:07 
TT 600 022.8  46.6 019.7  27.5 1.88E-05 005.2 223.8  08.6 0.130074 0.119181 0.030947 hargrave 2017-11-17 14:52:29 
TT 620 026.0  41.6 022.7  22.7 1.76E-05 003.9 229.2  09.5 0.093287 0.069442 0.047432 hargrave 2017-11-19 14:10:24 
TT 630 024.9  43.9 021.6  25.0 1.75E-05 002.4 226.7  09.3 0.051124 0.056913 0.051469 hargrave 2017-11-21 13:24:06 
TT 640 025.2  45.5 021.7  26.6 1.72E-05 002.4 225.2  09.9 0.054644 0.053689 0.048056 hargrave 2017-11-27 12:41:19 
TT 645 022.6  45.3 019.7  26.2 1.66E-05 002.5 225.0  08.1 0.053780 0.038481 0.063779 hargrave 2017-11-28 11:35:50 
TT 650 023.1  39.3 020.7  20.3 1.83E-05 003.6 230.9  06.8 0.055023 0.040539 0.102667 hargrave 2017-12-08 17:20:18 
TT 655 017.8  55.2 015.2  35.9 1.35E-05 004.0 214.5  08.1 0.044278 0.034036 0.090005 hargrave 2017-12-11 18:02:20 
TT 660 025.4  38.3 022.6  19.4 1.93E-05 003.2 232.4  08.2 0.037213 0.076525 0.099145 hargrave 2017-12-12 18:40:15 
TT 665 013.4  55.9 012.2  36.5 1.60E-05 004.0 213.0  06.0 0.038469 0.065713 0.093032 hargrave 2018-01-08 17:16:50 
TT 670 021.6  36.4 019.6  17.3 1.87E-05 003.7 233.3  04.8 0.066121 0.034562 0.105486 hargrave 2018-01-11 09:19:00 
TT 672 013.8  48.8 012.7  29.4 1.53E-05 003.4 219.7  03.6 0.026238 0.053239 0.086888 hargrave 2018-01-12 09:16:20 
TT 674 239.4  62.9 282.9  69.5 6.81E-06 006.3 157.1  02.0 0.023005 0.058611 0.048963 hargrave 2018-01-16 16:25:11 
TT 676 003.7  53.7 005.3  34.3 1.21E-05 004.4 212.5  00.0 0.023889 0.034161 0.091419 hargrave 2018-01-17 16:22:01 
TT 678 011.2  61.8 010.5  42.3 7.38E-06 007.1 207.1  07.2 0.034986 0.033559 0.085247 hargrave 2018-01-24 13:24:34 
TT 678 013.6  61.0 012.1  41.6 7.15E-06 008.5 208.2  07.9 0.037367 0.035953 0.099359 hargrave 2018-01-24 15:35:10 
TT 678 012.5  61.7 011.4  42.2 7.08E-06 008.5 207.4  07.7 0.035731 0.041904 0.097090 hargrave 2018-01-24 17:54:08 
TT 680 322.7  61.5 339.4  46.0 5.92E-06 008.5 191.5 -09.1 0.036687 0.042240 0.073256 hargrave 2018-01-27 10:00:33 
TT 680 330.1  61.4 344.1  44.7 5.56E-06 010.3 194.8 -07.6 0.032866 0.058977 0.088718 hargrave 2018-01-27 12:25:07 
TT 680 325.6  62.0 341.4  46.0 5.63E-06 009.1 192.5 -08.1 0.033435 0.048557 0.081529 hargrave 2018-01-27 13:24:50 
TT 682 025.0  34.8 022.7  15.9 1.01E-05 005.9 235.7  07.0 0.040814 0.045484 0.092898 hargrave 2018-01-31 17:38:46 
TT 684 279.9  70.5 322.8  62.5 4.67E-06 012.0 173.9 -01.6 0.026357 0.052019 0.083275 hargrave 2018-02-05 20:07:42 
TT 684 289.8  73.0 331.4  62.1 4.08E-06 012.9 177.5  00.2 0.032275 0.027362 0.087352 hargrave 2018-02-06 12:32:56 
TT 684 288.8  72.9 330.8  62.2 4.09E-06 012.9 177.2  00.1 0.030911 0.039648 0.083081 hargrave 2018-02-06 15:45:16 
TT 686 014.0  50.4 012.8  31.0 6.97E-06 007.9 218.2  04.3 0.016336 0.032014 0.091409 hargrave 2018-02-12 11:00:59 
TT 688 355.3  53.5 359.3  34.4 4.65E-06 010.8 210.0 -04.3 0.022658 0.026037 0.085469 hargrave 2018-02-26 11:25:12 
TT 688 355.7  51.7 359.3  32.6 4.42E-06 015.8 211.6 -05.2 0.031319 0.049677 0.121343 hargrave 2018-02-26 14:14:50 
TT 690 032.5  38.7 028.4  20.5 5.60E-06 014.2 233.2  13.7 0.023563 0.036874 0.135263 hargrave 2018-02-28 12:03:06 
TT 690 028.9  40.9 025.2  22.3 5.20E-06 014.2 230.5  11.5 0.027727 0.049313 0.121468 hargrave 2018-02-28 16:23:35 
