TR035 -TTa mag compass orientation (IGRF corrected)
   9.19 202.3  81.0 279.3  19.5   1.0
NRM    034.5  21.6 032.7  03.8 1.76E-05 004.1 249.9  14.6 0.114045 0.051680 0.040140 hargrave 2017-10-13 20:33:55 
TT 100 035.0  19.2 033.5  01.5 1.69E-05 002.3 252.4  14.8 0.049140 0.036160 0.045135 hargrave 2017-10-15 20:28:29 
TT 200 035.4  19.9 033.7  02.3 1.69E-05 002.0 251.7  15.3 0.038854 0.033442 0.040819 hargrave 2017-10-16 14:39:13 
TT 300 035.7  19.8 034.0  02.2 1.66E-05 003.9 251.8  15.5 0.097684 0.052097 0.037672 hargrave 2017-10-17 11:28:46 
TT 350 035.2  15.8 034.2 -01.9 1.62E-05 005.9 256.0  14.8 0.153640 0.051821 0.054835 hargrave 2017-10-18 09:35:27 
TT 400 036.2  17.7 034.8  00.1 1.58E-05 003.2 254.1  15.9 0.080861 0.043433 0.020510 hargrave 2017-10-20 17:11:42 
TT 450 037.9  16.1 036.7 -01.1 1.53E-05 002.3 255.8  17.3 0.045874 0.031023 0.034046 hargrave 2017-10-23 11:50:28 
TT 475 038.1  17.6 036.6  00.3 1.51E-05 003.0 254.3  17.7 0.071106 0.037352 0.029946 hargrave 2017-10-24 09:16:00 
TT 500 038.4  15.8 037.2 -01.4 1.47E-05 002.2 256.2  17.8 0.040634 0.034127 0.032648 hargrave 2017-10-25 08:53:41 
TT 525 039.0  15.2 037.9 -01.8 1.43E-05 002.0 256.8  18.4 0.032926 0.026880 0.032728 hargrave 2017-10-26 19:24:08 
TT 550 039.7  15.3 038.5 -01.7 1.39E-05 002.7 256.9  19.0 0.052899 0.034613 0.031139 hargrave 2017-10-27 17:18:43 
TT 555 040.9  16.6 039.4 -00.2 1.34E-05 002.0 255.5  20.3 0.047221 0.028273 0.035558 hargrave 2017-10-28 19:43:09 
TT 560 041.1  12.1 040.4 -04.5 1.32E-05 003.2 260.3  20.1 0.058548 0.030859 0.040175 hargrave 2017-11-03 15:27:42 
TT 565 041.6  11.6 041.0 -05.0 1.30E-05 002.5 260.9  20.5 0.037282 0.031085 0.038656 hargrave 2017-11-05 14:19:50 
TT 570 041.4  11.2 040.8 -05.4 1.30E-05 002.4 261.3  20.3 0.030585 0.030576 0.040984 hargrave 2017-11-09 11:53:10 
TT 575 041.5  11.7 040.9 -04.9 1.26E-05 003.2 260.7  20.5 0.059629 0.027063 0.037967 hargrave 2017-11-09 20:43:14 
TT 580 040.3  13.5 039.4 -03.4 1.26E-05 003.5 258.8  19.4 0.060384 0.035206 0.040922 hargrave 2017-11-14 16:30:18 
TT 600 044.5  10.7 044.0 -05.4 1.22E-05 003.6 262.2  23.3 0.071573 0.023567 0.031963 hargrave 2017-11-17 15:43:03 
TT 620 047.6  08.5 047.4 -06.9 1.17E-05 003.3 264.9  26.1 0.059712 0.023467 0.033374 hargrave 2017-11-19 15:00:59 
TT 630 046.7  11.2 046.0 -04.5 1.15E-05 002.9 261.9  25.5 0.048055 0.021690 0.038359 hargrave 2017-11-21 14:13:45 
TT 640 047.7  10.8 047.0 -04.6 1.07E-05 002.5 262.3  26.4 0.032415 0.024677 0.039995 hargrave 2017-11-27 13:31:31 
TT 645 056.0  11.9 054.8 -01.6 9.57E-06 003.2 261.7  34.7 0.041082 0.026097 0.052876 hargrave 2017-11-28 12:26:22 
TT 650 049.9  11.3 049.1 -03.6 1.20E-05 002.6 262.0  28.7 0.022094 0.027626 0.063103 hargrave 2017-12-08 18:08:48 
TT 655 057.9  13.4 056.2  00.3 8.80E-06 003.6 259.9  36.6 0.037906 0.023962 0.061794 hargrave 2017-12-11 18:51:31 
TT 660 049.4  11.7 048.5 -03.4 1.13E-05 003.1 261.5  28.2 0.040462 0.034961 0.064464 hargrave 2017-12-12 19:31:07 
TT 665 056.3  13.6 054.6  00.0 8.03E-06 004.8 259.6  35.0 0.039430 0.034364 0.047336 hargrave 2018-01-08 18:07:18 
TT 670 046.3  17.5 044.4  01.7 7.16E-06 004.6 254.8  25.5 0.028022 0.025188 0.049941 hargrave 2018-01-11 10:12:45 
TT 672 049.5  34.3 043.5  18.7 2.71E-06 008.1 235.9  27.4 0.018340 0.021276 0.032459 hargrave 2018-01-12 10:08:38 
TT 672 050.2  29.8 045.2  14.4 2.77E-06 009.8 240.9  28.6 0.017061 0.020499 0.044706 hargrave 2018-01-12 11:31:31 
TT 672 049.7  30.9 044.5  15.4 2.73E-06 009.8 239.7  28.0 0.017612 0.018811 0.045717 hargrave 2018-01-12 12:26:10 
TT 674 035.1  27.5 032.3  09.7 4.00E-06 005.3 243.8  15.4 0.017660 0.020617 0.031126 hargrave 2018-01-16 17:16:23 
TT 676 159.9 -09.3 160.1  07.7 1.37E-06 007.1 070.1  39.2 0.011649 0.018682 0.020909 hargrave 2018-01-17 17:16:56 
TT 678 014.2  15.7 014.1 -03.8 3.43E-06 005.7 253.2 -05.2 0.017123 0.015751 0.029716 hargrave 2018-01-24 14:03:48 
TT 680 199.9  52.4 209.8  71.3 1.46E-06 009.0 142.0  08.6 0.012393 0.013025 0.019899 hargrave 2018-01-27 10:50:06 
TT 680 198.4  53.7 207.6  72.7 1.41E-06 013.2 143.2  09.6 0.016332 0.019166 0.023969 hargrave 2018-01-27 12:38:54 
TT 680 199.4  52.9 209.1  71.9 1.42E-06 011.6 142.5  08.9 0.012800 0.014166 0.024317 hargrave 2018-01-27 13:36:42 
TT 682 323.1  80.3 353.8  62.9 2.32E-06 009.3 185.0  00.6 0.014556 0.031475 0.022431 hargrave 2018-01-31 18:29:05 
TT 682 351.9  75.8 001.6  56.7 2.28E-06 008.0 192.2  01.7 0.011729 0.017214 0.027275 hargrave 2018-02-02 11:55:14 
TT 684 279.0  73.9 328.3  65.0 1.36E-06 012.2 176.3 -06.7 0.009009 0.017738 0.023460 hargrave 2018-02-05 21:01:50 
TT 684 288.0  75.7 335.1  64.3 1.24E-06 014.2 178.9 -05.2 0.010704 0.019246 0.024730 hargrave 2018-02-06 13:06:49 
TT 684 284.7  75.4 333.3  64.7 1.24E-06 014.4 178.1 -05.5 0.010519 0.018503 0.025747 hargrave 2018-02-06 16:16:17 
TT 686 046.2 -51.7 070.4 -64.8 2.41E-06 005.7 325.2  07.2 0.013081 0.012491 0.018451 hargrave 2018-02-12 11:49:42 
TT 688 191.4 -13.6 191.3  05.9 2.84E-06 004.9 074.7  08.4 0.014527 0.016188 0.023379 hargrave 2018-02-26 12:05:29 
TT 690 034.4  16.7 033.3 -01.1 1.98E-06 015.9 255.0  14.1 0.018464 0.024790 0.049449 hargrave 2018-02-28 12:51:35 
TT 690 033.1  15.1 032.2 -02.8 1.87E-06 016.0 256.4  12.6 0.017887 0.025781 0.046594 hargrave 2018-02-28 17:11:03 
