TR035 -IIa mag compass orientation (IGRF corrected)
   7.73 178.3  77.0 279.3  19.5   1.0
NRM    056.7  51.1 044.3  36.3 6.14E-05 002.6 207.2  44.1 0.186803 0.184587 0.097978 hargrave 2017-10-13 20:21:15 
TT 100 055.6  49.4 044.1  34.4 6.09E-05 001.6 209.7  44.8 0.100957 0.108019 0.111095 hargrave 2017-10-15 20:19:00 
TT 200 065.1  54.8 048.8  41.4 6.00E-05 006.1 198.6  44.4 0.231373 0.591435 0.092426 hargrave 2017-10-16 14:28:12 
TT 300 063.0  53.8 047.7  40.1 5.97E-05 003.2 200.7  44.5 0.201678 0.250584 0.110254 hargrave 2017-10-17 11:17:44 
TT 350 062.8  54.0 047.5  40.2 5.96E-05 001.8 200.7  44.3 0.148111 0.107106 0.076360 hargrave 2017-10-18 09:24:29 
TT 400 057.4  50.6 045.0  36.0 5.93E-05 002.6 207.3  44.8 0.189141 0.184083 0.085933 hargrave 2017-10-20 17:00:40 
TT 450 059.3  51.3 046.1  37.0 5.85E-05 002.5 205.4  45.1 0.129531 0.216791 0.069035 hargrave 2017-10-23 11:38:47 
TT 475 059.5  51.9 046.1  37.5 5.82E-05 002.2 204.8  44.8 0.147103 0.156749 0.068158 hargrave 2017-10-24 09:04:08 
TT 500 060.0  51.9 046.4  37.7 5.78E-05 002.0 204.4  45.0 0.123924 0.149858 0.072888 hargrave 2017-10-25 08:42:36 
TT 525 059.1  50.9 046.1  36.6 5.74E-05 001.8 205.9  45.3 0.099781 0.131478 0.077496 hargrave 2017-10-26 19:11:26 
TT 550 058.5  50.8 045.8  36.3 5.69E-05 002.3 206.4  45.2 0.139011 0.172287 0.077568 hargrave 2017-10-27 17:06:01 
TT 555 058.6  50.4 046.0  36.0 5.59E-05 003.1 206.7  45.5 0.223029 0.216057 0.091173 hargrave 2017-10-28 19:33:53 
TT 560 062.0  53.0 047.4  39.2 5.45E-05 002.5 202.0  44.8 0.126467 0.180039 0.098500 hargrave 2017-11-03 15:15:59 
TT 565 060.8  52.4 046.8  38.3 5.42E-05 002.3 203.4  44.9 0.130673 0.142705 0.111931 hargrave 2017-11-05 14:08:03 
TT 570 060.2  52.3 046.4  38.1 5.43E-05 002.3 204.0  44.7 0.140207 0.136913 0.099740 hargrave 2017-11-09 11:41:22 
TT 575 057.8  50.6 045.3  36.0 5.38E-05 003.6 207.1  45.0 0.178748 0.273333 0.096227 hargrave 2017-11-09 20:31:29 
TT 580 059.3  51.8 046.0  37.4 5.35E-05 002.4 205.0  44.8 0.129262 0.149753 0.113080 hargrave 2017-11-14 16:18:34 
TT 600 060.4  51.3 046.9  37.2 5.48E-05 003.1 204.7  45.6 0.162523 0.247611 0.069697 hargrave 2017-11-17 15:31:22 
TT 620 059.5  50.7 046.5  36.5 5.32E-05 002.1 205.9  45.6 0.115080 0.144680 0.062683 hargrave 2017-11-19 14:49:17 
TT 630 062.3  51.4 048.3  37.7 5.20E-05 001.9 203.3  46.3 0.109532 0.126148 0.052366 hargrave 2017-11-21 14:02:05 
TT 640 060.7  51.0 047.3  37.0 5.09E-05 002.0 204.8  45.9 0.128012 0.120720 0.057204 hargrave 2017-11-27 13:19:46 
TT 645 057.9  49.7 045.7  35.2 5.04E-05 002.4 207.9  45.6 0.141712 0.163811 0.045934 hargrave 2017-11-28 12:14:31 
TT 650 061.6  52.2 047.4  38.3 5.04E-05 001.7 203.1  45.3 0.071126 0.110329 0.091323 hargrave 2017-12-08 17:57:16 
TT 655 063.6  52.7 048.7  39.2 5.03E-05 002.9 201.2  45.6 0.100493 0.230963 0.066425 hargrave 2017-12-11 18:40:00 
TT 660 083.6  58.1 059.9  48.8 4.84E-05 001.8 183.5  44.8 0.085859 0.130448 0.049888 hargrave 2017-12-12 19:19:36 
TT 665 063.8  52.9 048.8  39.4 4.82E-05 006.6 201.0  45.6 0.232679 0.505055 0.063890 hargrave 2018-01-08 17:55:34 
TT 670 075.1  56.8 054.8  45.6 4.67E-05 004.7 190.1  45.0 0.114293 0.358205 0.107760 hargrave 2018-01-11 10:00:53 
TT 672 062.4  49.7 049.1  36.2 4.70E-05 009.1 204.7  47.6 0.338890 0.674134 0.100266 hargrave 2018-01-12 09:56:49 
TT 672 066.2  52.0 050.9  39.1 4.73E-05 003.2 199.9  47.1 0.116915 0.228143 0.102453 hargrave 2018-01-12 11:26:52 
TT 674 058.6  52.0 045.3  37.5 4.50E-05 005.5 205.3  44.3 0.164058 0.391390 0.087178 hargrave 2018-01-16 17:03:45 
TT 676 060.8  44.2 050.0  30.5 4.46E-05 013.0 211.7  51.0 0.523782 0.884616 0.079231 hargrave 2018-01-17 17:03:54 
TT 676 069.3  50.2 054.1  38.1 4.60E-05 004.8 198.8  49.7 0.131065 0.351350 0.132652 hargrave 2018-01-22 09:43:43 
TT 678 076.1  57.1 055.3  46.1 2.16E-05 070.9 189.3  44.9 1.620222 0.271560 1.634230 hargrave 2018-01-24 13:10:26 
TT 678 056.8  48.5 045.3  33.9 4.16E-05 015.5 209.8  46.0 0.558816 1.008671 0.095566 hargrave 2018-01-24 13:54:23 
TT 678 054.0  48.0 043.3  32.8 4.25E-05 009.8 212.1  44.9 0.365023 0.627943 0.117294 hargrave 2018-01-24 15:41:43 
TT 678 053.1  47.6 042.8  32.3 4.26E-05 008.9 213.1  44.7 0.351264 0.558813 0.108670 hargrave 2018-01-24 17:59:18 
TT 680 068.9  48.9 054.4  36.9 3.90E-05 004.4 200.1  50.7 0.204306 0.232640 0.072437 hargrave 2018-01-27 10:38:12 
TT 682 065.7  52.6 050.3  39.5 3.23E-05 009.9 199.8  46.5 0.227649 0.513426 0.069935 hargrave 2018-01-31 18:17:21 
TT 682 055.7  49.0 044.3  34.1 3.20E-05 007.7 210.0  45.1 0.193881 0.371578 0.118274 hargrave 2018-02-02 11:45:13 
TT 684 070.0  50.8 054.3  38.9 2.72E-05 009.2 197.7  49.3 0.140546 0.409503 0.096591 hargrave 2018-02-05 20:50:10 
TT 684 062.1  47.7 049.6  34.2 2.73E-05 008.2 206.9  49.0 0.189100 0.336111 0.106400 hargrave 2018-02-06 12:56:01 
TT 684 055.1  40.1 046.7  25.4 2.67E-05 014.8 221.0  50.2 0.438380 0.542735 0.118391 hargrave 2018-02-06 16:06:48 
TT 686 059.7  51.8 046.2  37.6 1.77E-05 006.2 204.6  44.9 0.055580 0.146821 0.119855 hargrave 2018-02-12 11:37:59 
TT 688 068.3  35.7 059.1  24.2 1.14E-05 004.5 215.0  61.1 0.039291 0.059164 0.096050 hargrave 2018-02-26 11:56:01 
TT 690 077.0  51.7 059.2  41.4 4.53E-06 025.5 190.9  50.3 0.056336 0.126723 0.187069 hargrave 2018-02-28 12:39:52 
TT 690 089.1  54.6 066.4  47.3 4.16E-06 028.1 179.3  48.4 0.056290 0.153812 0.170311 hargrave 2018-02-28 16:58:04 
