TR035 -Za sun compass orientation
   5.96 172.5  85.0 279.3  19.5   1.0
NRM    189.0  57.7 188.5  77.2 4.84E-05 004.0 149.1 -04.4 0.177167 0.277005 0.099083 hargrave 2017-10-13 20:07:08 
TT 100 187.0  55.1 184.4  74.6 4.98E-05 002.1 146.3 -04.1 0.197368 0.107262 0.091380 hargrave 2017-10-15 20:08:21 
TT 200 187.8  56.4 185.9  75.9 4.93E-05 001.4 147.6 -04.2 0.069311 0.060611 0.088765 hargrave 2017-10-16 14:14:12 
TT 300 187.9  56.0 186.1  75.4 4.92E-05 001.5 147.2 -04.3 0.085190 0.060902 0.101906 hargrave 2017-10-17 11:03:53 
TT 350 187.3  54.1 185.2  73.6 4.91E-05 001.2 145.4 -04.5 0.038611 0.048712 0.090444 hargrave 2017-10-18 09:10:39 
TT 400 187.5  54.3 185.5  73.8 4.90E-05 001.2 145.5 -04.6 0.043507 0.051476 0.088183 hargrave 2017-10-20 16:48:17 
TT 450 187.4  54.3 185.4  73.7 4.87E-05 001.5 145.5 -04.5 0.075923 0.092996 0.065534 hargrave 2017-10-23 11:25:43 
TT 475 186.5  52.1 183.9  71.5 4.87E-05 002.2 143.3 -04.5 0.111107 0.133547 0.070065 hargrave 2017-10-24 08:50:59 
TT 500 186.9  52.5 184.6  71.9 4.87E-05 001.2 143.7 -04.7 0.045989 0.053968 0.084010 hargrave 2017-10-25 08:30:13 
TT 525 186.7  51.8 184.2  71.2 4.84E-05 001.5 143.0 -04.7 0.039072 0.087794 0.101392 hargrave 2017-10-26 18:57:32 
TT 550 185.7  48.9 182.8  68.3 4.80E-05 001.3 140.0 -04.8 0.045092 0.058293 0.094667 hargrave 2017-10-27 16:52:52 
TT 555 184.5  48.5 180.8  67.9 4.75E-05 003.1 139.5 -04.1 0.121671 0.168730 0.153208 hargrave 2017-10-28 19:23:19 
TT 560 186.0  51.8 182.9  71.3 4.64E-05 005.1 143.0 -04.3 0.267572 0.285512 0.137496 hargrave 2017-11-03 15:01:56 
TT 565 186.3  50.7 183.6  70.1 4.60E-05 002.2 141.9 -04.7 0.075956 0.089471 0.135897 hargrave 2017-11-05 13:54:54 
TT 570 186.2  50.7 183.6  70.1 4.59E-05 001.8 141.8 -04.7 0.055095 0.055069 0.125683 hargrave 2017-11-09 11:28:13 
TT 575 186.1  49.7 183.5  69.2 4.57E-05 002.2 140.9 -04.9 0.054714 0.081955 0.158811 hargrave 2017-11-09 20:19:08 
TT 580 185.2  49.9 181.7  69.3 4.54E-05 002.5 140.9 -04.2 0.105066 0.091186 0.142424 hargrave 2017-11-14 16:05:20 
TT 600 186.3  49.9 183.8  69.4 4.64E-05 004.7 141.1 -05.0 0.259996 0.270475 0.090814 hargrave 2017-11-17 15:17:26 
TT 620 186.8  51.5 184.5  71.0 4.55E-05 004.5 142.8 -04.9 0.239058 0.259091 0.075449 hargrave 2017-11-19 14:35:18 
TT 630 185.9  48.5 183.2  67.9 4.54E-05 001.3 139.6 -05.0 0.052168 0.071712 0.072300 hargrave 2017-11-21 13:49:04 
TT 640 185.9  50.2 183.0  69.6 4.48E-05 001.3 141.3 -04.6 0.031275 0.071471 0.084191 hargrave 2017-11-27 13:06:23 
TT 645 185.7  48.5 183.0  67.9 4.47E-05 001.3 139.7 -04.9 0.034659 0.068075 0.086932 hargrave 2017-11-28 12:01:15 
TT 650 186.1  49.3 183.6  68.7 4.49E-05 001.7 140.5 -05.0 0.084738 0.100857 0.052434 hargrave 2017-12-08 17:44:31 
TT 655 185.0  46.8 181.9  66.2 4.53E-05 000.7 137.9 -04.8 0.043779 0.033975 0.033098 hargrave 2017-12-11 18:26:32 
TT 660 184.5  43.2 181.6  62.6 4.43E-05 004.4 134.3 -05.2 0.227207 0.255056 0.039063 hargrave 2017-12-12 19:05:11 
TT 665 184.9  47.4 181.7  66.8 4.33E-05 001.2 138.4 -04.6 0.049175 0.049811 0.071338 hargrave 2018-01-08 17:41:38 
TT 670 184.2  47.5 180.5  66.9 4.26E-05 001.1 138.5 -04.1 0.051269 0.043416 0.064318 hargrave 2018-01-11 09:46:11 
TT 672 183.6  46.0 179.8  65.4 4.21E-05 001.4 136.9 -04.1 0.049213 0.072215 0.072055 hargrave 2018-01-12 09:42:03 
TT 674 183.2  45.6 179.1  64.9 4.18E-05 001.5 136.4 -03.8 0.040060 0.087875 0.073933 hargrave 2018-01-16 16:50:45 
TT 676 184.3  47.0 180.8  66.4 4.11E-05 001.2 138.0 -04.3 0.054325 0.041209 0.068987 hargrave 2018-01-17 16:49:14 
TT 678 183.0  45.8 178.8  65.1 3.96E-05 001.5 136.6 -03.7 0.075743 0.074280 0.068659 hargrave 2018-01-24 13:43:51 
TT 680 183.2  46.5 179.0  65.8 3.83E-05 003.0 137.3 -03.7 0.144219 0.126241 0.074702 hargrave 2018-01-27 10:24:24 
TT 682 185.4  46.7 182.7  66.1 3.53E-05 001.9 137.8 -05.1 0.074538 0.076334 0.077099 hargrave 2018-01-31 18:02:44 
TT 684 186.6  48.2 184.5  67.6 2.58E-05 002.7 139.5 -05.5 0.075880 0.064740 0.076147 hargrave 2018-02-05 20:34:40 
TT 686 184.1  50.5 179.7  69.8 1.44E-05 002.9 141.3 -03.5 0.037500 0.042732 0.052186 hargrave 2018-02-12 11:24:56 
TT 688 181.2  53.0 173.2  72.2 9.03E-06 002.1 143.5 -01.2 0.012833 0.022545 0.024145 hargrave 2018-02-26 11:44:17 
TT 690 172.8  54.6 156.0  72.5 3.78E-06 006.6 144.5  03.9 0.013501 0.033133 0.028824 hargrave 2018-02-28 12:26:57 
