TR035 -BBa mag compass orientation (IGRF corrected)
   6.58 201.3  90.0 279.3  19.5   1.0
NRM    018.0  61.2 014.9  41.8 3.06E-05 003.8 208.8 -01.6 0.097281 0.172044 0.063073 hargrave 2017-10-13 20:10:11 
TT 100 018.5  60.9 015.3  41.5 2.94E-05 002.7 209.1 -01.3 0.070586 0.117509 0.055459 hargrave 2017-10-15 20:10:37 
TT 200 018.4  60.5 015.3  41.1 2.88E-05 002.5 209.5 -01.4 0.062638 0.100284 0.052983 hargrave 2017-10-16 14:16:54 
TT 300 018.6  59.7 015.4  40.3 2.78E-05 003.7 210.3 -01.4 0.091483 0.153749 0.049720 hargrave 2017-10-17 11:06:31 
TT 350 019.3  61.0 015.8  41.7 2.74E-05 001.2 209.0 -01.0 0.033390 0.042828 0.045694 hargrave 2017-10-18 09:13:17 
TT 400 020.6  61.4 016.6  42.2 2.65E-05 001.4 208.6 -00.3 0.031093 0.055998 0.037623 hargrave 2017-10-20 16:50:57 
TT 450 022.5  60.6 017.9  41.5 2.54E-05 002.7 209.4  00.6 0.055258 0.097719 0.054130 hargrave 2017-10-23 11:28:31 
TT 475 022.4  62.9 017.5  43.7 2.50E-05 001.9 207.1  00.5 0.040309 0.074251 0.030647 hargrave 2017-10-24 08:53:48 
TT 500 022.8  62.3 017.8  43.2 2.45E-05 001.6 207.7  00.7 0.034165 0.057694 0.032895 hargrave 2017-10-25 08:32:53 
TT 525 023.3  61.3 018.3  42.2 2.38E-05 002.0 208.6  01.0 0.041791 0.073485 0.030110 hargrave 2017-10-26 19:00:11 
TT 550 024.0  61.1 018.8  42.0 2.32E-05 002.2 208.9  01.3 0.043245 0.076334 0.028577 hargrave 2017-10-27 16:55:30 
TT 555 025.2  61.6 019.5  42.6 2.28E-05 003.1 208.4  01.9 0.075432 0.105359 0.042275 hargrave 2017-10-28 19:25:33 
TT 560 024.8  63.2 019.0  44.1 2.20E-05 002.5 206.8  01.6 0.042433 0.071247 0.055423 hargrave 2017-11-03 15:04:46 
TT 565 024.6  63.5 018.8  44.4 2.17E-05 005.2 206.5  01.5 0.087816 0.169226 0.057402 hargrave 2017-11-05 13:57:44 
TT 570 025.0  63.2 019.1  44.1 2.16E-05 002.7 206.8  01.7 0.047969 0.077855 0.052228 hargrave 2017-11-09 11:31:03 
TT 575 026.1  64.0 019.6  45.0 2.14E-05 002.1 205.9  02.1 0.040974 0.054065 0.053562 hargrave 2017-11-09 20:21:46 
TT 580 024.9  62.5 019.1  43.5 2.11E-05 002.1 207.4  01.7 0.033220 0.043440 0.060353 hargrave 2017-11-14 16:08:13 
TT 600 027.7  64.2 020.6  45.3 2.08E-05 004.2 205.7  02.8 0.071683 0.135510 0.027303 hargrave 2017-11-17 15:21:04 
TT 620 026.1  62.5 019.9  43.5 1.94E-05 006.8 207.4  02.2 0.121274 0.195295 0.037125 hargrave 2017-11-19 14:38:58 
TT 630 029.2  65.4 021.2  46.6 1.83E-05 002.4 204.4  03.3 0.051596 0.061102 0.036754 hargrave 2017-11-21 13:51:52 
TT 640 031.8  66.4 022.5  47.8 1.75E-05 002.8 203.2  04.2 0.049851 0.083816 0.029353 hargrave 2017-11-27 13:09:16 
TT 645 035.9  69.3 023.8  51.0 1.74E-05 003.3 200.1  05.1 0.063535 0.081584 0.040041 hargrave 2017-11-28 12:04:12 
TT 650 031.2  61.5 023.3  42.8 1.79E-05 003.9 208.2  04.7 0.085615 0.064751 0.079813 hargrave 2017-12-08 17:47:17 
TT 655 044.5  75.1 025.2  57.2 1.79E-05 002.7 193.8  05.8 0.344352 0.043423 0.064242 hargrave 2017-12-11 18:30:07 
TT 660 026.8  61.7 020.5  42.7 1.69E-05 003.0 208.2  02.6 0.055202 0.038795 0.077554 hargrave 2017-12-12 19:07:57 
TT 665 036.4  56.0 028.1  38.0 1.41E-05 003.1 213.1  08.4 0.031047 0.050313 0.062138 hargrave 2018-01-08 17:44:27 
TT 670 028.5  63.8 021.2  44.9 1.70E-05 004.0 206.1  03.2 0.065777 0.063440 0.098170 hargrave 2018-01-11 09:49:00 
TT 672 046.4  68.7 029.9  51.4 1.57E-05 004.7 199.5  08.9 0.094065 0.074687 0.099508 hargrave 2018-01-12 09:44:52 
TT 674 072.3  79.8 030.6  64.3 1.45E-05 004.5 186.5  07.9 0.039936 0.045598 0.108367 hargrave 2018-01-16 16:53:34 
TT 676 144.1  68.9 083.4  74.6 1.22E-05 006.9 168.2  17.6 0.050562 0.105958 0.115555 hargrave 2018-01-17 16:52:04 
TT 678 023.6  43.2 020.7  24.2 1.70E-05 007.3 226.8  01.7 0.117282 0.132900 0.131524 hargrave 2018-01-24 13:46:09 
TT 678 024.9  46.7 021.4  27.7 1.68E-05 006.2 223.3  02.5 0.062924 0.071854 0.163746 hargrave 2018-01-24 15:40:09 
TT 680 182.6  61.5 169.2  80.6 9.16E-06 008.0 152.8  08.8 0.067231 0.075019 0.125013 hargrave 2018-01-27 10:27:14 
TT 682 031.5  33.1 028.4  14.8 1.55E-05 005.0 236.5  08.5 0.035943 0.067319 0.129205 hargrave 2018-01-31 18:06:25 
TT 684 035.2  34.4 031.4  16.6 1.02E-05 009.7 234.8  11.4 0.072163 0.089604 0.143383 hargrave 2018-02-05 20:38:22 
TT 684 036.7  29.2 033.5  11.6 9.83E-06 010.9 239.9  13.4 0.063678 0.110631 0.152414 hargrave 2018-02-06 12:51:33 
TT 684 036.8  29.1 033.6  11.5 9.70E-06 010.9 240.0  13.5 0.066886 0.099932 0.152099 hargrave 2018-02-06 16:03:59 
TT 686 020.5  28.3 019.3  09.1 1.46E-05 006.2 241.7 -00.7 0.032332 0.080856 0.148306 hargrave 2018-02-12 11:27:47 
TT 688 173.2  20.0 169.8  38.6 4.79E-06 016.7 112.4  26.2 0.044068 0.080617 0.159034 hargrave 2018-02-26 11:46:30 
TT 688 177.1  12.9 175.3  31.9 5.29E-06 029.5 104.1  23.5 0.079621 0.157626 0.303092 hargrave 2018-02-26 14:33:21 
TT 690 036.7  52.4 029.2  34.5 9.20E-06 023.8 216.6  09.3 0.065682 0.226858 0.341808 hargrave 2018-02-28 12:29:46 
TT 690 031.5  52.8 025.3  34.4 8.54E-06 023.3 216.7  06.1 0.071346 0.221093 0.307705 hargrave 2018-02-28 16:49:03 
