TR035 -Va mag compass orientation (IGRF corrected)
   5.38 257.3  87.0 279.3  19.5   1.0
NRM    030.6  51.6 024.9  33.0 2.17E-05 002.3 207.9 -24.2 0.018605 0.055265 0.070394 hargrave 2017-10-13 19:57:26 
TT 100 033.1  52.5 026.6  34.2 2.07E-05 003.1 208.2 -22.5 0.035342 0.093915 0.071985 hargrave 2017-10-15 20:01:31 
TT 200 032.0  53.6 025.6  35.2 2.01E-05 002.6 206.8 -22.3 0.038309 0.068381 0.071863 hargrave 2017-10-16 14:05:35 
TT 300 033.7  53.7 026.7  35.4 1.94E-05 002.6 207.4 -21.5 0.018775 0.064163 0.066097 hargrave 2017-10-17 10:55:12 
TT 350 032.8  55.1 025.8  36.7 1.91E-05 002.8 205.9 -20.9 0.029085 0.074357 0.062481 hargrave 2017-10-18 09:02:04 
TT 400 037.6  54.5 029.3  36.6 1.86E-05 002.9 208.2 -19.1 0.045904 0.061033 0.062670 hargrave 2017-10-20 16:41:08 
TT 450 040.0  54.4 031.1  36.9 1.79E-05 004.3 209.1 -18.0 0.069659 0.096544 0.069370 hargrave 2017-10-23 11:17:25 
TT 475 041.3  53.7 032.2  36.3 1.76E-05 003.8 210.2 -17.8 0.073873 0.078762 0.053259 hargrave 2017-10-24 08:42:35 
TT 500 040.8  55.5 031.4  38.0 1.72E-05 002.7 208.5 -17.1 0.034482 0.058369 0.054455 hargrave 2017-10-25 08:22:18 
TT 525 041.9  55.6 032.1  38.2 1.68E-05 001.8 208.7 -16.5 0.037227 0.039137 0.029109 hargrave 2017-10-26 18:50:26 
TT 550 042.9  55.7 032.8  38.5 1.64E-05 003.3 208.9 -15.9 0.045855 0.086365 0.028190 hargrave 2017-10-27 16:45:44 
TT 555 043.9  55.4 033.6  38.3 1.57E-05 002.0 209.5 -15.6 0.036236 0.050398 0.029428 hargrave 2017-10-28 19:17:16 
TT 560 044.2  56.3 033.5  39.2 1.54E-05 003.1 208.7 -15.0 0.038893 0.066931 0.043197 hargrave 2017-11-03 14:54:27 
TT 565 043.3  57.2 032.6  40.0 1.53E-05 004.2 207.7 -15.0 0.055079 0.093362 0.044564 hargrave 2017-11-05 13:47:23 
TT 570 045.7  55.2 034.9  38.4 1.52E-05 003.2 210.2 -14.8 0.039724 0.067900 0.045626 hargrave 2017-11-09 11:20:34 
TT 575 045.5  56.5 034.3  39.6 1.50E-05 002.8 209.0 -14.3 0.033635 0.061636 0.038101 hargrave 2017-11-09 20:12:05 
TT 580 046.0  56.0 034.8  39.2 1.47E-05 003.1 209.5 -14.3 0.038952 0.056738 0.047908 hargrave 2017-11-14 15:57:42 
TT 600 049.4  54.9 037.6  38.7 1.46E-05 001.8 211.4 -13.0 0.022002 0.035106 0.032503 hargrave 2017-11-17 15:09:53 
TT 620 041.0  51.0 032.7  33.6 9.72E-06 002.4 212.5 -19.4 0.026790 0.027258 0.030701 hargrave 2017-11-19 14:27:45 
TT 630 048.3  46.5 039.4  30.4 1.04E-05 013.3 219.0 -17.2 0.079461 0.025776 0.231991 hargrave 2017-11-21 13:41:34 
TT 630 042.1  46.0 034.8  28.8 8.75E-06 006.9 217.6 -21.3 0.083285 0.016594 0.076788 hargrave 2017-11-21 15:17:49 
TT 640 052.9  39.5 045.1  24.4 7.91E-06 004.5 227.2 -16.6 0.036187 0.018904 0.051421 hargrave 2017-11-27 12:58:50 
TT 645 056.3  44.3 046.4  29.7 1.21E-05 003.9 223.3 -12.7 0.017387 0.043268 0.072281 hargrave 2017-11-28 11:53:38 
TT 650 062.4  38.8 053.1  25.7 9.07E-06 005.6 229.8 -09.6 0.026411 0.042257 0.081989 hargrave 2017-12-08 17:37:15 
TT 655 061.6  31.8 054.6  18.8 1.32E-05 005.0 236.7 -11.7 0.065782 0.028887 0.099028 hargrave 2017-12-11 18:19:18 
TT 660 079.8  24.5 072.9  16.8 5.88E-06 010.4 245.6  03.5 0.041447 0.048117 0.108185 hargrave 2017-12-12 18:57:57 
TT 660 091.7  15.9 086.8  12.4 4.35E-06 020.0 254.4  14.6 0.029978 0.030624 0.160013 hargrave 2017-12-13 10:21:06 
TT 660 090.6  17.3 085.3  13.4 4.57E-06 019.5 253.0  13.6 0.029520 0.031276 0.164400 hargrave 2017-12-13 10:39:01 
TT 665 064.0  37.8 054.8  25.1 1.39E-05 005.7 231.1 -08.6 0.056105 0.070488 0.116597 hargrave 2018-01-08 17:34:01 
TT 670 107.4 -07.1 109.3 -04.0 4.24E-06 015.5 279.9  29.4 0.047524 0.032247 0.111899 hargrave 2018-01-11 09:37:10 
TT 670 095.3 -13.9 100.3 -14.5 1.99E-06 060.5 285.5  16.7 0.055015 0.196951 0.063154 hargrave 2018-01-11 11:23:00 
TT 670 114.5 -13.2 117.9 -07.4 4.53E-06 020.1 288.4  35.2 0.049890 0.045503 0.179569 hargrave 2018-01-11 11:36:18 
TT 672 065.4  35.2 056.7  23.0 1.59E-05 004.3 233.8 -08.0 0.044023 0.055312 0.109025 hargrave 2018-01-12 09:34:31 
TT 674 097.1 -02.5 098.1 -03.1 9.91E-06 008.8 273.7  19.6 0.034016 0.041468 0.153533 hargrave 2018-01-16 16:43:20 
TT 674 100.5 -03.7 101.7 -03.1 9.84E-06 011.1 275.3  22.9 0.045054 0.057217 0.189367 hargrave 2018-01-16 18:34:11 
TT 674 100.0 -05.3 101.7 -04.7 9.76E-06 011.9 277.0  22.3 0.046706 0.056731 0.203829 hargrave 2018-01-16 18:51:40 
TT 676 059.9  39.1 051.0  25.4 1.27E-05 007.0 229.1 -11.4 0.048704 0.051033 0.159451 hargrave 2018-01-17 16:40:07 
TT 678 124.2 -32.8 133.3 -23.1 6.97E-06 011.5 314.9  35.7 0.017164 0.054882 0.146826 hargrave 2018-01-24 13:37:50 
TT 678 131.5 -36.7 140.9 -24.9 7.36E-06 013.9 323.4  38.2 0.056976 0.077893 0.199972 hargrave 2018-01-24 15:38:39 
TT 678 133.2 -38.1 142.8 -25.8 7.43E-06 013.4 325.8  38.2 0.044291 0.068070 0.202178 hargrave 2018-01-24 17:57:36 
TT 680 059.8  18.2 056.7  05.4 1.14E-05 009.7 250.1 -15.6 0.116220 0.109251 0.153652 hargrave 2018-01-27 10:16:57 
TT 680 062.5  16.0 059.8  03.9 1.14E-05 009.6 252.7 -13.3 0.057404 0.095476 0.196883 hargrave 2018-01-27 12:28:38 
TT 680 062.3  16.1 059.6  03.9 1.14E-05 008.4 252.7 -13.5 0.046864 0.080551 0.179857 hargrave 2018-01-27 13:28:17 
TT 682 165.5 -55.4 172.6 -37.1 7.37E-06 013.3 358.8  31.5 0.026467 0.078301 0.186655 hargrave 2018-01-31 17:55:21 
TT 682 163.2 -56.4 171.3 -38.3 7.34E-06 013.4 357.4  30.5 0.040905 0.081526 0.188949 hargrave 2018-02-02 11:43:31 
TT 682 164.3 -56.4 172.0 -38.2 7.46E-06 012.7 358.1  30.5 0.047406 0.071980 0.190333 hargrave 2018-02-02 13:20:02 
TT 684 074.2 -02.0 076.1 -10.0 8.63E-06 012.4 271.8 -03.2 0.042401 0.108344 0.186039 hargrave 2018-02-05 20:25:43 
TT 684 076.8 -08.5 080.7 -15.5 9.33E-06 012.1 278.5 -01.0 0.039004 0.088724 0.191959 hargrave 2018-02-06 12:47:04 
TT 684 076.7 -07.1 080.1 -14.1 9.21E-06 012.5 277.0 -01.0 0.036098 0.081936 0.197921 hargrave 2018-02-06 15:59:30 
TT 686 170.4 -62.0 177.3 -43.2 8.50E-06 008.7 001.6  25.0 0.041247 0.081108 0.123478 hargrave 2018-02-12 11:17:34 
TT 686 179.0 -61.7 182.7 -42.4 8.65E-06 009.2 006.1  24.7 0.042063 0.083429 0.140444 hargrave 2018-02-12 15:32:13 
TT 686 180.8 -60.4 183.7 -41.1 8.84E-06 008.2 007.3  25.7 0.046035 0.065968 0.136764 hargrave 2018-02-12 17:58:24 
TT 686 177.2 -60.9 181.5 -41.7 9.10E-06 009.5 005.3  25.6 0.047210 0.093730 0.153908 hargrave 2018-02-13 08:21:57 
TT 688 069.6 -10.5 074.3 -19.6 1.07E-05 009.1 280.2 -08.1 0.056482 0.067071 0.164829 hargrave 2018-02-26 11:38:17 
TT 688 070.5 -10.6 075.2 -19.3 1.04E-05 017.7 280.3 -07.2 0.090664 0.175563 0.319637 hargrave 2018-02-26 14:27:00 
TT 690 119.2 -51.7 137.6 -42.0 8.70E-06 021.2 330.2  21.8 0.066650 0.123202 0.325507 hargrave 2018-02-28 12:19:35 
TT 690 121.0 -57.0 142.1 -46.3 8.22E-06 021.1 335.3  19.4 0.056374 0.131443 0.296780 hargrave 2018-02-28 16:40:08 
